2,1,3,924.615,1040,49.9399,145.781
2,2,0,1212.28,1269.25,131.142,258.57
2,3,3,1008.94,1091.06,27.0072,99.0505
2,4,0,1285.79,1314.21,30.1082,107.921
2,5,2,953.33,1128.15,661.044,1069.76
2,6,2,1984.76,2122.93,327.476,526.947
3,1,3,924.327,1040.29,50.4808,145.673
3,2,0,1217.79,1276.06,129.736,254.784
3,3,3,1008.85,1091.15,27.6022,98.744
3,4,0,1286.83,1314.71,28.4856,108.534
3,5,2,956.971,1127.83,661.37,1069.99
3,6,2,1984.76,2122.93,327.476,526.947
4,1,3,924.567,1040.05,50.4447,145.709
4,2,0,1224.57,1281.59,126.274,251.899
4,3,3,1009.25,1090.75,27.8005,98.6899
4,4,0,1287.6,1315.48,24.9159,104.171
4,5,2,958.807,1119.2,655.918,1066.68
5,1,3,924.327,1038.75,51.6346,143.077
5,2,0,1233.77,1286.23,125.084,248.185
5,3,3,1009.3,1092.24,27.9087,98.726
5,4,0,1289.09,1317.07,25.5649,101.647
5,5,2,959.324,1115.01,660.4,1075.15
6,1,3,924.375,1038.7,51.7428,143.401
6,2,0,1236.9,1289.25,116.791,236.863
6,3,3,1009.62,1091.92,27.3317,99.3029
6,4,0,1289.09,1317.07,25.5649,101.647
6,5,2,963.237,1120.68,665.387,1074.25
7,1,3,924.519,1038.56,51.7067,143.293
7,2,0,1239.74,1291.03,114.808,234.519
7,3,3,1010.17,1091.37,26.5565,99.7176
7,4,0,1290.42,1318.81,19.5793,95.8053
7,5,2,961.566,1123.41,662.679,1077.58
7,7,0,908.511,1249.88,1502.08,1917.9
8,1,3,924.423,1040.19,50.4447,145.709
8,2,0,1244.52,1300.1,110.264,228.966
8,3,3,1010.1,1092.98,26.8089,99.2488
8,4,0,1291.96,1320.35,19.363,91.9832
8,5,2,962.885,1125.56,663.278,1071.1
8,7,0,942.146,1282.45,1406.18,1916.94
9,1,3,924.375,1040.24,50.1923,145.962
9,2,0,1247.21,1303.56,109.543,226.803
9,3,3,1009.62,1093.46,27.6923,99.0865
9,4,0,1295.04,1321.89,19.2007,88.4676
9,5,2,967.632,1128.92,660.715,1075.72
9,7,0,961.247,1287,1351.39,1914.82
10,1,3,924.327,1040.29,49.8678,145.853
10,2,0,1251.3,1304.09,107.452,220.817
10,3,3,1010.26,1094.35,26.5926,99.8978
10,4,0,1296.25,1323.75,20.012,86.9351
10,5,2,970.655,1133.05,661.252,1074.94
10,7,0,984.015,1285.21,1290.04,1920
11,1,3,924.519,1040.1,50.2284,145.781
11,2,0,1258.58,1307.57,104.784,215.986
11,3,3,1009.95,1094.66,27.8546,98.7801
11,4,0,1297.09,1322.91,18.8762,85.3305
11,5,2,972.759,1143.66,656.996,1070.03
11,7,0,1001.09,1293.88,1238.93,1915.09
12,1,3,924.423,1040.19,50.2644,145.889
12,2,0,1260.77,1308.46,102.44,210.541
12,3,3,1009.47,1093.61,27.7644,99.0865
12,4,0,1298.7,1324.37,19.381,82.9507
12,5,2,974.22,1146.46,655.248,1070.76
12,7,0,1010.61,1299.42,1195.36,1877.23
13,1,3,924.615,1040,50.5529,145.889
13,2,0,1263.15,1310.7,102.656,206.286
13,3,3,1010.05,1093.03,27.9988,98.8522
13,4,0,1300.39,1324.22,18.119,82.9868
13,5,2,984.53,1150.09,650.252,1053.07
13,7,0,1013.81,1306.95,1162.8,1818.95
14,1,3,923.99,1040.62,49.6154,145.962
14,2,0,1267.81,1315.26,98.0409,204.267
14,3,3,1008.08,1095,26.6466,97.8245
14,4,0,1300.39,1324.22,18.119,82.9868
14,5,2,989.328,1151.65,647.526,1034.47
14,7,0,1032.28,1307.93,1115.38,1766.43
15,1,3,924.183,1040.43,49.399,146.178
15,2,0,1271.13,1321.18,90.0721,201.274
15,3,3,1008.75,1095.87,26.8089,98.0949
15,4,0,1297.21,1322.79,5.60697,73.5757
15,5,2,995.776,1150.02,642.615,1039.48
15,7,0,1037.61,1310.72,1091.85,1684.56
16,1,3,924.183,1040.43,49.6875,145.889
16,2,0,1278.41,1324.66,90,196.587
16,3,3,1008,1093.53,26.899,97.9327
16,4,0,1297.21,1322.79,5.60697,73.5757
16,5,2,999.41,1149.13,636.479,1020.43
16,7,0,1070.45,1307.56,1066.87,1643.18
17,1,3,924.183,1040.43,49.5433,145.889
17,2,0,1283.87,1326.9,87.3678,193.594
17,3,3,1008.58,1092.96,27.0974,97.6623
17,4,0,1300.2,1324.41,0.450722,69.1046
17,5,2,1008.94,1166.23,628.058,1008.49
17,7,0,1056.9,1314.96,1041.42,1563.98
18,1,3,924.808,1038.27,51.1298,143.438
18,2,0,1287.16,1331.3,82.2476,188.906
18,3,3,1006.73,1094.81,26.3041,98.1671
18,4,0,1297.2,1321.26,0,62.9026
18,5,2,1013.14,1166.29,618.126,986.313
18,7,0,1054.64,1321.02,1028.04,1524.49
18,8,0,1459.29,1787.35,1394.97,1916.32
18,9,0,1018.33,1359.88,1394.71,1918.99
19,1,3,924.375,1040.24,49.4351,145.998
19,2,0,1290.4,1335.76,81.274,184.688
19,3,3,1007.86,1093.68,26.9712,98.2933
19,4,0,1298.47,1323.06,0,67.2476
19,5,2,1021.5,1162.21,608.397,987.669
19,7,0,1064.85,1316.74,1017.76,1470.78
19,8,0,1457.95,1769.77,1354.04,1914.04
19,9,0,1018.15,1369.55,1348.61,1916.11
20,1,3,924.519,1040.1,49.1827,146.106
20,2,0,1294.13,1336.63,80.6611,180.541
20,3,3,1009.81,1093.27,25.9255,97.8245
20,4,0,1299,1324.07,0,64.0745
20,5,2,1029.84,1167.67,595.288,967.656
20,7,0,1067.14,1325.51,1005.43,1451.21
20,8,0,1455.18,1755.86,1291.89,1915.82
20,9,0,1039.74,1374.43,1305.65,1920
21,1,3,925.192,1037.88,50.7692,143.365
21,2,0,1297.38,1339.54,75.613,176.935
21,3,3,1009.95,1094.66,24.8978,97.4099
21,4,0,1298.26,1323.28,0,63.2993
21,5,2,1038.36,1170.39,585.096,957.236
21,7,0,1072.06,1331.51,990.882,1434.65
21,8,0,1456.73,1747.02,1252.3,1917.07
21,9,0,1057.13,1390.76,1270.39,1920
22,1,3,925.337,1037.74,50.7332,143.401
22,2,0,1303.29,1345.94,71.7188,173.329
22,3,3,1011.06,1095.1,24.4471,96.9952
22,4,0,1302.19,1327.04,0,63.6959
22,5,2,1043.4,1173.7,578.682,938.274
22,7,0,1076.85,1329.12,981.749,1427.74
22,8,0,1460.28,1740.27,1219.88,1910.98
22,9,0,1061.51,1406.57,1238.8,1920
22,10,0,1157.06,1186.02,5.3726,81.1659
23,1,3,925.192,1037.88,50.9495,143.474
23,2,0,1305.77,1349.62,69.6635,168.173
23,3,3,1010.91,1095.24,25.601,96.7067
23,4,0,1304.77,1327.54,0.576923,59.4231
23,5,2,1048.63,1173.94,566.095,919.119
23,7,0,1078.19,1333.8,974.262,1423.64
23,8,0,1466.14,1736.72,1188.96,1857.81
23,9,0,1093.77,1416.82,1215.36,1906.53
23,10,0,1157.06,1186.02,5.3726,81.1659
24,1,3,924.519,1040.1,49.1827,146.25
24,2,0,1309,1354.07,68.6899,163.233
24,3,3,1010.82,1093.8,25.637,97.0312
24,4,0,1304.77,1327.54,0.576923,59.4231
24,5,2,1046.79,1177.4,551.999,899.741
24,7,0,1079.09,1337.02,968.173,1430.12
24,8,0,1466.73,1732.73,1164.27,1830.02
24,9,0,1112.34,1420,1198.36,1884.91
24,10,0,1157.63,1185.44,10.619,84.0685
25,1,3,924.471,1040.14,49.4712,146.106
25,2,0,1312.12,1355.58,67.4279,160.889
25,3,3,1011.97,1092.64,26.0337,97.1394
25,5,2,1046.68,1175.84,542.958,880.124
25,7,0,1086.15,1333.49,964.738,1434.54
25,8,0,1458.83,1731.8,1151.04,1777.52
25,9,0,1123.23,1416.94,1186.78,1857.34
25,10,0,1156.51,1185.02,11.7188,86.3582
26,1,3,924.375,1040.24,49.4351,146.142
26,2,0,1318.89,1359.57,60.1082,156.238
26,3,3,1010.46,1095.7,25.6731,97.5
26,5,2,1047.83,1172.04,526.912,858.062
26,7,0,1087.4,1338.75,958.553,1446.23
26,8,0,1457.02,1732.67,1123.91,1754.35
26,9,0,1144.19,1430.83,1172.39,1837
26,10,0,1156.51,1185.02,11.7188,86.3582
27,1,3,924.375,1040.24,49.6154,146.106
27,2,0,1320.32,1361.21,62.9928,153.065
27,3,3,1009.86,1097.84,26.3582,97.8245
27,5,2,1049.7,1167.07,519.325,836.741
27,7,0,1088.61,1336.85,954.902,1463.87
27,8,0,1455.47,1733.28,1105.04,1743.45
27,9,0,1150.33,1437.73,1164.47,1819.5
28,1,3,924.615,1040,49.5433,146.034
28,2,0,1327.52,1366.32,61.9111,152.993
28,3,3,1011.68,1096.01,27.2596,97.2115
28,5,2,1047.58,1169.81,508.502,828.838
28,7,0,1093.35,1341.9,952.189,1470.56
28,8,0,1456.78,1725.26,1095.83,1726.69
28,9,0,1157.81,1444.72,1156.18,1786.12
28,10,0,1156.18,1183.82,15.5409,94.0745
29,1,3,924.856,1039.76,49.1827,145.962
29,2,0,1333.49,1369.59,58.9904,147.692
29,3,3,1012.33,1093.82,27.5481,97.7885
29,5,2,1048.83,1168.16,488.457,807.077
29,7,0,1090.51,1337.24,950.067,1490.67
29,8,0,1457.27,1720.04,1074.71,1695.3
29,9,0,1163.49,1438.47,1149.27,1793.43
29,10,0,1156.18,1183.82,15.5409,94.0745
30,1,3,924.567,1040.05,49.399,145.889
30,2,0,1335.66,1370.49,59.7476,145.349
30,3,3,1011.95,1095.75,26.5925,97.5901
30,5,2,1045.91,1174.19,477.828,784.991
30,7,0,1089.49,1336.29,954.172,1493.32
30,8,0,1465.23,1717.94,1059.33,1694.63
30,9,0,1163.87,1440.06,1145.56,1795.42
31,1,3,924.375,1040.24,49.5072,145.781
31,2,0,1335.35,1372.34,57.2957,140.877
31,3,3,1011.39,1096.3,27.2055,97.5541
31,5,2,1054.71,1168.37,468.317,759.375
31,7,0,1086.94,1335.16,956.956,1486.97
31,8,0,1466.35,1716.6,1049.58,1691.62
31,9,0,1163.91,1434.88,1145.37,1820.78
32,1,3,924.567,1040.05,49.9399,145.925
32,2,0,1340.9,1374.48,55.3846,137.596
32,3,3,1012.5,1096.73,27.3317,97.0673
32,5,2,1058.99,1165.62,453.317,744.375
32,7,0,1083.66,1336.91,959.818,1465.19
32,8,0,1467.57,1715.75,1046.53,1690.3
32,9,0,1154.74,1438.86,1155.04,1820.95
33,1,3,924.375,1040.24,49.5072,145.781
33,2,0,1340.96,1375.96,51.2019,133.702
33,3,3,1012.26,1095.43,26.1238,97.6262
33,5,2,1059.28,1171.49,443.798,728.51
33,7,0,1086.09,1333.01,964.132,1475.59
33,8,0,1469.35,1716.44,1045.58,1693.77
33,9,0,1150.15,1435.81,1167.25,1815.12
33,10,0,1149.57,1179.66,19.1466,100.998
34,1,3,924.279,1040.34,49.2909,145.853
34,2,0,1343.15,1378.39,47.1274,132.007
34,3,3,1010.72,1092.36,26.3942,97.7163
34,5,2,1065.1,1171.83,431.178,719.207
34,7,0,1084.9,1330.46,964.285,1473.25
34,8,0,1469.06,1721.76,1046.4,1687.74
34,9,0,1152.88,1431.71,1169.35,1820.56
34,10,0,1147.51,1178.64,23.726,101.899
35,1,3,924.135,1040.48,49.3269,145.817
35,2,0,1344.19,1380.42,46.6226,129.627
35,3,3,1010.46,1091.08,26.1418,97.1755
35,5,2,1072.16,1178.61,414.014,685.024
35,7,0,1083.77,1329.01,963.403,1467.42
35,8,0,1473.06,1728.87,1049.71,1688.01
35,9,0,1149.5,1427.17,1178.03,1821.02
35,10,0,1147.51,1178.64,23.726,101.899
36,1,3,924.231,1040.38,49.7236,145.709
36,2,0,1347.52,1383.25,45.7212,127.644
36,3,3,1010.62,1090.91,26.1238,97.9147
36,5,2,1077.79,1179.13,405.216,675.361
36,7,0,1083.8,1330.15,962.966,1461.84
36,8,0,1469.06,1730.04,1056.74,1693.17
36,9,0,1149.03,1427.52,1178.66,1820.87
36,10,0,1144.33,1174.13,27.1875,104.351
37,1,3,924.615,1040,49.2909,145.998
37,2,0,1351.78,1385.14,43.5216,126.094
37,3,3,1011.73,1089.81,24.988,98.9784
37,5,2,1087.55,1192.45,400.529,662.74
37,7,0,1086.84,1328.71,963.645,1459.37
37,8,0,1468.27,1730.91,1059.58,1697.56
37,9,0,1147.94,1428.2,1178.2,1823.86
37,10,0,1144.33,1174.13,27.1875,104.351
38,1,3,924.663,1039.95,49.0745,146.214
38,2,0,1354.66,1386.88,38.2933,122.091
38,3,3,1011.49,1088.51,25.5289,98.0769
38,5,2,1096.75,1192.48,385.817,635.336
38,7,0,1087.38,1334.09,962.58,1467.09
38,8,0,1461.76,1727.37,1068.78,1697.45
38,9,0,1147.88,1428.55,1180.87,1822.36
39,1,3,924.519,1040.1,49.0024,146.43
39,2,0,1355.77,1388.85,37.8606,119.784
39,3,3,1011.49,1090.05,26.25,97.2115
39,5,2,1103.92,1200.7,373.918,623.582
39,7,0,1087.38,1338.1,959.645,1469.11
39,8,0,1459.14,1723.71,1074.89,1697.11
39,9,0,1148.03,1431.46,1180.78,1822.2
39,10,2,1139.89,1164.72,39.9159,116.43
40,1,3,924.279,1040.34,49.363,146.07
40,2,0,1355.77,1388.85,37.8606,119.784
40,3,3,1010.67,1092.4,27.1334,96.7608
40,5,2,1113.34,1211.27,363.894,615.144
40,7,0,1088.67,1338.89,963.154,1481.02
40,8,0,1455.22,1722.13,1084.24,1698.76
40,9,0,1147.71,1431.98,1176.93,1822.04
40,10,2,1139.62,1163.46,39.1947,116.43
41,1,3,924.327,1040.29,49.5793,146.286
41,3,3,1011.32,1090.22,27.1334,96.9051
41,5,2,1125.31,1219.3,354.231,594.808
41,7,0,1090.25,1343.81,963.116,1467.14
41,8,0,1467.9,1709.72,1086.74,1694.26
41,9,0,1146.39,1431.9,1175.54,1820.73
41,10,0,1136.69,1163.31,40.7452,117.909
42,1,3,924.423,1040.19,49.8317,146.178
42,2,0,1362.55,1391.3,33.3173,110.048
42,3,3,1010.43,1088.03,26.7728,96.9051
42,11,0,1190.05,1213.03,13.6298,81.9952
42,5,2,1134.38,1236.39,344.351,586.226
42,7,0,1090.94,1344.57,964.267,1471.62
42,8,0,1455.18,1720.14,1085.4,1702.74
42,9,0,1144.87,1432.97,1174.86,1822.1
42,10,0,1134.86,1160.53,42.0793,120.613
43,1,3,924.087,1040.53,49.2909,145.998
43,2,0,1365.96,1395.58,30.5769,111.779
43,3,3,1010.5,1092.57,26.4483,96.2921
43,11,0,1194.75,1219.1,12.7825,79.8137
43,5,2,1149.69,1244.16,338.942,569.135
43,7,0,1090.93,1343.44,965.736,1471.11
43,8,0,1454,1722.74,1082.95,1701.57
43,9,0,1146.71,1430.69,1175.6,1821.43
43,10,0,1132.19,1160.12,42.8005,119.603
44,1,3,923.942,1039.13,50.3005,142.392
44,2,0,1368.05,1396.56,30.5048,108.389
44,3,3,1011.73,1092.88,26.5204,96.5084
44,11,0,1180.14,1206.01,20.2825,87.3137
44,5,2,1164.47,1260.14,325.817,552.836
44,7,0,1090.12,1340.83,968.769,1471.56
44,8,0,1455.99,1722.51,1082.89,1703.94
44,9,0,1145.45,1433.06,1173.11,1820.5
44,10,0,1126.35,1153.65,46.0817,130.457
45,1,3,925.096,1039.52,50.1923,142.644
45,2,0,1369.13,1397.02,28.8101,106.839
45,3,3,1013.46,1091.15,27.0613,97.9868
45,11,0,1180.14,1206.01,20.2825,87.3137
45,5,2,1179.11,1268.58,317.885,540.577
45,7,0,1089.02,1339.15,971.064,1474.1
45,8,0,1452.53,1723.25,1082.71,1705.53
45,9,0,1145.61,1433.5,1174.35,1822.07
45,10,0,1124.78,1150.6,46.3702,134.351
46,1,3,925.385,1039.23,50.4447,142.825
46,2,0,1371.15,1398.08,25.8173,101.683
46,3,3,1012.74,1090.34,27.1334,97.6262
46,11,0,1181.35,1209.42,21.5625,90.2885
46,5,2,1190.77,1281.54,308.582,527.957
46,7,0,1088.33,1337.73,969.062,1473.82
46,8,0,1453.99,1719.34,1082.61,1710.28
46,9,0,1147.36,1430.93,1172.32,1822.42
46,10,0,1119.06,1147.09,46.3341,131.791
47,1,3,925.529,1039.09,50.625,142.933
47,2,0,1371.05,1399.72,26.3582,100.565
47,3,3,1012.4,1089.13,27.8726,97.4639
47,11,0,1176.71,1210.99,21.256,91.244
47,5,2,1210.77,1298.46,296.106,509.856
47,7,0,1085.86,1340.1,969.74,1468.62
47,8,0,1451.37,1716.46,1085.16,1710.19
47,9,0,1146.79,1429.53,1175.28,1822.53
47,10,0,1111.51,1139.25,49.9399,131.791
48,1,3,924.615,1038.46,50.4808,142.644
48,2,0,1370.84,1399.93,26.5204,98.0949
48,3,3,1011.68,1089.86,28.0349,96.7248
48,11,0,1177.09,1205.99,24.3389,96.1659
48,5,2,1220.79,1311.51,295.385,506.539
48,7,0,1086.07,1339.32,966.094,1468.76
48,8,0,1452.34,1714.86,1085.1,1710.17
48,9,0,1147.06,1430.91,1178.06,1820.19
48,10,0,1109.13,1137.02,55.1322,134.243
49,1,3,925.625,1038.99,50.3726,142.031
49,2,0,1371.3,1399.47,24.1226,95.1562
49,3,3,1011.03,1085.89,27.9808,96.9952
49,11,0,1178.12,1208.03,24.2849,96.1478
49,5,2,1242.4,1323.75,285,488.654
49,7,0,1085.1,1338.85,966.959,1470.24
49,8,0,1449.78,1716.17,1086.09,1709.45
49,9,0,1146.77,1430.75,1178.72,1819.59
49,10,0,1101.97,1128.8,58.5938,138.137
50,1,3,925,1038.08,50.012,142.248
50,2,0,1371.14,1399.63,22.1755,94.6514
50,3,3,1011.06,1087.4,27.9267,97.482
50,11,0,1173.37,1203.56,22.1394,96.9952
50,5,2,1255.6,1335.17,279.808,469.038
50,7,0,1085.78,1340.77,969.156,1469.86
50,8,0,1448.52,1717,1085.64,1710.86
50,9,0,1145.21,1432.69,1178.19,1818.9
50,10,0,1095.59,1122.87,60.2524,141.959
51,1,3,923.894,1039.18,48.2452,145.889
51,2,0,1370.94,1399.83,19.8498,93.0829
51,3,3,1010.43,1086.49,26.8089,98.2392
51,11,0,1173.17,1203.75,19.976,98.5096
51,5,2,1269.69,1350.31,268.125,462.837
51,7,0,1086.04,1337.5,969.787,1468.06
51,8,0,1448.08,1716.82,1086.62,1710.59
51,9,0,1145.76,1431.7,1177.72,1819.45
51,10,0,1089.86,1117.84,59.4231,145.529
52,1,3,924.375,1040.24,48.1731,146.25
52,2,0,1371.35,1399.42,20.3185,92.0373
52,3,3,1012.48,1089.06,25.8714,99.1767
52,11,0,1173.51,1206.49,21.1298,99.7356
52,5,2,1276.25,1362.21,264.663,451.875
52,7,0,1086.51,1337.01,970.548,1469.18
52,8,0,1448.15,1718.47,1084.54,1712.64
52,9,0,1146.04,1431.14,1177.67,1819.56
52,10,0,1087.36,1114.18,57.7284,145.204
52,15,0,36.25,239.904,226.01,410.337
53,1,3,923.365,1041.25,49.1827,145.817
53,2,0,1371.35,1399.42,20.3185,92.0373
53,3,3,1013.41,1094.28,24.0144,101.538
53,11,0,1168.44,1205.41,18.9303,100.637
53,5,2,1295.5,1370.65,256.298,442.933
53,7,0,1087.04,1337.48,970.213,1468.85
53,8,0,1451.59,1717.33,1085.82,1710.21
53,9,0,1145.92,1431.79,1176.8,1819.86
53,10,0,1075.34,1104.66,58.9904,149.856
53,15,0,101.827,308.173,219.087,407.452
54,1,3,923.317,1041.3,49.399,146.034
54,3,3,1009.71,1091.83,26.25,103.125
54,11,0,1160.75,1193.1,27.2596,109.904
54,5,2,1306.18,1379.98,247.356,443.221
54,7,0,1087.33,1338.13,970.537,1470.27
54,8,0,1451.66,1718.05,1086.35,1709.94
54,9,0,1145.65,1431.44,1176.06,1819.45
54,10,0,1067.6,1100.1,65.3005,150.036
54,15,0,149.231,353.462,218.798,399.087
54,16,0,1104.53,1130.85,13.6298,86.25
55,1,3,923.221,1041.39,49.399,146.034
55,3,3,1009.01,1087.91,26.9712,100.889
55,11,0,1155.29,1186.25,29.1707,111.166
55,5,2,1309.62,1388.85,239.567,420.433
55,7,0,1087.3,1338.46,969.447,1470.89
55,8,0,1451.82,1717.56,1085.2,1710.46
55,9,0,1146.04,1430.72,1174.76,1819.71
55,10,0,1059.13,1094.71,63.8221,154.111
55,15,0,198.558,401.827,216.274,395.841
55,16,0,1102.62,1129.69,14.8197,90.1803
56,1,3,924.471,1049.38,45.3606,145.601
56,2,0,1369.23,1396.92,13.8101,87.1514
56,3,3,1009.95,1090.05,26.6466,105.325
56,11,0,1156.02,1188.59,29.6034,111.671
56,5,2,1321.3,1395.63,237.692,413.077
56,7,0,1088,1339.58,967.799,1469.49
56,8,0,1452.25,1717.6,1085.61,1710.49
56,9,0,1146.73,1429.88,1173.49,1819.94
56,10,0,1049.88,1083.97,71.4303,154.579
56,15,0,260.962,460.962,215.048,388.413
56,16,0,1101.62,1129.15,15.613,89.7476
57,1,3,925.288,1048.56,43.0168,145.349
57,2,0,1369.38,1396.78,12.8185,86.268
57,3,3,1010.14,1094.47,27.2957,107.704
57,11,0,1146.36,1175.18,38.149,114.591
57,5,2,1331.71,1403.68,228.822,402.332
57,7,0,1087.59,1339.73,968.092,1469.66
57,8,0,1452.92,1715.31,1085.7,1711.23
57,9,0,1147.28,1429.75,1173.63,1820.24
57,10,0,1043.75,1076.25,72.6923,157.356
57,15,0,309.038,507.885,209.207,388.486
57,16,0,1101.92,1128.85,16.5685,89.4411
57,18,0,1180.12,1210.65,18.101,92.524
58,1,3,924.327,1038.75,49.0024,141.671
58,2,0,1369.62,1396.54,13.9904,85.2404
58,3,3,1010.62,1087.84,27.1875,102.981
58,11,0,1144.74,1173.73,42.2596,116.538
58,5,2,1337.57,1407.04,225,397.5
58,7,0,1088.04,1340.37,968.527,1470.21
58,8,0,1452.32,1715.6,1084.9,1711.04
58,9,0,1147.08,1429.68,1173.99,1821.07
58,10,0,1030.29,1066.63,81.5985,159.267
58,15,0,357.981,550.481,206.178,379.111
58,16,0,1098.22,1124.86,18.2993,89.7296
58,18,0,1180.12,1210.65,18.101,92.524
59,1,3,922.933,1041.68,48.8221,146.178
59,2,0,1368.38,1394.7,11.25,83.2212
59,3,3,1012.84,1096.39,28.5938,99.4832
59,11,0,1141.95,1171.9,44.1166,115.98
59,5,2,1347.14,1412.86,221.899,383.87
59,7,0,1088.8,1339.21,968.824,1475.93
59,8,0,1451.68,1714.71,1084.03,1707.51
59,9,0,1145.01,1430.53,1175.11,1819.27
59,10,0,1018.63,1056.75,81.7067,164.351
59,15,0,416.731,608.654,200.986,372.764
59,16,0,1097.74,1125.34,23.7981,93.3173
59,18,0,1180.17,1209.06,26.7728,95.8233
60,1,3,923.221,1041.39,49.2548,146.466
60,2,0,1368.41,1394.66,12.6202,82.9327
60,3,3,1013.08,1090,27.8005,98.4014
60,11,0,1141.11,1171.2,45.3426,117.638
60,5,2,1347.52,1414.01,219.591,378.101
60,7,0,1089.13,1339.41,969.11,1474.98
60,8,0,1452.26,1713.75,1083.97,1707.18
60,9,0,1144.39,1431.02,1176.06,1819.83
60,10,2,1014.69,1054.54,84.6635,171.923
60,15,0,472.837,645.625,196.803,373.197
60,16,0,1098.82,1124.25,25.7452,95.1202
60,18,0,1177.13,1207.49,26.7728,97.9868
61,1,3,923.654,1039.42,47.0913,147.332
61,2,0,1368.39,1393.15,9.23077,83.3654
61,3,3,1013.22,1094.47,25.2764,99.4832
61,11,0,1136.49,1166.59,42.0793,118.305
61,5,2,1350.24,1414.38,214.471,371.683
61,7,0,1088.73,1339.6,968.234,1473.49
61,8,0,1451.9,1713.52,1084.93,1707.26
61,9,0,1145.06,1430.57,1176.48,1820.02
61,10,0,1003,1037,87.7284,173.041
61,15,0,511.635,684.519,187.284,371.178
61,16,0,1092.38,1119.93,21.7788,97.7885
61,18,0,1176.81,1206.26,24.8438,101.358
62,1,3,925.433,1034.57,49.6514,143.041
62,2,0,1368.67,1392.87,7.86057,85.3125
62,3,3,1012.4,1093.75,25.3666,98.4555
62,11,0,1132.57,1164.35,42.9087,117.764
62,5,2,1354.74,1414.5,208.197,361.226
62,7,0,1087.87,1339.95,967.503,1470.91
62,8,0,1451.73,1714.63,1085.08,1708.48
62,9,0,1145.47,1429.87,1177.81,1819.7
62,10,2,991.779,1026.68,94.9038,183.462
62,15,0,572.596,739.712,194.423,362.308
62,16,0,1094.44,1122.49,20.7692,96.9231
62,18,0,1172.32,1206.14,23.1851,103.161
63,1,3,926.731,1034.81,49.1466,141.815
63,2,0,1368.77,1392.76,8.04086,84.8438
63,3,3,1012.14,1092.48,24.9519,98.7981
63,11,0,1131.44,1162.4,45.7572,121.55
63,5,2,1356.03,1417.81,206.322,355.024
63,7,0,1087.89,1341.01,967.279,1469.33
63,8,0,1454.31,1713.64,1085.12,1708.17
63,9,0,1144.68,1430.61,1179.17,1818.67
63,10,2,981.274,1018.73,94.1106,182.812
63,15,0,609.711,764.904,186.13,357.62
63,16,0,1089.35,1115.26,23.0769,97.8606
63,18,0,1169.52,1199.71,39.4471,115.312
64,1,3,925.962,1034.04,50.4087,144.159
64,2,0,1367.72,1392.28,2.34375,83.4014
64,3,3,1010.87,1098.37,23.5817,97.7885
64,11,0,1128.71,1160.52,44.4952,124.399
64,5,2,1360.24,1416.68,195.144,350.337
64,7,0,1088.9,1340.98,966.897,1469.93
64,8,0,1453.97,1716.35,1086.71,1707.03
64,9,0,1145.45,1429.43,1178.75,1818.92
64,10,0,973.582,1012.57,91.5144,184.255
64,15,0,647.981,802.019,186.058,354.519
64,16,0,1089.64,1114.98,22.5,99.9519
64,18,0,1169.01,1198.68,37.8245,116.358
65,1,3,925.288,1036.25,51.3822,145.204
65,2,0,1367.49,1392.51,1.26202,81.4543
65,3,3,1010.38,1097.31,24.8257,97.6983
65,11,0,1128.81,1163.5,46.1538,124.904
65,5,2,1356.97,1415.34,192.115,342.115
65,7,0,1088.06,1341.31,969.087,1470.53
65,8,0,1456.02,1716.62,1087.49,1705.05
65,9,0,1145.29,1431.23,1178.48,1819.59
65,10,0,964.543,1003.15,97.8966,190.276
65,15,0,701.106,846.586,183.101,347.38
65,16,0,1084.42,1112.5,22.9688,98.0409
65,18,0,1169.01,1198.68,37.8245,116.358
66,1,3,925.481,1037.6,51.274,144.014
66,2,0,1367.49,1392.51,1.26202,81.4543
66,3,3,1011.78,1095.91,25.0601,99.8438
66,11,0,1133.08,1162.31,47.8846,125.337
66,5,2,1358.94,1414.9,189.159,336.707
66,7,0,1088.46,1340.66,967.557,1471.08
66,8,0,1456.26,1716.99,1087.06,1704.51
66,9,0,1144.96,1430.75,1178.49,1820.61
66,10,0,960.829,994.555,97.7885,190.817
66,15,0,735.096,875.673,192.404,345
66,16,0,1084.42,1112.5,22.9688,98.0409
67,1,3,927.74,1036.87,51.1298,144.736
67,2,0,1364.71,1387.6,6.20192,82.9327
67,3,3,1012.88,1091.73,25.3125,100.385
67,11,0,1109.86,1137.84,49.2548,126.707
67,5,2,1358.29,1415.55,182.524,327.764
67,7,0,1087.26,1340.83,969.429,1468.31
67,8,0,1454.37,1716.5,1084.57,1705.58
67,9,0,1145.33,1430.08,1178.5,1820.63
67,10,0,954.026,987.512,104.243,196.046
67,15,0,778.99,905.625,202.861,336.274
67,18,0,1153.08,1183.85,50.0301,121.46
68,1,3,927.212,1045.1,43.1971,145.601
68,2,0,1363.89,1385.34,6.99519,78.6779
68,3,3,1013.7,1090.91,26.2861,97.7524
68,11,0,1107.36,1137.26,51.9231,130.529
68,5,2,1362.5,1412.88,181.911,316.551
68,7,0,1087.88,1341,967.039,1471.3
68,8,0,1453.29,1714.91,1084.58,1708.32
68,9,0,1146.79,1428.98,1178.22,1822.46
68,10,0,945.156,976.382,111.635,203.077
68,15,0,816.683,938.702,190.925,334.94
68,16,0,1086.66,1111.8,31.0998,99.1406
68,18,0,1157.27,1188.88,47.2897,119.874
69,1,3,928.221,1045.62,43.5938,145.349
69,2,0,1363.89,1385.34,6.99519,78.6779
69,3,3,1012.79,1090.29,26.9351,96.4543
69,11,0,1102.5,1132.88,52.8245,130.204
69,5,2,1362.81,1411.03,178.63,312.332
69,7,0,1087.71,1340.04,966.379,1468.8
69,8,0,1452.81,1716.48,1084.87,1707.93
69,9,0,1146.9,1428.61,1178.75,1822.6
69,10,0,936.995,972.236,104.82,200.373
69,15,0,850.962,961.346,170.192,330.865
69,16,0,1086.66,1111.8,31.0998,99.1406
69,18,0,1153.21,1189.87,50.5529,122.236
70,1,3,931.01,1042.84,42.7644,145.168
70,3,3,1011.25,1088.75,26.4123,97.9868
70,11,0,1100.99,1131.32,54.8077,132.26
70,5,2,1363.89,1409.95,172.825,307.176
70,7,0,1087.7,1340.71,966.42,1467.25
70,8,0,1452.85,1716.14,1085.1,1707.85
70,9,0,1147.02,1428.66,1178.53,1822.46
70,10,0,930.817,969.183,99.0865,187.933
70,15,0,874.712,989.904,173.221,325.529
70,18,0,1150.65,1184.74,50.8413,125.841
71,1,3,929.76,1044.09,43.3053,144.627
71,3,3,1011.44,1088.56,26.7188,96.7428
71,11,0,1095.24,1127.84,57.2236,138.065
71,5,2,1365.29,1410.1,164.567,294.087
71,7,0,1087.69,1341.13,966,1467.2
71,8,0,1453.99,1715.49,1084.93,1708.97
71,9,0,1146.39,1429.41,1178.62,1821.3
71,10,0,921.202,964.952,107.596,200.481
71,15,0,914.231,1021.15,170.337,318.606
71,18,0,1148.22,1182.55,51.887,130.565
72,1,3,933.462,1040.38,50.6971,139.976
72,3,3,1014.93,1088.15,26.6827,95.7692
72,11,0,1090.91,1124.47,57.9808,139.183
72,5,2,1365.52,1409.87,157.536,277.464
72,7,0,1087.55,1340.92,966.604,1468.41
72,8,0,1453.9,1716.29,1085.33,1709.07
72,9,0,1147.46,1428.68,1178.16,1822.02
72,10,0,916.839,957.007,107.272,205.998
72,15,0,944.76,1050.63,164.279,315.433
72,18,0,1148.02,1184.29,51.7788,133.846
72,20,0,447.011,788.382,1522.38,1920
73,1,3,933.606,1041.78,49.2188,141.022
73,3,3,1014.38,1088.7,25.2945,96.1478
73,11,0,1084.98,1121.18,56.899,143.005
73,5,2,1366.5,1410.42,154.075,281.214
73,7,0,1087.76,1341.01,967.09,1467.68
73,8,0,1454.17,1715.41,1084.83,1709.86
73,9,0,1147.24,1429.08,1177.8,1822.91
73,10,0,903.594,941.022,108.281,211.334
73,15,0,967.212,1068.17,165.397,312.873
73,18,0,1146.49,1182.74,51.274,135.938
73,20,0,475.46,802.713,1474.11,1917.06
74,1,3,930.048,1043.8,43.4856,144.591
74,3,3,1012.72,1087.28,26.7188,94.5072
74,11,0,1083.12,1119.95,59.5313,146.575
74,5,2,1363.99,1409.86,150.361,276.562
74,7,0,1087.83,1340.96,965.711,1467.89
74,8,0,1454.78,1714.87,1084.58,1711.22
74,9,0,1148.56,1430.68,1176.38,1819.84
74,10,0,894.736,932.957,115.853,215.012
74,15,0,1001.23,1098.77,166.226,306.851
74,18,0,1146.11,1183.12,51.3462,137.596
74,20,0,510.22,812.436,1416.1,1918.64
75,1,3,926.202,1038.41,48.5337,145.745
75,3,3,1014.23,1087.31,25.9796,95.7512
75,11,0,1081.54,1118.46,61.1899,147.224
75,5,2,1365.41,1409.98,147.981,270.577
75,7,0,1087.68,1340.13,965.686,1467.86
75,8,0,1453.97,1718.67,1084.71,1711.65
75,9,0,1148.2,1431.77,1176.38,1820.16
75,10,0,887.981,925.865,117.909,219.88
75,15,0,1030.1,1114.52,155.084,301.839
75,18,0,1146.88,1183.89,51.9591,139.002
75,20,0,514.646,837.072,1374.97,1914.37
76,1,3,925.529,1039.09,50.7692,142.212
76,3,3,1012.88,1088.65,25.9435,95.2103
76,11,0,1071.49,1108.51,62.1274,148.305
76,5,2,1364.5,1409.35,141.13,265.312
76,7,0,1087.3,1340.68,966.028,1465.39
76,8,0,1453.5,1717.3,1085.37,1711.06
76,9,0,1148.42,1432.26,1176.55,1819.93
76,10,0,881.106,921.971,115.096,217.788
76,15,0,1037.64,1139.28,168.57,300.18
76,18,0,1145.13,1182.56,53.6538,139.615
76,20,0,531,839.714,1336.5,1917.03
77,1,3,924.423,1040.19,49.2187,144.627
77,3,3,1011.13,1088.87,26.3401,96.6887
77,11,0,1068.03,1105.82,61.875,145.962
77,5,2,1365.53,1406.78,135.974,260.084
77,7,0,1087.16,1341.4,965.871,1461.83
77,8,0,1454.89,1715.99,1084.86,1711.61
77,9,0,1147.98,1432.24,1176.86,1819.77
77,10,0,870.553,910.985,128.654,222.981
77,15,0,1080.79,1153.05,150.216,301.226
77,18,0,1142.24,1180.84,57.6202,143.582
77,20,0,560.965,857.924,1285.46,1920
78,1,3,924.183,1040.43,48.7139,144.7
78,3,3,1010.26,1089.74,26.1959,98.131
78,11,0,1066.56,1104.21,63.5697,150.469
78,5,0,1364.823,1404.4,133.846,253.846
78,7,0,1086.94,1342.49,966.069,1459.5
78,8,0,1454.15,1715.9,1084.86,1712.26
78,9,0,1146.53,1432.75,1176.82,1819.81
78,10,0,863.678,904.014,128.618,225.036
78,15,0,1096.56,1174.21,142.175,287.055
78,18,0,1141.69,1179.84,56.863,144.195
78,20,0,575.114,868.829,1255.46,1908.81
79,1,3,923.125,1041.49,47.8846,144.375
79,3,3,1009.62,1088.85,26.7368,95.5709
79,11,0,1065.83,1103.4,66.0216,149.603
79,5,2,1363.53,1404.16,132.692,249.231
79,7,0,1087.39,1341.45,966.396,1461.51
79,8,0,1452.34,1717.44,1092.57,1725.24
79,9,0,1147.72,1431.77,1177,1819.04
79,10,0,854.159,895.072,129.014,230.986
79,15,0,1113.65,1187.88,142.212,286.442
79,18,0,1140.55,1179.45,56.8269,147.548
79,20,0,591.751,879.224,1222.77,1866.86
80,1,3,923.942,1051.44,46.1178,143.401
80,3,3,1008.49,1089.98,26.8269,99.2308
80,11,0,1061.36,1097.1,70.9615,153.75
80,5,2,1361.86,1402.75,129.736,242.668
80,7,0,1086.99,1341.36,964.161,1460.85
80,8,0,1453.37,1716.91,1086.03,1711.25
80,9,0,1146.21,1432.14,1176.14,1820.46
80,10,0,847.38,886.466,137.308,238.558
80,15,0,1136.71,1210.99,137.308,282.981
80,18,0,1136.96,1178.43,59.2067,153.822
80,20,0,615.891,893.026,1189.93,1826.98
81,1,3,925.288,1048.56,46.1539,144.952
81,3,3,1011.54,1088.46,26.5024,99.6995
81,11,0,1056.53,1092.7,69.7356,156.274
81,5,2,1361.73,1401.35,122.596,235.962
81,7,0,1086.84,1341.08,965.41,1461.37
81,8,0,1450.84,1717.49,1097.81,1720.41
81,9,0,1146.32,1430.86,1176.04,1820.21
81,10,2,840.962,880.577,133.486,241.803
81,15,0,1148.82,1228.1,135.288,275.481
81,18,0,1137.19,1179.74,60.6851,154.651
81,20,0,631.31,905.618,1168.67,1808.84
81,21,0,1817.74,2101.03,1313.51,1913.36
82,1,3,924.952,1050.43,45.7572,144.916
82,3,3,1009.52,1088.94,28.2332,103.017
82,11,0,1054.98,1092.72,69.3389,157.103
82,5,2,1360.34,1401.2,128.762,242.2
82,7,0,1087.08,1340.33,965.745,1460.86
82,8,0,1454.79,1711.22,1087.52,1710.45
82,9,0,1147.21,1430.09,1174.98,1820.02
82,10,0,837.692,880.769,126.022,240.036
82,15,0,1169.52,1242.79,131.034,276.562
82,18,0,1134.69,1177.62,61.262,154.796
82,20,0,643.42,912.685,1158.88,1776.78
82,21,0,1812.2,2064.17,1222.05,1839.5
82,22,3,0,266.679,328.785,583.462
83,1,3,924.423,1040.19,48.0288,146.25
83,3,3,1008.49,1089.98,27.1875,104.062
83,11,0,1048.75,1086.63,67.3197,160.853
83,5,2,1356.47,1397.38,114.159,226.803
83,7,0,1086.7,1340.76,965.368,1460.36
83,8,0,1451.77,1713.91,1088.19,1708.06
83,9,0,1145.84,1432.06,1175.94,1819.48
83,10,0,830.793,872.284,132.728,247.464
83,15,0,1191.15,1258.08,130.096,274.327
83,18,0,1130.67,1167.79,64.363,160.349
83,20,0,642.778,923.591,1146,1752.66
83,21,0,1780.8,2018.58,1121.56,1697.03
83,22,3,0,315.132,337.462,593.307
84,1,3,923.894,1039.18,47.5962,146.25
84,3,3,1010.99,1089.01,27.7824,99.1406
84,11,0,1045.79,1083.44,72.0433,158.87
84,5,2,1355.35,1396.96,110.625,222.548
84,7,0,1086.34,1339.53,964.956,1461.89
84,8,0,1449.71,1717.79,1085.83,1708.5
84,9,0,1145.46,1432.09,1176.31,1820.08
84,10,0,825.865,867.981,134.495,253.486
84,15,0,1204.69,1275.31,126.995,267.043
84,18,0,1127.07,1163.7,69.2668,160.925
84,20,0,662.117,933.626,1128.68,1750.63
84,21,0,1759.32,1995.42,1049.14,1582.66
84,22,3,0,351.795,341.134,604.328
85,1,3,924.375,1040.24,47.2716,146.142
85,3,3,1009.52,1090.48,27.0433,102.909
85,11,0,1042.33,1080.75,72.4399,165.541
85,5,2,1354.42,1394.81,108.029,216.779
85,7,0,1087.25,1339.7,964.718,1462.99
85,8,0,1450.06,1713.6,1087.63,1705.57
85,9,0,1147.51,1429.98,1176.17,1819.79
85,10,0,822.392,865.3,135.974,254.603
85,15,0,1222.88,1280.19,129.591,262.139
85,18,0,1126.03,1161.66,67.3197,165.18
85,20,0,665.191,933.931,1123.81,1748.77
85,21,0,1730.07,1956.73,985.482,1495.32
85,22,3,0,379.374,345.774,613.914
86,1,3,925.673,1037.4,48.7861,142.608
86,3,3,1008.32,1091.68,26.1058,104.351
86,11,0,1038.06,1075.78,75.9736,167.632
86,5,2,1356.71,1392.52,107.957,211.659
86,7,0,1087.95,1338.3,964.621,1461.68
86,8,0,1451.01,1712.12,1088.01,1705.28
86,9,0,1148,1428.67,1176.54,1819.85
86,10,0,813.822,856.947,146.899,266.466
86,15,0,1222.88,1280.19,129.591,262.139
86,18,0,1114.52,1154.71,69.3389,170.084
86,20,0,663.393,935.567,1119.6,1742.77
86,21,0,1692.3,1921.83,905.562,1396.47
86,22,3,0,421.461,344.11,628.266
87,1,3,922.356,1040.72,47.1635,144.808
87,3,3,1007.64,1092.36,25.7812,106.478
87,11,0,1032.24,1072.38,76.8389,167.488
87,5,2,1352.75,1390.32,104.135,205.385
87,7,0,1087.59,1338.24,964.207,1460.66
87,8,0,1450.13,1713.67,1087.36,1705.86
87,9,0,1147.24,1429.98,1177.39,1819.21
87,10,0,810.649,858.582,141.526,266.935
87,15,0,1248.92,1304.93,121.442,254.423
87,18,0,1110.19,1151.35,73.0168,167.993
87,20,0,658.155,932.195,1117.67,1744.81
87,21,0,1677.22,1883.28,858.328,1320.05
87,22,3,0.590839,447.588,361.555,641.544
88,1,3,928.654,1048.27,45.2885,143.365
88,3,3,1010.12,1089.88,25.8173,104.207
88,11,0,1031.78,1071.3,85.8173,173.51
88,5,2,1353.65,1387.88,100.457,203.87
88,7,0,1087.24,1338.4,964.537,1461.59
88,8,0,1440.78,1700.24,1089.91,1706.45
88,9,0,1147.18,1429.91,1176.82,1819.81
88,10,0,808.798,855.817,153.425,273.786
88,15,0,1262.33,1313.05,124.507,251.647
88,18,0,1106.17,1149.22,77.7043,169.94
88,20,0,638.039,927.342,1122.7,1740.91
88,21,0,1655.02,1856.77,813.276,1262.88
88,22,3,0,465.848,370.794,652.669
89,1,3,923.654,1040.96,48.1731,145.962
89,3,3,1008.75,1091.25,25.7452,103.63
89,11,0,1026.2,1067.64,77.6322,172.752
89,5,2,1350.78,1387.68,97.7163,201.707
89,7,0,1088.14,1339.04,964.193,1453.9
89,8,0,1440.41,1701.64,1092.77,1705.23
89,9,0,1145.21,1430.87,1176.5,1818.23
89,10,0,802.8,851.046,148.918,278.005
89,15,0,1275.43,1324.57,115.457,246.274
89,18,0,1097.69,1143.85,77.2356,175.457
89,20,0,636.751,926.337,1127.25,1742.07
89,21,0,1629.41,1828.95,755.464,1176.38
89,22,3,14.8694,494.267,383.137,677.352
90,1,3,923.798,1040.82,49.0024,146.575
90,3,3,1008.75,1091.25,25.7452,103.63
90,11,0,1020.05,1058.41,82.1394,176.611
90,5,2,1349.28,1384.57,93.4255,195.901
90,7,0,1088.18,1338.5,963.757,1451.44
90,8,0,1451.01,1718.97,1091.04,1704.43
90,9,0,1145.3,1431.37,1175.06,1819.54
90,10,2,799.88,844.736,163.341,285.216
90,15,0,1286.29,1335.25,112.139,240.938
90,18,0,1094.92,1137.39,80.7692,177.837
90,20,0,637.683,924.664,1132.46,1743.84
90,21,0,1611.89,1806.59,719.416,1120.72
90,22,3,40.6105,508.846,388.669,694.193
91,1,3,926.01,1052.45,49.0385,143.654
91,11,0,1018.51,1058.41,85.9976,178.81
91,5,2,1347.61,1383.16,90.649,193.774
91,7,0,1087.34,1339.67,964.215,1453.21
91,8,0,1453.62,1715.24,1090.06,1706.34
91,9,0,1145.55,1431.06,1175.86,1819.01
91,10,2,792.861,844.062,150.577,300
91,15,0,1291.84,1338.93,113.438,238.774
91,18,0,1091.11,1131.97,84.4111,178.666
91,20,0,631.184,928.798,1134.41,1749.83
91,21,0,1599.6,1800.15,677.889,1066.89
91,22,3,58.1213,519.322,398.403,710.068
91,23,0,1897.14,2224.32,1418.23,1920
92,1,3,921.394,1043.22,50.4447,146.575
92,11,0,1008.2,1051.8,88.5938,176.214
92,5,2,1347,1382.24,87.1154,191.538
92,7,0,1087.43,1338.95,965.666,1452.51
92,8,0,1451.5,1717.49,1099.51,1717.79
92,9,0,1128.71,1420.71,1172.14,1818.2
92,10,0,782.404,842.211,154.435,301.046
92,15,0,1298.51,1349.18,111.382,235.925
92,16,0,1049.88,1082.43,52.3558,130.673
92,18,0,1084.83,1129.01,85.8173,184.327
92,20,0,633.978,927.836,1137.49,1757.05
92,21,0,1593.62,1770.29,636.828,1007.36
92,22,3,82.8242,531.297,408.347,732.744
92,23,0,1880.2,2170.35,1306.88,1920
93,1,3,923.125,1041.49,49.0385,146.394
93,11,0,1006.37,1045.94,88.8462,176.683
93,5,2,1348.69,1383.62,82.3918,183.425
93,7,0,1087.19,1339.4,966.599,1455.11
93,8,0,1456.28,1715.35,1088.69,1707.31
93,9,0,1127.93,1421.28,1170.98,1817.83
93,10,0,779.832,829.399,171.058,295.096
93,15,0,1303.12,1350.72,111.851,228.245
93,16,0,1053.25,1085.22,54.0144,136.803
93,18,0,1080.08,1122.99,89.6394,184.832
93,20,0,633.429,928.871,1141.25,1767.16
93,21,0,1585.66,1752.81,607.213,964.443
93,22,3,100.364,537.26,415.708,756.212
93,23,0,1856.9,2130,1229.82,1891.76
94,1,3,922.356,1042.26,47.3798,146.466
94,3,3,1007.45,1092.55,25.9976,101.214
94,11,0,1000.35,1044.27,84.988,178.666
94,5,2,1349.74,1384.11,83.762,182.632
94,7,0,1087.41,1339.49,965.797,1454.79
94,8,0,1456.51,1717.49,1090.13,1706.79
94,9,0,1127.56,1421.42,1169.67,1818.97
94,10,0,774.231,821.154,174.123,298.666
94,15,0,1311.37,1354.78,115.565,226.55
94,16,0,1047.93,1082.84,53.1851,138.498
94,18,0,1073.92,1118.39,90.2524,189.123
94,20,0,632.933,930.11,1143.15,1767.87
94,21,0,1588.5,1749.2,582.028,929.515
94,22,3,111.98,538.703,426.805,778.462
94,23,0,1845.14,2076.14,1167.94,1773.09
95,1,3,923.077,1040,46.3702,147.476
95,3,3,1010.05,1094.57,25.4928,102.151
95,11,0,993.942,1036.83,84.6635,182.019
95,5,2,1349.74,1384.11,83.762,182.632
95,7,0,1087.44,1339.7,964.49,1453.96
95,8,0,1456.29,1722.42,1095.99,1720.49
95,9,0,1145.13,1430.22,1174.58,1817.81
95,10,0,756.635,813.365,163.486,313.63
95,15,0,1315,1363.46,108.065,225.108
95,16,0,1044.48,1083.21,47.0192,138.75
95,18,0,1063.23,1106,92.9567,194.784
95,20,0,633.682,929.629,1146.35,1773.37
95,21,0,1600.38,1757.02,553.286,885.651
95,22,3,125.707,529.376,437.871,801.844
95,23,0,1803.74,2045.67,1088.77,1675.88
96,1,3,928.317,1047.07,44.7476,148.377
96,3,3,1011.92,1094.23,25.024,104.062
96,11,0,989.856,1031.68,88.9183,189.159
96,7,0,1087.2,1339.65,963.47,1452.7
96,8,0,1457.24,1720.01,1091.02,1703.14
96,9,0,1145.13,1429.81,1173.67,1817.84
96,10,0,752.332,809.976,164.567,318.029
96,15,0,1319.51,1368.18,102.981,224.135
96,16,0,1044.48,1083.21,47.0192,138.75
96,18,0,1052.34,1098.43,90.3606,197.957
96,20,0,637.131,928.703,1151.37,1775.15
96,21,0,1604.66,1767.37,536.3,849.865
96,22,3,129.529,521.256,452.239,824.48
96,23,0,1790.11,2017.61,1026.84,1594.78
97,1,3,925.913,1047.93,47.1635,148.269
97,3,3,1010.02,1096.13,25.7091,102.224
97,11,0,984.856,1027.45,93.4976,189.195
97,7,0,1086.86,1339.62,964.388,1451.95
97,8,0,1466.83,1708.53,1090.07,1700.57
97,9,0,1125.62,1423.08,1169,1819.25
97,10,0,741.827,802.788,166.875,316.298
97,15,0,1320.91,1369.86,99.1587,219.303
97,18,0,1042.4,1089.9,95.5529,203.293
97,20,0,649.113,939.548,1150.42,1774.27
97,21,0,1615.52,1772.35,521.605,826.786
97,22,3,120.191,516.052,462.721,842.86
97,23,0,1769.35,1990.47,977.993,1519.26
97,24,0,1820,2026.15,324.591,506.178
98,1,3,925.385,1048.46,45.3245,147.368
98,3,3,1008.85,1095.77,25.6731,106.154
98,11,0,979.856,1023.22,94.7596,191.394
98,7,0,1087.03,1339.05,964.708,1455.37
98,8,0,1466.8,1706.03,1087.58,1704.06
98,9,0,1126.52,1422.39,1168.78,1818.87
98,10,0,733.582,794.88,172.356,320.913
98,15,0,1323.73,1370.12,94.7596,214.76
98,18,0,1032.15,1077.08,101.899,207.62
98,20,0,647.426,941.284,1150.57,1777.29
98,21,0,1631.42,1788.17,505.589,781.23
98,22,3,109.889,494.978,481.573,872.536
98,23,0,1749.23,1949.19,918.176,1422.07
98,24,0,1746.25,1955.29,302.019,494.712
99,1,3,926.106,1047.74,45.649,147.188
99,3,3,1010.29,1095.87,25.7812,104.603
99,11,0,976.274,1017.57,97.2476,191.791
99,7,0,1086.47,1338.86,964.768,1456.51
99,8,0,1467.12,1704.96,1089.31,1701
99,9,0,1145.22,1430.18,1173.05,1818.16
99,10,0,725.361,785.409,174.014,328.774
99,15,0,1326.47,1372,77.0192,206.106
99,18,0,1020.24,1068.99,105.325,209.964
99,20,0,639.521,928.471,1156.27,1773.61
99,21,0,1648.7,1809.95,491.995,757.919
99,22,3,85.6375,494.118,488.28,912.647
99,23,0,1724.5,1927.49,870.389,1376.75
99,24,0,1692.98,1907.02,301.37,497.668
100,1,3,927.115,1048.27,46.6947,148.738
100,3,3,1008.99,1094.09,25.9615,105.144
100,11,0,974.111,1013.58,93.4976,193.522
100,7,0,1086.15,1338.54,964.219,1456.44
100,8,0,1455.58,1716.68,1089.59,1705.54
100,9,0,1127.7,1421.13,1168.87,1818.32
100,10,0,720.12,777.572,175.457,331.37
100,15,0,1324.89,1373.57,77.2356,202.572
100,16,0,1033.05,1074.64,52.8966,149.026
100,18,0,1010.99,1059.78,106.695,216.094
100,20,0,640.7,924.13,1154.85,1774.6
100,21,0,1669.64,1835.04,480.372,736.859
100,22,3,58.5995,472.804,505.194,932.263
100,23,0,1712.53,1903.6,833.188,1313.42
100,24,0,1640.48,1851.83,306.346,495.577
101,1,3,924.519,1049.33,47.0913,148.197
101,3,3,1011.27,1097.96,25.024,102.332
101,11,0,969.062,1009.4,95.7332,194.315
101,7,0,1085.79,1338.61,965.162,1457.15
101,8,0,1467.99,1705.07,1088.63,1703.31
101,9,0,1145.45,1430.4,1172.52,1818.42
101,10,0,707.572,766.274,175.457,336.851
101,15,0,1328.17,1374.9,70.9615,199.038
101,16,0,1034.96,1071.19,54.1587,146.178
101,18,0,989.423,1035.19,110.337,213.894
101,20,0,638.318,923.692,1151.97,1775.51
101,21,0,1699.26,1868.99,461.846,713.557
101,22,3,15.8497,457.792,529.981,960.296
101,23,0,1687.16,1871.86,791.675,1258.05
101,24,0,1560.38,1775,318.101,502.861
102,1,3,923.654,1050.19,49.7596,147.692
102,3,3,1011.15,1096.54,25.4928,101.575
102,11,0,969.062,1009.4,95.7332,194.315
102,7,0,1086.06,1338.26,964.452,1457.4
102,8,0,1467.94,1704.96,1091.25,1701.74
102,9,0,1126.96,1421.53,1167.68,1818.73
102,10,0,703.798,764.664,175.601,337.284
102,15,0,1329.33,1375.29,69.6635,194.712
102,16,0,1031.75,1069.78,54.7716,147.728
102,18,0,981.683,1030.63,111.995,220.312
102,20,0,635.492,922.894,1152.13,1776.02
102,21,0,1726.57,1891.49,451.541,704.978
102,22,3,0,453.733,546.643,991.811
102,23,0,1671.92,1847.81,765.817,1196.51
102,24,0,1510.1,1720.67,314.712,506.827
103,1,3,923.99,1049.86,47.3077,148.269
103,3,3,1012.74,1096.49,23.762,101.863
103,7,0,1086.04,1338.74,963.505,1458.98
103,8,0,1456.38,1722.77,1092.57,1701.34
103,9,0,1128.5,1420.22,1166.81,1818.97
103,10,0,702.692,758.846,186.995,346.37
103,15,0,1331.56,1376.13,70.4207,193.377
103,16,0,1028.29,1064.01,52.9688,150.397
103,18,0,972.74,1022.64,112.139,222.476
103,20,0,635.798,921.172,1152.61,1775.29
103,21,0,1755.98,1922.59,437.267,685.317
103,22,3,0.785351,443.052,562.743,1026.55
103,23,0,1653.71,1835.9,726.917,1159.72
103,24,0,1459.23,1668.46,317.812,510.649
104,1,3,924.423,1050.96,47.9567,146.178
104,3,3,1013.58,1091.03,26.4663,99.1586
104,7,0,1086.46,1339.96,963.187,1466.84
104,8,0,1453.46,1725.63,1088.73,1705.88
104,9,0,1146.25,1431.9,1168.79,1813.9
104,10,0,691.995,755.697,187.428,349.976
104,15,0,1332.5,1375.19,70.4567,190.024
104,16,0,1028.29,1064.01,52.9688,150.397
104,18,0,954.976,1006.56,116.358,227.776
104,20,0,632.338,923.767,1156.27,1776.41
104,21,0,1807.79,1946.06,420.144,669.087
104,22,3,1.09297,423.519,587.391,1079.67
104,23,0,1644.31,1816.25,698.668,1107.13
104,24,0,1392.59,1600.57,307.757,528.917
105,1,3,924.952,1038.12,47.9567,149.207
105,3,3,1012.4,1092.21,25.0601,100.781
105,7,0,1086.32,1339.94,961.365,1465.63
105,8,0,1456.57,1722.83,1086.96,1708.53
105,9,0,1127.49,1421.35,1166.49,1813.1
105,10,0,688.053,751.947,190.168,355.889
105,15,0,1335.07,1375.7,73.0529,188.293
105,18,0,945.12,996.418,120.18,232.32
105,20,0,630.626,922.198,1155.41,1774.98
105,21,0,1842.74,1966.49,408.389,660.649
105,22,3,0,407.857,607.482,1122
105,23,0,1637.62,1803.46,667.473,1068.24
105,24,0,1350.94,1546.4,306.682,529.685
106,1,3,926.442,1036.63,47.8125,149.062
106,3,3,1013.17,1091.44,26.5745,99.2668
106,7,0,1086.48,1340.47,961.961,1465.73
106,8,0,1453.24,1718.72,1087.02,1708.21
106,9,0,1125.51,1423.27,1164.19,1815
106,10,0,684.543,745.457,198.462,356.827
106,15,0,1334.95,1377.36,68.8341,184.579
106,18,0,936.442,985.096,134.964,238.594
106,20,0,632.13,922.281,1160.29,1776.01
106,21,0,1873.48,2036.64,386.988,663.033
106,22,3,0,381.244,629.556,1170.54
106,23,0,1628.9,1800.51,643.618,1022.7
106,24,0,1311.21,1502.61,312.135,538.982
107,1,3,924.375,1038.7,47.0914,149.351
107,3,3,1010.29,1088.17,27.7284,99.3389
107,11,0,951.659,992.957,105.036,208.233
107,7,0,1087.22,1339.54,961.239,1467.35
107,8,0,1453.08,1718.3,1085.72,1708.55
107,9,0,1146.12,1430.94,1167.45,1814.85
107,10,0,682.62,741.995,201.202,366.202
107,15,0,1337.45,1379.47,67.1034,179.82
107,18,0,918.005,969.687,136.947,242.957
107,20,0,632.241,922.534,1161.34,1775.26
107,21,0,1957.02,2089.13,402.62,640.457
107,22,3,0,350.124,668.17,1228.93
107,23,0,1621.09,1789.59,613.336,990.254
107,24,0,1261.7,1442.38,318.886,552.706
108,1,3,920.433,1041.11,46.9111,148.666
108,3,3,1009.33,1087.6,28.8101,99.1226
108,11,0,950.829,995.324,101.791,209.459
108,7,0,1087.08,1339.72,962.107,1465.88
108,8,0,1450.48,1718.57,1085.01,1710.57
108,9,0,1127.55,1421.27,1166.38,1812.36
108,10,0,677.957,739.736,204.303,370.312
108,15,0,1338.46,1380,68.2933,175.168
108,16,0,998.498,1035.35,69.0865,158.654
108,18,0,902.548,958.99,136.118,248.978
108,20,0,631.662,922.381,1161.35,1776.01
108,21,0,1956.02,2135.04,385.835,635.465
108,22,3,0,319.675,694.238,1281.55
108,23,0,1621.51,1783.07,595.957,949.844
108,24,0,1222.41,1401.16,330.756,560.838
109,1,3,924.76,1038.32,46.9471,146.899
109,3,3,1010.53,1084.86,28.4135,100.529
109,11,0,950.132,994.483,100.168,210.216
109,7,0,1086.37,1340.92,963.298,1460.96
109,8,0,1450.1,1717.01,1083.59,1711.91
109,9,0,1126,1421.66,1162,1813.12
109,10,0,673.606,736.394,200.841,372.332
109,15,0,1337.55,1382.45,58.5577,171.202
109,16,0,998.498,1035.35,69.0865,158.654
109,18,0,892.74,948.798,138.065,256.55
109,20,0,627.597,927.105,1162.21,1775.98
109,21,0,1956.02,2135.04,385.835,635.465
109,22,3,0.297842,284.907,722.121,1315.56
109,23,0,1616.97,1772.61,579.081,919.744
109,24,0,1183.97,1364.3,331.16,567.562
110,1,3,924.712,1038.37,48.3894,148.197
110,3,3,1010.53,1084.86,28.4135,100.529
110,11,0,950.168,994.447,109.904,214.904
110,7,0,1087.11,1339.99,963.862,1465.92
110,8,0,1451.82,1715.23,1082.86,1711.45
110,9,0,1124.69,1423.1,1164.11,1816.74
110,10,0,669.952,729.279,204.808,378.462
110,15,0,1339.01,1380.99,63.7139,167.632
110,18,0,871.923,928.077,144.231,259.038
110,20,0,630.473,924.907,1161.95,1778.01
110,22,3,0,231.14,768.052,1344.93
110,23,0,1620.15,1774.99,551.662,887.822
110,24,0,1135.49,1308.83,334.947,581.669
111,1,3,923.558,1050.29,45.4688,147.368
111,11,0,946.707,991.755,109.796,214.435
111,7,0,1086.02,1339.46,966.007,1464.89
111,8,0,1451.15,1715.73,1083.64,1711.23
111,9,0,1125.63,1422.81,1164.58,1816.73
111,10,0,663.413,725.048,211.154,388.269
111,15,0,1340.52,1382.56,61.7668,166.55
111,18,0,855.625,910.529,146.683,259.471
111,20,0,630.159,922.586,1162.73,1777.81
111,22,3,0,191.404,801.419,1370.18
111,23,0,1623.95,1776.55,540.224,858.261
111,24,0,1097.09,1273.2,340.611,591.708
112,1,3,923.317,1050.53,45.9375,144.014
112,11,0,947.692,992.308,115.529,217.356
112,7,0,1085.58,1339.57,966.302,1470.08
112,8,0,1451.97,1715.77,1083.3,1712.32
112,9,0,1126.98,1420.84,1170.96,1816
112,10,0,663.966,721.418,225.361,394.255
112,15,0,1342.22,1382.39,68.4736,162.728
112,18,0,845.913,898.702,151.01,268.413
112,20,0,629.41,922.981,1160.97,1780.92
112,22,3,0,144.662,834.338,1479.15
112,23,0,1630.04,1783.09,524.818,839.763
112,24,0,1063.52,1234.59,349.087,599.388
113,1,3,925.192,1050.19,49.6514,140.733
113,11,0,946.923,988.462,121.767,218.041
113,7,0,1086.04,1340.53,966.284,1469.81
113,8,0,1452.18,1716.49,1082.54,1713.09
113,9,0,1129.15,1418.73,1171.52,1813.96
113,10,0,655.192,716.346,226.659,400.457
113,15,0,1344.27,1383.43,68.2933,161.466
113,18,0,823.053,881.562,149.531,275.084
113,20,0,623.839,924.96,1157.24,1781.28
113,22,3,0.894217,69.0561,838.68,1614.95
113,23,0,1635.86,1794.38,507.878,806.791
113,24,0,1011.39,1186.43,357.904,612.085
114,1,3,927.115,1046.73,50.0841,141.743
114,11,0,946.394,987.452,122.704,217.969
114,7,0,1085.65,1340.89,967.637,1467.37
114,8,0,1453.66,1715.66,1083.13,1712.83
114,9,0,1129.35,1416.26,1169.85,1812.84
114,10,0,651.514,714.639,233.654,407.885
114,15,0,1345.02,1381.13,65.8774,160.853
114,16,0,942.572,980.505,87.8005,182.632
114,18,0,804.231,863.462,150.938,277.139
114,20,0,620.002,920.536,1157.54,1780.21
114,22,3,0.894217,69.0561,838.68,1614.95
114,23,0,1648.9,1805.12,498.039,781.39
114,24,0,972.612,1149.15,362.948,626.481
115,1,3,930.865,1044.52,51.4543,140.661
115,11,0,943.822,985.409,123.714,219.555
115,7,0,1084.71,1341.76,967.266,1471.53
115,8,0,1453.03,1715.8,1082.74,1713.37
115,9,0,1130.44,1416.79,1174.68,1815.39
115,10,0,650.673,715.481,233.077,411.346
115,15,0,1346.57,1382.66,66.9591,159.05
115,16,0,942.572,980.505,87.8005,182.632
115,18,0,788.918,852.62,154.147,280.853
115,20,0,621.87,919.555,1158.07,1780.78
115,23,0,1661.36,1817.58,481.891,758.611
115,24,0,935.897,1114.26,370.023,638.229
115,28,0,1768.65,1929.81,255.938,429.447
116,1,3,938.99,1039.47,52.9327,142.067
116,11,0,941.034,983.582,124.219,222.512
116,7,0,1084.39,1341.63,965.713,1469.36
116,8,0,1450.18,1718.65,1093.41,1722.12
116,9,0,1129.89,1416.8,1175.74,1813.77
116,10,0,650.216,715.938,235.024,415.168
116,15,0,1338.91,1371.86,53.762,145.421
116,18,0,765.697,831.226,161.683,291.202
116,20,0,622.125,917.278,1160.95,1781.61
116,23,0,1680.75,1843.58,469.963,738.432
116,24,0,885.324,1064.25,383.767,658.937
116,28,0,1725.43,1877.64,239.856,410.913
116,29,0,2.88462,112.981,394.471,656.683
117,1,3,939.327,1040.67,51.6346,141.923
117,11,0,936.683,981.779,123.425,221.575
117,7,0,1083.53,1341.14,966.034,1466.01
117,8,0,1456.43,1718.95,1085.44,1711.32
117,9,0,1128.51,1417.67,1174.11,1814.2
117,10,0,648.389,713.918,233.726,420.505
117,15,0,1339.36,1374.48,53.0048,145.745
117,18,0,746.611,814.928,167.632,293.041
117,20,0,622.187,913.332,1162.15,1781.64
117,23,0,1694.84,1860.61,467.267,725.577
117,24,0,844.582,1025.62,390.853,670.152
117,28,0,1694.04,1825.96,239.279,405.721
117,29,0,6.25,120.481,398.365,666.635
118,1,3,938.173,1037.21,51.2019,142.933
118,11,0,935.312,978.534,125.877,222.296
118,7,0,1084.5,1340.86,964.644,1467.93
118,8,0,1454.1,1720.23,1092.94,1722.04
118,9,0,1128.02,1418.6,1172.02,1814.54
118,10,0,644.832,711.322,251.394,429.375
118,15,0,1342.9,1377.1,56.6466,143.834
118,18,0,722.308,795.385,174.195,300.613
118,20,0,621.676,916.181,1163.92,1779
118,23,0,1712.62,1880.26,452.746,711.308
118,24,0,806.003,990.744,393.095,688.166
118,28,0,1670.29,1788.17,232.5,398.654
118,29,0,10.0481,133.798,408.317,682.067
119,1,3,937.404,1034.9,49.363,145.781
119,11,0,931.37,979.399,121.298,225.721
119,7,0,1083.77,1343.79,963.043,1459.49
119,8,0,1456.01,1722.4,1084.72,1711.09
119,9,0,1124.57,1420.16,1169.45,1814.01
119,10,0,634.832,710.553,243.245,438.101
119,15,0,1343.2,1376.8,53.2572,140.733
119,18,0,685.745,773.486,164.423,307.212
119,20,0,620.983,917.726,1165.72,1777.47
119,23,0,1746.27,1908.55,438.46,693.823
119,24,0,761.37,935.64,409.006,703.969
119,28,0,1640.29,1747.4,229.688,391.082
119,29,0,9.20057,143.735,422.595,710.549
120,1,3,937.476,1034.83,49.2909,144.411
120,11,0,928.125,978.029,123.606,225.433
120,7,0,1083.94,1342.44,962.987,1460.04
120,8,0,1455.15,1722.84,1083.37,1711.27
120,9,0,1125.19,1419.84,1168.77,1813.25
120,10,0,636.442,710.481,245.409,447.476
120,15,0,1343.43,1378.11,52.7885,140.913
120,18,0,656.587,749.567,169.038,310.673
120,20,0,621.995,917.004,1164.64,1779.69
120,23,0,1768.9,1939.34,430.668,685.159
120,24,0,725.012,899.495,417,725.327
120,28,0,1615.91,1716.39,219.736,379.688
120,29,0,7.70042,140.96,431.418,736.6
121,1,3,935.577,1036.73,47.0553,143.329
121,11,0,923.966,974.495,124.796,228.858
121,7,0,1083.05,1342.12,963.607,1463.58
121,8,0,1455.62,1723.44,1084.72,1709
121,9,0,1124.19,1420.57,1168.96,1811.72
121,10,0,633.101,709.207,260.048,455.337
121,15,0,1344.31,1377.22,50.5529,137.957
121,18,0,633.99,730.625,170.625,305.625
121,20,0,624.412,911.324,1165.59,1779.51
121,23,0,1801.69,1973.18,416.056,678.561
121,24,0,694.687,858.638,430.346,742.841
121,28,0,1597.52,1685.55,216.635,378.173
121,29,0,8.51791,139.391,442.429,760.116
122,1,3,935.769,1038.08,48.101,143.87
122,11,0,923.221,972.164,124.111,230.12
122,7,0,1085,1342.3,962.609,1462.1
122,8,0,1455.08,1722.64,1087.17,1707.72
122,9,0,1125.32,1420.19,1169.05,1811.96
122,10,0,626.683,703.317,262.644,463.125
122,15,0,1344.45,1377.09,49.1827,133.702
122,18,0,587.933,701.298,179.279,321.779
122,20,0,622.446,915.588,1164.81,1779.78
122,23,0,1847.5,1970.96,412.861,664.255
122,24,0,645.609,813.449,444.187,770.044
122,28,0,1567.86,1653.68,208.63,364.832
122,29,0,6.39738,130.245,462.903,785.672
122,32,1,1021.83,1172.02,12.9808,195
123,1,3,936.058,1036.25,45.7212,145.385
123,11,0,924.712,973.75,124.002,233.113
123,7,0,1084.82,1342.25,963.166,1461.68
123,8,0,1457.34,1721.39,1088.33,1707.48
123,9,0,1126.26,1420.84,1171.29,1811.06
123,10,0,618.966,692.572,261.851,469.111
123,15,0,1343.35,1376.65,49.5433,131.322
123,16,0,905.108,948.738,85.8894,188.293
123,18,0,556.25,660.673,190.024,335.841
123,20,0,623.969,914.972,1165.1,1779.17
123,23,0,1874.89,2053.21,415.528,671.327
123,24,0,608.668,781.539,459.57,786.543
123,28,0,1550.14,1631.39,205.024,357.188
123,29,0,4.07738,122.543,474.708,818.378
123,32,1,1020.29,1165.87,14.9279,199.255
124,1,3,926.731,1034.81,50.4447,143.401
124,11,0,918.558,970.673,120.577,231.635
124,7,0,1084,1342.44,963.841,1463.08
124,8,0,1457.55,1720.44,1088.15,1708.51
124,9,0,1125.48,1420.49,1170.38,1812.11
124,10,0,609.255,682.284,262.5,487.5
124,15,0,1343.53,1376.47,48.2452,130.745
124,16,0,897.981,942.019,84.3389,187.103
124,18,0,515.096,630.288,176.538,336.923
124,20,0,624.681,915.968,1162.95,1780.85
124,23,0,1956.39,2089.76,400.673,639.519
124,24,0,573,744.484,469.897,806.59
124,28,0,1538.37,1607.79,206.394,350.337
124,29,0,0,110.306,497.905,850.864
124,32,1,1022.4,1165.29,10.601,202.716
125,1,3,935,1037.31,47.3438,145.349
125,11,0,916.755,966.322,127.428,229.687
125,7,0,1086.76,1341.99,962.554,1461.31
125,8,0,1457.31,1720.21,1087.9,1709.2
125,9,0,1118,1423.78,1172.24,1811.98
125,10,0,596.346,669.038,273.822,494.062
125,15,0,1341.94,1374.99,46.5505,126.815
125,16,0,894.038,932.115,88.1971,186.995
125,18,0,460.433,591.875,183.245,345.216
125,20,0,624.853,916.709,1164.82,1780.13
125,23,0,1956.39,2089.76,400.673,639.519
125,24,0,515.128,698.387,490.681,846.452
125,28,0,1523,1593.92,195.433,342.548
125,29,0,0,78.4929,515.378,904.355
125,32,1,1019.13,1165.48,8.94231,206.683
126,1,3,925.144,1034.86,50.4808,143.077
126,11,0,915,966.538,125.625,231.49
126,7,0,1085.86,1342.29,963.375,1455.48
126,8,0,1456.99,1720.27,1087.84,1709.52
126,9,0,1120.18,1421.82,1169.45,1811.89
126,10,2,577.212,658.942,284.062,510.938
126,15,0,1340.77,1374.62,43.0168,123.281
126,16,0,888.137,925.709,88.0168,189.916
126,18,0,411.683,556.01,188.293,354.303
126,20,0,623.648,919.234,1162.8,1779.64
126,23,0,2013.5,2190.47,385.698,632.058
126,24,0,476.852,657.622,507.742,871.372
126,28,0,1513.46,1577.31,184.976,341.178
126,29,0,0.800498,54.9849,518.744,926.713
126,32,1,1016.97,1163.03,21.6346,205.673
127,1,3,925.24,1034.76,50.3005,141.959
127,11,0,913.75,964.712,125.192,232.5
127,7,0,1085.59,1342.33,963.526,1457.8
127,8,0,1457.58,1720.09,1087.27,1709.6
127,9,0,1123.47,1421.51,1169.02,1812.71
127,10,2,561.442,650.096,286.875,520.24
127,15,0,1340.76,1374.63,41.3221,122.668
127,16,0,888.522,923.786,90.3966,190.421
127,18,0,365.144,512.548,197.091,358.197
127,20,0,624.843,919.852,1164.27,1778.41
127,23,0,2013.5,2190.47,385.698,632.058
127,24,0,429.157,618.279,520.281,895.706
127,28,0,1504.59,1563.1,180,329.135
127,29,0,0.800498,54.9849,518.744,926.713
127,32,1,1016.88,1161.59,21.1298,206.755
128,1,3,926.154,1030.77,51.7428,141.382
128,11,0,907.644,953.894,131.647,240.18
128,7,0,1085.91,1341.84,962.421,1456.33
128,8,0,1457.05,1720.46,1087.21,1708.67
128,9,0,1121.17,1421.41,1169.07,1811.98
128,10,0,538.389,630.072,300.433,537.26
128,15,0,1341.38,1374,39.4832,121.046
128,16,0,881.719,916.743,89.4591,192.079
128,18,0,304.279,451.106,198.462,364.038
128,20,0,624.779,919.356,1165.11,1777.83
128,24,0,369.586,558.892,549.846,935.726
128,28,0,1492.69,1547.31,186.526,315.685
128,32,1,1016.88,1161.59,21.1298,206.755
128,34,0,1179.54,1208.15,23.4375,105.361
129,1,3,924.423,1032.5,50.6971,142.139
129,11,0,910.337,963.51,124.976,233.582
129,7,0,1085.73,1341.59,962.14,1458.83
129,8,0,1457.96,1719.58,1087.09,1708.06
129,9,0,1121.78,1423.42,1166.23,1813.94
129,10,0,519.159,613.918,312.043,554.495
129,15,0,1340.93,1372.92,38.5096,119.423
129,16,0,879.291,919.171,88.3053,194.099
129,18,0,252.692,405.385,197.668,368.005
129,20,0,624.234,917.519,1165.39,1778.04
129,24,0,314.26,513.392,569.038,964.069
129,28,0,1485.1,1537.98,176.647,304.507
129,32,1,1012.55,1164.38,22.2837,209.784
129,34,0,1180.88,1209.89,27.512,108.353
130,1,3,925.288,1030.1,51.6346,142.067
130,11,0,907.692,955.385,131.538,240.865
130,7,0,1085.31,1342.3,962.575,1460.72
130,8,0,1457.91,1720.17,1087.93,1708.18
130,9,0,1119.98,1424.06,1164.6,1814.93
130,10,0,497.548,600.913,319.76,571.586
130,15,0,1341.35,1372.5,37.3197,119.603
130,16,0,876.454,914.315,90.0361,190.925
130,18,0,202.356,360.721,204.375,372.837
130,20,0,624.765,916.906,1165.89,1778.35
130,24,0,257.584,476.635,591.636,1001.1
130,28,0,1473.03,1526.97,165.865,299.423
130,32,1,1012.98,1163.94,23.5096,210
130,34,0,1178.8,1205.82,27.2957,111.31
131,1,3,926.731,1030.19,50.0481,141.202
131,11,0,903.341,952.043,123.606,235.529
131,7,0,1086.11,1341.16,962.625,1454.73
131,8,0,1456.33,1719.23,1088.63,1707.06
131,9,0,1124.37,1419.89,1163.4,1817.31
131,10,0,473.462,574.231,321.346,585.577
131,15,0,1342.02,1371.83,37.1755,117.151
131,16,0,871.923,908.077,86.6106,192.043
131,18,0,119.615,291.154,198.029,380.913
131,20,0,625.937,913.409,1164.12,1779.05
131,24,0,178.424,404.18,622.601,1038.67
131,28,0,1460.7,1517.76,159.736,290.264
131,32,1,1013.89,1159.95,24.8798,212.38
131,34,0,1177.31,1204.23,34.0024,116.863
132,1,3,925.817,1029.57,50.625,140.192
132,11,0,901.442,949.327,119.387,234.844
132,7,0,1085.5,1340.49,961.752,1456.63
132,8,0,1454.63,1721.02,1089.12,1705.4
132,9,0,1125.28,1421.3,1161.14,1814.57
132,10,0,453.558,557.212,339.231,604.039
132,15,0,1342.4,1369.9,39.4111,116.214
132,16,0,864.255,901.899,89.1346,196.442
132,18,0,70.5769,239.038,213.534,383.582
132,20,0,625.983,915.851,1165.24,1777.51
132,24,0,120.62,356.979,655.072,1076.92
132,28,0,1452.91,1507.09,160.168,287.524
132,32,1,1011.11,1159.66,24.8077,211.442
132,34,0,1174.78,1203.68,34.0024,119.026
133,1,3,926.442,1028.94,50.4808,140.769
133,11,0,900.962,945.192,131.755,240.649
133,7,0,1085.15,1340.95,962.49,1456.28
133,8,0,1454.08,1720.21,1089.38,1705.36
133,9,0,1125.47,1420.33,1168.14,1809.56
133,10,0,435.625,535.144,344.856,609.952
133,15,0,1340.94,1368.29,38.5817,114.014
133,16,0,864.615,901.538,100.853,200.877
133,18,0,3.22116,184.663,221.827,387.404
133,20,0,626.808,915.405,1166.74,1776.93
133,24,0,58.9595,303.508,686.689,1112.52
133,28,0,1442.43,1497.57,155.986,278.149
133,32,1,1010.96,1159.81,25.1683,214.399
133,34,0,1174.35,1202.57,37.1755,120.613
134,1,3,926.971,1026.88,48.6058,140.913
134,11,0,897.596,945.481,130.817,241.587
134,7,0,1086.05,1337.57,962.951,1465.25
134,8,0,1455.46,1716.95,1088.13,1707.66
134,9,0,1131.07,1415.61,1167.48,1805.31
134,10,0,406.01,509.375,366.635,647.596
134,15,0,1338.46,1367.69,28.8822,108.858
134,16,0,860.12,895.264,100.962,203.654
134,18,0,3.4375,99.6394,225.433,386.106
134,20,0,626.45,910.296,1162.89,1778.98
134,24,0,1.05824,223.64,726.666,1181.68
134,28,0,1436.49,1486.59,148.63,271.947
134,32,1,1005.53,1163.7,26.4664,220.745
134,34,0,1173.32,1202.07,40.0962,123.75
135,1,3,924.856,1021.3,50.8413,141.274
135,11,0,896.034,943.966,131.214,242.055
135,7,0,1086.3,1337.46,964.172,1473.88
135,8,0,1454.8,1716.29,1088.39,1707.58
135,9,0,1133.24,1414.46,1164.14,1805.49
135,10,0,383.125,488.413,378.462,661.154
135,15,0,1338.85,1367.31,28.8101,106.262
135,16,0,856.01,893.221,103.377,206.142
135,18,0,3.4375,99.6394,225.433,386.106
135,20,0,624.694,907.433,1163.51,1778.21
135,24,0,0,161.233,751.097,1249.73
135,28,0,1428.74,1477.42,140.769,265.385
135,32,1,1000.91,1159.09,25.3846,225.288
135,34,0,1172.12,1200.19,39.9159,126.959
136,1,3,924.135,1020.48,51.274,140.986
136,11,0,893.029,942.356,129.231,242.885
136,7,0,1086.73,1338.01,964.734,1466.54
136,8,0,1454.39,1715.76,1087.84,1707.89
136,9,0,1131.68,1415.38,1167.34,1804.63
136,10,0,365.433,467.644,384.519,684.519
136,15,0,1338.85,1367.31,28.8101,106.262
136,16,0,852.188,893.966,98.762,205.276
136,20,0,622.479,909.25,1162.79,1778.03
136,24,0,0.83302,99.7661,785.615,1248.36
136,28,0,1418.94,1468.75,136.767,258.425
136,32,1,998.558,1158.37,27.1154,227.452
136,34,0,1168.08,1199.62,43.8822,126.31
137,1,3,923.389,1018.15,49.4351,141.382
137,11,0,894.255,939.591,117.692,242.885
137,7,0,1086.3,1338.07,963.937,1469.56
137,8,0,1451.19,1717.32,1086.93,1706.65
137,9,0,1133.78,1413.23,1167.3,1807.71
137,10,0,338.029,438.894,402.837,712.933
137,16,2,850.288,888.173,96.7428,212.488
137,20,0,621.842,908.613,1158.89,1780.31
137,24,0,0.83302,99.7661,785.615,1248.36
137,28,0,1413.88,1459.96,133.846,250.962
137,32,1,996.538,1163.46,26.3942,226.154
137,34,0,1168.23,1197.92,48.101,130.745
138,1,3,922.885,1015.58,50.8413,140.841
138,11,0,889.038,940.192,120.505,242.38
138,7,0,1084.56,1338.55,964.302,1467.34
138,8,0,1450.87,1716.74,1085.03,1706.64
138,9,0,1133.93,1410.66,1166.88,1809.87
138,10,0,296.174,422.403,425.197,734.693
138,15,0,1333.56,1363.37,25.4207,100.709
138,16,0,844.291,886.478,99.6635,209.567
138,20,0,621.592,907.873,1156.86,1776.31
138,28,0,1400.72,1451.59,129.339,247.103
138,32,1,992.115,1163.27,24.5192,228.606
138,34,0,1168.23,1197.92,48.8582,133.738
139,1,3,924.183,1014.28,50.5168,143.041
139,11,0,887.716,938.438,120.901,240.252
139,7,0,1085.6,1338.91,964.519,1468.91
139,8,0,1450.77,1716.38,1085.26,1705.24
139,9,0,1126.82,1417.97,1168.07,1813.34
139,10,0,274.862,400.66,438.003,764.577
139,15,0,1334.33,1361.06,27.6923,97.3558
139,16,0,843.57,882.584,101.358,210.757
139,20,0,623.05,906.758,1148.4,1768.04
139,28,0,1397.28,1444.25,124.327,239.423
139,32,1,989.76,1161.01,23.726,230.553
139,34,0,1165.25,1194.75,55.637,140.517
140,1,3,923.389,1008.92,50.2284,142.32
140,11,0,885.986,937.091,128.762,245.084
140,7,0,1085.91,1339.41,963.399,1464.47
140,8,0,1450.1,1715.96,1086.17,1705.24
140,9,0,1127.52,1414.71,1164.77,1817.25
140,10,0,240.432,365.74,462.105,794.957
140,15,0,1334.33,1361.06,27.6923,97.3558
140,16,0,837.909,877.476,99.6995,211.55
140,20,0,623.304,904.666,1141.73,1765.78
140,28,0,1395.36,1436.95,119.82,230.95
140,32,1,989.471,1161.3,24.8077,232.5
140,34,0,1163.86,1193.06,59.387,142.248
141,1,3,923.269,1007.5,50.8053,141.743
141,11,0,883.149,933.774,129.772,245.517
141,7,0,1084.2,1339.38,965.118,1465.22
141,8,0,1450.2,1715.67,1086.71,1704.12
141,9,0,1127.49,1416.65,1165.56,1818.44
141,10,0,207.612,341.524,477.069,824.96
141,16,0,833.918,870.697,102.837,214.183
141,20,0,622.1,906.778,1138.93,1762.14
141,28,0,1387.98,1432.02,113.293,227.091
141,32,1,988.558,1159.13,26.899,233.149
141,34,0,1164.84,1193.62,59.7837,144.447
142,1,3,923.75,1007.02,50.3005,142.392
142,11,0,880.096,933.75,128.87,244.399
142,7,0,1084.89,1339.51,964.445,1465.64
142,8,0,1449.51,1716.68,1086.48,1704.27
142,9,0,1125.27,1420.71,1161.28,1815.99
142,10,0,172.532,310.56,500.494,850.675
142,16,2,830.661,867.801,104.279,219.663
142,20,0,620.961,912.533,1135.72,1761.98
142,28,0,1381.78,1425.91,111.671,221.214
142,32,1,987.212,1152.79,25.0962,234.231
142,34,0,1161.6,1193.79,65.1562,146.142
143,1,3,923.798,1003.89,50.1202,141.851
143,11,0,877.404,931.827,126.454,247.969
143,7,0,1085.57,1339.13,965.256,1466.7
143,8,0,1451.06,1717.71,1086.36,1704.79
143,9,0,1128.91,1417.09,1159.92,1809.93
143,10,0,129.99,273.621,522.151,900.914
143,16,0,822.861,864.832,110.986,223.63
143,20,0,619.999,914.073,1132.56,1751.18
143,28,0,1375.1,1417.21,106.298,216.49
143,32,1,981.875,1150.43,24.8798,233.582
143,34,0,1159.6,1194.24,64.5072,148.666
144,1,3,924.399,1003.29,49.9038,141.635
144,11,0,876.13,928.486,126.562,246.707
144,7,0,1086.52,1338.42,965.469,1466.06
144,8,0,1451.38,1717.64,1085.85,1705.46
144,9,0,1142.69,1433.98,1151.56,1787.52
144,10,0,93.5752,240.54,551.348,933.595
144,15,0,1326.92,1354.62,17.2897,88.5757
144,16,0,821.346,861.731,108.065,221.935
144,20,0,626.633,918.49,1126.48,1750.22
144,28,0,1371.5,1413.11,104.026,208.954
144,32,1,980.817,1148.41,25.3846,235.962
144,34,0,1157.48,1193.29,66.274,150.649
145,1,3,924.88,1004.35,50.6971,142.572
145,11,0,874.76,929.856,127.284,249.159
145,7,0,1088.07,1337.2,965.199,1471.56
145,8,0,1452.54,1717.37,1085.7,1705.37
145,9,0,1144.93,1433.81,1146.3,1784.95
145,10,0,54.7556,203.453,578.777,969.086
145,15,0,1326.92,1354.62,17.2897,88.5757
145,16,0,811.899,857.332,115.925,228.209
145,20,0,632.507,921.386,1124.16,1743.19
145,28,0,1369.23,1409.23,101.575,205.925
145,32,1,977.26,1151.97,30.3606,238.63
145,34,0,1155.77,1191.92,69.2668,160.493
146,1,3,924.375,998.702,51.3101,142.536
146,11,0,870.817,926.106,125.3,252.873
146,7,0,1088.36,1335.79,965.24,1477.07
146,8,0,1454.7,1717.34,1083.97,1705.47
146,9,0,1149.64,1437.53,1141.13,1781.61
146,10,0,4.02164,153.776,605.384,1031.73
146,16,0,808.894,855.721,108.57,226.046
146,20,0,638.569,923.874,1122.08,1735.93
146,28,0,1364.06,1403.63,96.9591,201.887
146,32,1,974.808,1149.81,31.9471,240.216
146,34,0,1156,1191.69,75.2164,164.351
147,1,3,923.63,997.909,50.8413,142.428
147,11,0,870.264,925.12,127.68,248.185
147,7,0,1088.88,1336.85,965.86,1479.7
147,8,0,1452.97,1717.42,1082.31,1704.98
147,9,0,1149.49,1436.26,1139.5,1781.08
147,10,0,3.92093,109.132,633.714,1074.29
147,15,0,1323.87,1351.51,12.6923,86.9711
147,16,0,805.469,843.762,117.115,232.5
147,20,0,640.295,927.697,1118.39,1723.83
147,28,0,1360.44,1402.63,90.9736,195.901
147,32,1,973.173,1143.75,29.2067,238.63
147,34,0,1154.25,1191.9,76.262,167.344
148,1,3,922.692,997.308,50.4808,142.5
148,11,0,868.966,921.803,128.654,250.673
148,7,0,1090.04,1337.16,966.126,1481.85
148,8,0,1454.84,1716.08,1079.32,1706.42
148,9,0,1151.86,1430.62,1139.64,1778.25
148,10,0,3.71367,74.9377,674.89,1083.01
148,15,0,1323.87,1351.51,12.6923,86.9711
148,16,0,798.137,840.325,118.774,233.438
148,20,0,639.131,929.921,1115.21,1714.25
148,28,0,1355.96,1397.88,92.1274,190.853
148,32,1,970.673,1144.71,31.6587,244.543
148,34,0,1155.34,1192.36,77.9567,170.264
