2.0,1.0,0.0,1460.38,1533.46,193.377,338.546
2.0,2.0,0.0,976.509,1218.8,966.005,1536.02
2.0,3.0,3.0,1702.02,1861.06,153.786,294.483
2.0,6.0,3.0,1565.67,1825.1,131.935,243.642
3.0,1.0,0.0,1448.37,1520.87,189.591,332.812
3.0,2.0,0.0,977.021,1220.62,966.242,1534.31
3.0,3.0,3.0,1703.46,1859.62,155.084,293.762
3.0,6.0,3.0,1568.27,1825.58,131.286,245.156
4.0,1.0,0.0,1441.3,1507.93,183.281,328.161
4.0,2.0,0.0,978.478,1223.71,966.455,1535.36
4.0,3.0,3.0,1697.36,1871.87,159.05,289.796
4.0,6.0,3.0,1572.88,1814.81,131.358,243.642
4.0,10.0,0.0,1187.41,1406.42,1441.71,1920.0
4.0,11.0,4.0,1620.24,1653.61,160.457,264.159
5.0,1.0,0.0,1437.36,1493.41,174.736,325.168
5.0,2.0,0.0,979.611,1224.49,967.912,1534.6
5.0,3.0,3.0,1703.32,1859.76,155.661,293.185
5.0,4.0,3.0,0.0,587.188,661.624,1397.91
5.0,6.0,3.0,1576.35,1811.35,131.322,245.12
5.0,10.0,0.0,1189.66,1426.13,1385.35,1920.0
5.0,11.0,4.0,1622.42,1651.43,157.861,266.178
6.0,1.0,0.0,1432.4,1484.52,172.031,305.661
6.0,2.0,0.0,977.527,1224.87,968.227,1534.08
6.0,3.0,3.0,1705.05,1858.03,156.346,292.788
6.0,4.0,3.0,3.39211,564.383,694.61,1474.19
6.0,6.0,3.0,1575.38,1812.31,130.637,245.517
6.0,10.0,0.0,1186.54,1428.77,1345.68,1920.0
6.0,11.0,4.0,1621.65,1652.2,155.661,264.916
7.0,1.0,0.0,1428.99,1480.24,166.226,299.062
7.0,2.0,0.0,977.809,1225.81,967.933,1534.76
7.0,3.0,3.0,1705.29,1857.79,157.067,292.356
7.0,4.0,3.0,5.53694,534.215,744.334,1562.12
7.0,6.0,3.0,1576.63,1814.13,130.276,245.877
7.0,10.0,0.0,1186.61,1454.43,1313.14,1918.91
7.0,11.0,4.0,1621.92,1651.92,156.31,267.151
8.0,1.0,0.0,1421.23,1472.62,161.466,294.303
8.0,2.0,0.0,976.836,1223.03,966.867,1535.08
8.0,3.0,3.0,1705.05,1858.03,156.887,292.536
8.0,4.0,3.0,0.775185,500.951,808.514,1682.03
8.0,6.0,3.0,1573.56,1811.06,130.601,244.976
8.0,10.0,0.0,1193.65,1450.84,1266.38,1920.0
8.0,11.0,4.0,1621.54,1652.31,156.346,266.25
9.0,1.0,0.0,1421.2,1469.57,155.192,284.423
9.0,2.0,0.0,975.466,1220.13,968.707,1532.36
9.0,3.0,3.0,1700.53,1871.78,164.495,285.793
9.0,4.0,3.0,0.0,466.509,844.807,1753.78
9.0,6.0,3.0,1573.65,1810.96,129.88,246.274
9.0,10.0,0.0,1209.16,1455.53,1240.85,1912.4
9.0,11.0,4.0,1621.8,1652.04,155.264,267.332
10.0,1.0,0.0,1417.69,1465.38,151.947,275.553
10.0,2.0,0.0,973.326,1220.0,970.399,1532.26
10.0,3.0,3.0,1700.19,1872.12,164.387,286.19
10.0,4.0,3.0,0.0,442.541,892.115,1858.77
10.0,6.0,3.0,1574.04,1807.5,130.529,245.625
10.0,10.0,0.0,1224.16,1457.3,1206.52,1880.61
10.0,11.0,4.0,1620.55,1650.22,156.779,266.971
11.0,1.0,0.0,1414.95,1463.51,146.43,269.82
11.0,2.0,0.0,973.437,1219.48,972.989,1530.21
11.0,3.0,3.0,1699.42,1872.88,163.846,286.154
11.0,4.0,3.0,1.24077,371.039,942.571,1851.33
11.0,6.0,3.0,1573.56,1811.06,130.565,245.589
11.0,10.0,0.0,1234.16,1469.48,1173.77,1831.37
11.0,11.0,4.0,1622.22,1651.62,156.346,267.115
12.0,1.0,0.0,1415.41,1463.05,143.978,265.637
12.0,2.0,0.0,971.989,1218.67,973.4,1528.45
12.0,3.0,3.0,1699.62,1872.69,164.351,285.649
12.0,4.0,3.0,2.0339,327.942,996.938,1920.0
12.0,6.0,3.0,1571.83,1812.79,130.024,245.841
12.0,10.0,0.0,1230.67,1470.98,1148.89,1790.62
12.0,11.0,4.0,1622.15,1651.69,155.769,268.846
13.0,1.0,0.0,1414.84,1462.08,140.337,264.663
13.0,2.0,0.0,972.978,1221.68,971.551,1529.72
13.0,3.0,3.0,1698.89,1873.41,162.584,286.839
13.0,4.0,3.0,0.0,284.409,1084.43,1920.0
13.0,6.0,3.0,1571.35,1813.27,129.808,246.635
13.0,10.0,0.0,1241.02,1455.03,1129.92,1761.03
13.0,11.0,4.0,1622.5,1651.35,154.075,268.81
14.0,1.0,0.0,1410.77,1460.0,132.476,256.947
14.0,2.0,0.0,972.924,1223.12,969.789,1532.75
14.0,3.0,3.0,1700.0,1875.38,164.675,285.613
14.0,4.0,3.0,0.0,222.229,1203.12,1918.24
14.0,6.0,3.0,1576.54,1814.23,130.998,246.31
14.0,10.0,0.0,1249.09,1454.99,1094.11,1705.2
14.0,11.0,4.0,1620.14,1650.63,157.68,272.416
15.0,1.0,0.0,1408.53,1457.62,129.916,247.392
15.0,2.0,0.0,974.282,1223.38,969.809,1533.46
15.0,3.0,3.0,1700.24,1875.14,164.928,285.649
15.0,4.0,3.0,0.848117,160.494,1256.57,1916.67
15.0,6.0,3.0,1574.52,1813.17,130.889,246.13
15.0,10.0,0.0,1251.13,1468.77,1074.69,1689.37
15.0,11.0,4.0,1620.37,1650.4,157.5,273.173
16.0,1.0,0.0,1408.86,1454.22,128.329,244.075
16.0,2.0,0.0,976.511,1223.25,969.478,1534.51
16.0,3.0,3.0,1680.38,1904.23,147.692,283.846
16.0,4.0,3.0,0.848117,160.494,1256.57,1916.67
16.0,6.0,3.0,1576.15,1817.69,130.817,247.067
16.0,10.0,0.0,1257.69,1462.29,1054.77,1669.45
16.0,11.0,4.0,1620.05,1650.72,157.175,274.074
17.0,1.0,0.0,1406.69,1451.77,123.822,237.043
17.0,2.0,0.0,979.599,1223.58,970.951,1533.77
17.0,3.0,3.0,1700.14,1875.24,165.469,285.397
17.0,6.0,3.0,1575.29,1818.56,130.709,246.31
17.0,10.0,0.0,1256.57,1460.3,1034.43,1616.4
17.0,11.0,4.0,1619.98,1650.79,157.248,272.56
18.0,1.0,0.0,1401.97,1450.34,119.459,231.022
18.0,2.0,0.0,977.37,1224.65,969.271,1534.71
18.0,3.0,3.0,1701.06,1877.4,164.243,285.757
18.0,6.0,3.0,1575.48,1815.29,130.998,246.31
18.0,10.0,0.0,1259.31,1469.46,1015.46,1601.42
18.0,11.0,4.0,1620.32,1650.44,157.536,271.118
19.0,1.0,0.0,1402.0,1448.77,113.582,227.091
19.0,2.0,0.0,974.696,1224.07,967.78,1536.13
19.0,3.0,3.0,1700.72,1877.74,162.909,286.803
19.0,6.0,3.0,1575.77,1815.0,130.781,246.526
19.0,10.0,0.0,1249.95,1479.48,1002.18,1580.74
19.0,11.0,4.0,1620.38,1650.38,157.716,271.226
20.0,1.0,0.0,1398.61,1446.01,109.363,222.656
20.0,2.0,0.0,973.32,1220.15,969.251,1535.24
20.0,3.0,3.0,1700.38,1878.08,162.26,287.163
20.0,6.0,3.0,1575.96,1817.88,130.889,246.707
20.0,10.0,0.0,1255.67,1473.57,990.481,1560.64
20.0,11.0,4.0,1620.14,1650.63,156.923,271.442
21.0,1.0,0.0,1398.49,1444.59,105.613,216.31
21.0,2.0,0.0,971.792,1219.01,969.599,1535.32
21.0,3.0,3.0,1700.05,1878.41,162.909,286.514
21.0,6.0,3.0,1574.42,1810.19,130.132,246.31
21.0,10.0,0.0,1250.23,1479.2,981.075,1547.9
21.0,11.0,4.0,1620.29,1650.48,156.887,270.901
22.0,1.0,0.0,1398.39,1441.61,104.892,214.147
22.0,2.0,0.0,971.856,1217.45,970.994,1533.41
22.0,3.0,3.0,1700.53,1877.93,163.99,286.01
22.0,6.0,3.0,1575.77,1805.77,131.178,245.553
22.0,10.0,0.0,1252.28,1476.23,973.058,1526.08
22.0,11.0,4.0,1620.58,1650.19,159.087,268.99
23.0,1.0,0.0,1395.05,1437.26,100.709,209.387
23.0,2.0,0.0,971.795,1211.79,970.647,1532.65
23.0,3.0,3.0,1700.96,1877.5,165.505,285.072
23.0,6.0,3.0,1572.6,1805.87,131.538,245.481
23.0,10.0,0.0,1252.74,1468.71,958.544,1524.68
23.0,11.0,4.0,1620.25,1650.52,158.942,270.288
24.0,1.0,0.0,1393.12,1434.57,99.5914,203.87
24.0,2.0,0.0,971.036,1210.33,970.172,1533.68
24.0,3.0,3.0,1700.67,1877.79,164.062,285.649
24.0,6.0,3.0,1575.1,1809.52,130.673,246.058
24.0,10.0,0.0,1246.92,1467.04,950.09,1519.13
24.0,11.0,4.0,1621.61,1652.24,158.221,270.721
25.0,1.0,0.0,1393.14,1433.02,94.0745,197.127
25.0,2.0,0.0,971.791,1209.63,968.702,1533.87
25.0,3.0,3.0,1699.42,1875.96,164.099,285.324
25.0,6.0,3.0,1573.37,1811.25,131.034,245.409
25.0,10.0,0.0,1246.57,1469.42,947.584,1515.38
25.0,11.0,4.0,1621.54,1652.31,157.644,270.433
26.0,1.0,0.0,1390.23,1428.23,94.0745,191.502
26.0,2.0,0.0,973.362,1213.15,966.653,1534.72
26.0,3.0,3.0,1699.76,1875.62,165.108,284.892
26.0,6.0,3.0,1575.1,1809.52,131.286,244.868
26.0,10.0,0.0,1250.86,1463.66,946.83,1511.03
26.0,11.0,4.0,1620.55,1650.22,157.788,269.423
27.0,1.0,0.0,1386.36,1425.95,91.1899,188.906
27.0,2.0,0.0,973.987,1211.82,966.155,1536.73
27.0,3.0,3.0,1699.66,1875.72,165.144,285.144
27.0,6.0,3.0,1571.63,1809.9,131.683,244.471
27.0,10.0,0.0,1253.49,1465.28,945.734,1513.53
27.0,11.0,4.0,1620.07,1650.7,157.825,269.964
28.0,1.0,0.0,1385.0,1422.69,89.6394,183.245
28.0,2.0,0.0,975.026,1215.99,965.678,1537.51
28.0,3.0,3.0,1699.42,1875.96,164.639,285.072
28.0,6.0,3.0,1572.79,1811.83,131.538,244.327
28.0,10.0,0.0,1254.64,1459.12,951.423,1511.51
28.0,11.0,4.0,1620.22,1650.55,157.752,270.901
29.0,1.0,0.0,1382.13,1419.41,84.6635,181.875
29.0,2.0,0.0,976.462,1221.67,966.217,1536.65
29.0,3.0,3.0,1701.01,1877.45,163.99,286.298
29.0,6.0,3.0,1569.33,1799.9,131.575,245.733
29.0,10.0,0.0,1252.73,1468.73,956.218,1514.39
29.0,11.0,4.0,1620.0,1650.77,158.51,265.817
30.0,2.0,0.0,976.959,1222.28,967.917,1535.29
30.0,3.0,3.0,1699.42,1875.96,164.171,286.118
30.0,6.0,3.0,1571.15,1804.23,132.115,245.769
30.0,10.0,0.0,1255.84,1468.36,959.955,1512.16
30.0,11.0,4.0,1620.19,1650.58,159.014,266.466
31.0,2.0,0.0,977.706,1221.27,968.539,1533.29
31.0,3.0,3.0,1699.47,1875.91,164.207,286.082
31.0,6.0,3.0,1569.71,1805.67,132.548,245.913
31.0,10.0,0.0,1258.88,1468.92,961.318,1512.99
31.0,11.0,4.0,1619.65,1651.12,160.24,265.817
32.0,2.0,0.0,978.567,1220.65,968.034,1533.61
32.0,3.0,3.0,1699.95,1875.43,165.072,285.505
32.0,6.0,3.0,1570.87,1804.52,131.899,245.697
32.0,10.0,0.0,1259.22,1462.6,959.02,1515.02
32.0,11.0,4.0,1619.64,1651.13,159.663,265.529
32.0,18.0,0.0,1074.44,1341.15,1542.08,1920.0
33.0,2.0,0.0,979.435,1220.9,973.098,1555.07
33.0,3.0,3.0,1699.62,1875.77,164.062,286.514
33.0,6.0,3.0,1569.23,1806.15,131.43,245.589
33.0,10.0,0.0,1255.42,1468.09,959.543,1510.4
33.0,11.0,4.0,1619.63,1651.14,158.185,265.276
33.0,18.0,0.0,1040.58,1357.77,1505.98,1917.45
34.0,2.0,0.0,976.859,1225.05,970.039,1529.3
34.0,3.0,3.0,1698.85,1876.54,162.728,287.849
34.0,6.0,3.0,1569.23,1806.15,131.502,245.517
34.0,10.0,0.0,1252.51,1467.62,958.55,1504.46
34.0,11.0,4.0,1619.76,1651.01,158.005,265.168
34.0,18.0,0.0,1018.26,1368.25,1460.33,1920.0
35.0,2.0,0.0,975.52,1225.59,971.482,1523.42
35.0,3.0,3.0,1700.0,1875.38,164.243,286.334
35.0,6.0,3.0,1570.77,1807.69,130.998,245.733
35.0,10.0,0.0,1250.12,1469.52,958.57,1508.49
35.0,11.0,4.0,1620.0,1650.77,157.32,266.43
35.0,18.0,0.0,1022.64,1362.53,1410.13,1920.0
36.0,2.0,0.0,975.477,1224.12,970.672,1525.99
36.0,3.0,3.0,1699.9,1875.48,164.062,286.514
36.0,6.0,3.0,1570.0,1805.38,131.611,245.409
36.0,10.0,0.0,1253.8,1469.71,959.53,1513.09
36.0,11.0,4.0,1620.01,1650.76,159.447,265.745
36.0,18.0,0.0,1027.16,1357.71,1381.22,1916.23
37.0,2.0,0.0,973.53,1223.39,971.964,1521.88
37.0,3.0,3.0,1699.66,1875.72,164.207,286.37
37.0,6.0,3.0,1569.62,1805.77,131.755,245.841
37.0,10.0,0.0,1253.56,1470.38,961.25,1513.19
37.0,11.0,4.0,1619.86,1650.91,160.024,266.034
37.0,18.0,0.0,1035.03,1350.68,1362.75,1916.1
38.0,2.0,0.0,972.005,1226.12,970.421,1511.55
38.0,3.0,3.0,1699.04,1876.35,164.351,286.226
38.0,6.0,3.0,1568.85,1806.54,131.683,246.49
38.0,10.0,0.0,1252.87,1473.37,956.909,1516.99
38.0,11.0,4.0,1619.54,1651.23,159.411,264.916
38.0,18.0,0.0,1038.42,1350.62,1320.32,1913.1
39.0,2.0,0.0,970.167,1228.73,972.252,1513.78
39.0,3.0,3.0,1699.81,1875.58,163.99,286.587
39.0,6.0,3.0,1570.29,1805.1,132.007,246.166
39.0,10.0,0.0,1254.67,1469.38,956.197,1515.05
39.0,11.0,4.0,1619.86,1650.91,160.24,264.952
39.0,18.0,0.0,1036.89,1346.66,1303.05,1913.09
40.0,2.0,0.0,968.761,1229.61,972.479,1505.35
40.0,3.0,3.0,1700.0,1875.38,163.954,286.623
40.0,6.0,3.0,1569.81,1805.58,131.863,246.31
40.0,10.0,0.0,1255.42,1467.19,956.376,1516.19
40.0,11.0,4.0,1619.86,1650.91,159.736,264.591
40.0,18.0,0.0,1038.89,1349.65,1300.03,1912.63
41.0,2.0,0.0,969.282,1229.11,971.844,1498.51
41.0,3.0,3.0,1699.71,1875.67,164.387,286.19
41.0,6.0,3.0,1569.62,1805.77,131.43,246.166
41.0,10.0,0.0,1257.9,1465.75,956.578,1518.58
41.0,11.0,4.0,1620.24,1650.53,159.7,264.627
41.0,18.0,0.0,1021.54,1327.26,1275.78,1913.77
42.0,2.0,0.0,969.583,1228.97,972.8,1498.18
42.0,3.0,3.0,1700.14,1875.24,164.135,286.442
42.0,6.0,3.0,1568.85,1806.54,131.214,246.671
42.0,10.0,0.0,1258.21,1465.3,955.772,1518.05
42.0,11.0,4.0,1620.24,1650.53,159.7,264.627
42.0,18.0,0.0,1045.96,1338.53,1268.6,1916.71
43.0,2.0,0.0,969.634,1227.57,973.165,1500.6
43.0,3.0,3.0,1700.1,1875.29,164.099,286.19
43.0,6.0,3.0,1568.08,1804.23,131.755,246.418
43.0,10.0,0.0,1256.2,1463.99,954.604,1516.33
43.0,18.0,0.0,1041.8,1339.56,1265.02,1914.24
44.0,2.0,0.0,972.798,1227.04,972.054,1503.63
44.0,3.0,3.0,1698.65,1873.65,162.656,286.19
44.0,6.0,3.0,1570.96,1813.65,132.909,245.841
44.0,10.0,0.0,1256.38,1461.26,955.917,1514.09
44.0,11.0,4.0,1618.49,1652.28,160.745,263.582
44.0,18.0,0.0,1042.37,1346.52,1263.9,1913.44
45.0,2.0,0.0,972.896,1224.79,971.929,1509.24
45.0,3.0,3.0,1699.09,1873.22,162.476,286.659
45.0,6.0,3.0,1568.75,1812.79,133.197,245.264
45.0,10.0,0.0,1256.04,1465.75,957.705,1514.24
45.0,11.0,4.0,1618.2,1652.57,161.286,263.041
45.0,18.0,0.0,1048.25,1348.05,1254.61,1913.81
46.0,2.0,0.0,971.718,1224.72,972.029,1509.21
46.0,3.0,3.0,1698.17,1874.13,161.322,287.236
46.0,6.0,3.0,1569.62,1811.92,133.089,245.084
46.0,10.0,0.0,1255.92,1464.5,959.385,1514.97
46.0,11.0,4.0,1617.87,1652.9,161.935,262.969
46.0,18.0,0.0,1044.19,1346.27,1256.11,1915.23
47.0,2.0,0.0,973.957,1222.96,970.606,1513.46
47.0,3.0,3.0,1696.68,1875.62,158.87,289.399
47.0,6.0,3.0,1567.88,1819.81,132.728,245.445
47.0,10.0,0.0,1255.38,1462.47,958.481,1509.48
47.0,11.0,4.0,1617.87,1652.9,161.935,262.969
47.0,18.0,0.0,1051.4,1349.38,1258.4,1917.52
47.0,20.0,3.0,806.301,1400.85,289.976,507.5
48.0,2.0,0.0,973.31,1224.3,970.733,1511.6
48.0,3.0,3.0,1696.63,1872.6,158.798,289.76
48.0,6.0,3.0,1565.87,1815.67,133.377,244.507
48.0,10.0,0.0,1255.03,1461.46,959.129,1514.45
48.0,18.0,0.0,1052.4,1348.42,1258.38,1917.58
48.0,20.0,3.0,907.599,1489.08,288.769,515.899
49.0,2.0,0.0,973.572,1224.53,970.791,1513.91
49.0,3.0,3.0,1702.36,1860.72,156.49,292.356
49.0,6.0,3.0,1567.69,1816.92,132.656,244.94
49.0,10.0,0.0,1254.16,1463.21,958.599,1512.56
49.0,18.0,0.0,1049.37,1351.08,1259.32,1916.43
49.0,20.0,3.0,1008.77,1586.16,290.538,514.666
50.0,2.0,0.0,973.573,1224.79,969.195,1509.4
50.0,3.0,3.0,1702.79,1860.29,143.51,292.356
50.0,6.0,3.0,1563.37,1830.48,131.683,246.49
50.0,10.0,0.0,1254.17,1464.96,959.024,1510.69
50.0,18.0,0.0,1058.25,1348.12,1273.01,1914.82
50.0,20.0,3.0,1142.02,1729.35,296.514,517.383
50.0,27.0,0.0,1791.88,1986.59,298.846,456.346
51.0,2.0,0.0,973.706,1223.6,970.261,1512.98
51.0,3.0,3.0,1705.05,1858.03,146.178,289.399
51.0,6.0,3.0,1564.13,1823.56,130.601,246.418
51.0,10.0,0.0,1255.33,1462.62,960.066,1512.27
51.0,18.0,0.0,1053.0,1352.22,1273.6,1914.63
51.0,20.0,3.0,1245.34,1829.24,300.644,523.109
51.0,27.0,0.0,1782.07,1937.93,294.231,454.615
52.0,2.0,0.0,973.403,1225.36,969.833,1510.57
52.0,3.0,3.0,1705.96,1857.12,148.197,286.803
52.0,6.0,3.0,1564.62,1813.85,129.411,249.339
52.0,10.0,0.0,1255.53,1464.01,959.894,1511.83
52.0,18.0,0.0,1056.13,1353.6,1275.43,1914.82
52.0,20.0,3.0,1332.64,1940.39,309.08,524.28
52.0,27.0,0.0,1782.07,1937.93,294.231,454.615
52.0,28.0,0.0,284.561,607.212,1576.8,1918.05
53.0,2.0,0.0,975.083,1224.48,969.96,1513.61
53.0,3.0,3.0,1705.43,1857.64,142.284,292.428
53.0,6.0,3.0,1563.65,1827.12,127.897,250.565
53.0,10.0,0.0,1256.0,1464.13,956.962,1509.98
53.0,18.0,0.0,1054.64,1352.26,1280.15,1914.1
53.0,20.0,3.0,1467.13,2062.84,314.543,526.355
53.0,28.0,0.0,313.028,638.925,1505.13,1919.17
54.0,2.0,0.0,975.759,1224.49,970.603,1510.55
54.0,3.0,3.0,1605.96,1870.96,136.911,279.916
54.0,6.0,3.0,1563.65,1827.12,127.897,250.565
54.0,10.0,0.0,1255.61,1461.94,956.573,1511.75
54.0,18.0,0.0,1052.79,1351.28,1278.01,1914.4
54.0,20.0,3.0,1564.48,2160.92,313.202,533.936
54.0,28.0,0.0,358.0,646.306,1451.77,1920.0
55.0,2.0,0.0,975.781,1224.33,970.585,1511.32
55.0,3.0,3.0,1705.77,1863.46,153.209,297.079
55.0,6.0,3.0,1560.38,1833.46,128.906,251.286
55.0,10.0,0.0,1255.45,1462.13,957.405,1513.67
55.0,18.0,0.0,1055.79,1346.72,1275.97,1915.2
55.0,20.0,3.0,1676.7,2217.78,330.233,534.578
55.0,28.0,0.0,368.135,662.918,1416.94,1915.94
56.0,2.0,0.0,974.129,1225.66,970.204,1505.94
56.0,3.0,3.0,1695.67,1873.56,157.644,292.067
56.0,6.0,3.0,1564.81,1816.73,132.188,245.697
56.0,10.0,0.0,1254.58,1463.4,956.581,1512.31
56.0,18.0,0.0,1052.08,1351.58,1280.37,1915.21
56.0,20.0,3.0,1819.3,2291.27,333.613,537.485
56.0,27.0,0.0,1433.46,1640.38,264.159,435.072
56.0,28.0,0.0,381.678,695.636,1360.71,1915.14
57.0,2.0,0.0,973.332,1224.8,970.412,1507.99
57.0,3.0,3.0,1696.15,1879.23,158.69,290.445
57.0,6.0,3.0,1565.96,1815.58,131.07,245.95
57.0,10.0,0.0,1256.67,1463.26,955.384,1515.47
57.0,18.0,0.0,1054.89,1348.18,1269.52,1916.28
57.0,20.0,3.0,1819.3,2291.27,333.613,537.485
57.0,27.0,0.0,1373.85,1572.31,256.082,429.303
57.0,28.0,0.0,411.209,696.862,1321.29,1918.36
58.0,2.0,0.0,973.549,1225.32,970.875,1507.79
58.0,3.0,3.0,1698.22,1874.09,160.276,288.858
58.0,6.0,3.0,1570.77,1810.77,131.971,244.76
58.0,10.0,0.0,1255.85,1464.74,956.489,1510.45
58.0,11.0,4.0,1621.68,1652.16,158.51,264.087
58.0,18.0,0.0,1057.4,1355.59,1271.06,1916.8
58.0,27.0,0.0,1316.44,1517.4,260.625,425.913
58.0,28.0,0.0,422.442,705.319,1285.54,1916.51
59.0,2.0,0.0,972.6,1227.65,971.445,1516.02
59.0,3.0,3.0,1705.38,1857.69,157.356,291.779
59.0,6.0,3.0,1569.9,1820.87,131.25,246.923
59.0,10.0,0.0,1255.4,1473.47,953.751,1510.7
59.0,11.0,4.0,1621.68,1652.16,158.51,264.087
59.0,18.0,0.0,1057.22,1352.37,1271.63,1915.64
59.0,27.0,0.0,1238.27,1440.19,245.841,425.697
59.0,28.0,0.0,435.193,716.555,1233.2,1917.49
60.0,2.0,0.0,972.239,1226.98,972.157,1516.6
60.0,3.0,3.0,1700.58,1871.73,165.649,284.351
60.0,6.0,3.0,1571.35,1819.42,130.312,246.418
60.0,10.0,0.0,1255.33,1473.21,954.27,1504.73
60.0,18.0,0.0,1053.2,1356.24,1266.25,1916.73
60.0,27.0,0.0,1175.29,1377.02,251.178,421.514
60.0,28.0,0.0,445.684,721.807,1199.49,1908.95
61.0,2.0,0.0,972.792,1226.29,971.535,1515.45
61.0,3.0,3.0,1704.28,1858.8,158.618,291.094
61.0,6.0,3.0,1568.46,1819.23,131.322,245.697
61.0,10.0,0.0,1256.6,1473.24,958.135,1510.07
61.0,18.0,0.0,1055.97,1357.53,1274.53,1915.79
61.0,27.0,0.0,1117.4,1319.52,252.909,420.938
61.0,28.0,0.0,468.015,730.401,1177.48,1855.7
62.0,2.0,0.0,972.631,1226.94,971.731,1514.58
62.0,3.0,3.0,1707.98,1858.17,159.195,291.094
62.0,6.0,3.0,1563.75,1805.48,130.132,249.483
62.0,10.0,0.0,1254.33,1473.39,956.471,1509.76
62.0,18.0,0.0,1053.46,1358.88,1270.66,1914.91
62.0,28.0,0.0,482.265,739.576,1145.96,1812.93
63.0,2.0,0.0,973.541,1226.79,972.081,1514.67
63.0,3.0,3.0,1708.85,1860.38,156.851,293.149
63.0,6.0,3.0,1563.85,1820.77,129.231,250.962
63.0,10.0,0.0,1253.49,1473.99,956.385,1508.19
63.0,18.0,0.0,1052.32,1357.58,1268.83,1915.36
63.0,28.0,0.0,494.416,751.225,1119.89,1768.48
64.0,2.0,0.0,973.321,1227.07,971.936,1519.04
64.0,3.0,3.0,1707.98,1858.17,158.257,293.185
64.0,6.0,3.0,1564.81,1807.5,128.51,249.087
64.0,10.0,0.0,1252.35,1475.23,956.922,1511.83
64.0,11.0,4.0,1625.42,1660.73,152.38,267.909
64.0,18.0,0.0,1052.2,1355.09,1267.26,1916.09
64.0,28.0,0.0,505.948,761.631,1094.56,1735.75
64.0,33.0,0.0,1457.21,1668.94,268.486,451.514
65.0,2.0,0.0,973.199,1226.45,970.82,1518.73
65.0,3.0,3.0,1708.08,1858.08,158.942,292.5
65.0,6.0,3.0,1570.0,1820.77,129.159,247.861
65.0,10.0,0.0,1254.32,1474.26,956.49,1509.24
65.0,11.0,4.0,1624.76,1655.24,148.738,262.32
65.0,18.0,0.0,1055.76,1352.86,1266.28,1916.37
65.0,28.0,0.0,529.662,762.102,1066.67,1695.93
65.0,33.0,0.0,1336.15,1553.08,267.404,447.981
66.0,2.0,0.0,973.698,1226.33,968.949,1515.79
66.0,3.0,3.0,1706.01,1857.07,157.248,293.618
66.0,6.0,3.0,1570.77,1829.23,129.952,247.644
66.0,10.0,0.0,1254.43,1472.65,955.758,1511.48
66.0,11.0,4.0,1624.76,1655.24,148.738,262.32
66.0,18.0,0.0,1057.6,1349.1,1261.45,1915.12
66.0,28.0,0.0,527.119,777.245,1049.23,1671.68
66.0,33.0,0.0,1246.35,1456.73,254.856,444.952
67.0,2.0,0.0,973.046,1226.36,969.972,1514.28
67.0,3.0,3.0,1707.45,1858.7,156.923,293.654
67.0,6.0,3.0,1570.38,1826.54,130.781,247.103
67.0,10.0,0.0,1255.48,1472.29,956.778,1518.64
67.0,18.0,0.0,1055.07,1344.8,1268.75,1913.86
67.0,28.0,0.0,546.552,779.589,1024.85,1643.75
67.0,33.0,0.0,1150.96,1365.96,252.404,439.327
68.0,2.0,0.0,973.224,1226.29,968.845,1515.15
68.0,3.0,3.0,1700.19,1872.12,165.433,286.01
68.0,6.0,3.0,1570.87,1819.9,130.565,246.743
68.0,10.0,0.0,1256.94,1469.85,957.168,1516.84
68.0,18.0,0.0,1057.3,1345.4,1264.05,1915.89
68.0,28.0,0.0,552.271,786.82,1006.55,1623.63
69.0,2.0,0.0,975.032,1224.37,968.945,1518.73
69.0,3.0,3.0,1699.81,1872.5,164.603,286.551
69.0,6.0,3.0,1568.65,1819.04,131.25,245.769
69.0,10.0,0.0,1255.94,1469.01,955.966,1516.6
69.0,18.0,0.0,1058.11,1344.46,1265.75,1914.26
69.0,28.0,0.0,556.268,790.217,992.78,1599.71
70.0,2.0,0.0,974.522,1224.99,968.887,1519.61
70.0,3.0,3.0,1699.38,1872.93,164.964,286.19
70.0,6.0,3.0,1570.29,1820.48,129.952,247.067
70.0,10.0,0.0,1256.52,1469.53,957.252,1520.63
70.0,18.0,0.0,1056.61,1342.62,1270.06,1914.15
70.0,28.0,0.0,561.031,791.38,975.027,1579.59
71.0,2.0,0.0,974.003,1224.08,968.739,1520.27
71.0,3.0,3.0,1698.46,1873.85,163.846,286.731
71.0,6.0,3.0,1569.23,1815.38,130.637,245.805
71.0,10.0,0.0,1256.73,1467.8,956.594,1519.97
71.0,18.0,0.0,1056.69,1343.95,1270.04,1913.97
71.0,28.0,0.0,559.599,794.319,963.765,1565.38
72.0,2.0,0.0,973.265,1224.42,967.916,1519.85
72.0,3.0,3.0,1698.08,1874.23,163.558,286.442
72.0,6.0,3.0,1568.85,1815.77,131.358,245.084
72.0,10.0,0.0,1257.04,1469.04,955.15,1520.45
72.0,11.0,4.0,1621.78,1655.14,160.204,261.815
72.0,18.0,0.0,1059.23,1340.87,1267.93,1914.54
72.0,28.0,0.0,561.96,793.862,954.729,1540.12
73.0,2.0,0.0,972.521,1224.17,967.481,1518.61
73.0,3.0,3.0,1699.04,1873.27,163.161,286.551
73.0,6.0,3.0,1566.35,1812.12,132.115,245.192
73.0,10.0,0.0,1256.81,1469.67,955.944,1522.63
73.0,11.0,4.0,1621.03,1655.89,158.906,261.959
73.0,18.0,0.0,1062.61,1338.8,1267.61,1914.93
73.0,28.0,0.0,560.698,792.797,946.972,1532.65
74.0,2.0,0.0,973.261,1224.22,969.642,1517.42
74.0,3.0,3.0,1700.0,1875.38,166.082,284.784
74.0,6.0,3.0,1572.12,1806.35,132.224,243.642
74.0,10.0,0.0,1257.86,1462.39,954.585,1519.61
74.0,11.0,4.0,1620.54,1653.31,159.663,266.394
74.0,18.0,0.0,1058.99,1340.76,1274.43,1915.31
74.0,28.0,0.0,556.609,791.616,935.416,1515.68
75.0,2.0,0.0,972.998,1224.59,969.378,1515.82
75.0,3.0,3.0,1700.24,1875.14,166.298,284.856
75.0,6.0,3.0,1572.69,1802.69,131.755,243.822
75.0,10.0,0.0,1257.9,1463.67,955.347,1520.1
75.0,11.0,4.0,1620.87,1652.98,159.267,267.945
75.0,18.0,0.0,1053.49,1337.13,1277.05,1915.07
75.0,28.0,0.0,557.92,791.07,931.564,1512.96
76.0,2.0,0.0,973.404,1224.44,968.587,1515.96
76.0,3.0,3.0,1699.81,1875.58,165.397,285.18
76.0,6.0,3.0,1571.15,1804.23,132.079,243.498
76.0,10.0,0.0,1257.55,1463.73,954.029,1518.64
76.0,11.0,4.0,1620.62,1653.22,158.906,266.286
76.0,18.0,0.0,1056.9,1341.02,1278.89,1915.16
76.0,28.0,0.0,560.703,791.531,929.362,1512.47
77.0,2.0,0.0,973.508,1224.54,969.632,1517.41
77.0,3.0,3.0,1698.8,1876.59,164.207,285.793
77.0,6.0,3.0,1572.6,1812.02,132.656,243.498
77.0,10.0,0.0,1256.4,1464.89,952.816,1516.47
77.0,11.0,4.0,1620.87,1652.98,159.303,266.755
77.0,18.0,0.0,1054.6,1342.77,1279.93,1915.24
77.0,28.0,0.0,560.743,791.402,925.241,1511.77
78.0,2.0,0.0,974.181,1223.95,969.909,1519.43
78.0,3.0,3.0,1699.04,1876.35,164.459,285.541
78.0,6.0,3.0,1572.6,1812.02,132.079,244.075
78.0,10.0,0.0,1256.48,1465.37,953.657,1518.96
78.0,11.0,4.0,1621.3,1652.55,158.438,267.332
78.0,18.0,0.0,1057.35,1342.87,1279.5,1915.12
78.0,28.0,0.0,564.757,793.203,927.693,1511.37
79.0,2.0,0.0,974.5,1224.88,970.256,1518.7
79.0,3.0,3.0,1699.23,1876.15,164.603,285.685
79.0,6.0,3.0,1573.27,1808.27,131.791,244.075
79.0,10.0,0.0,1255.72,1467.79,954.968,1519.44
79.0,11.0,4.0,1621.57,1652.27,158.438,267.909
79.0,18.0,0.0,1056.64,1342.99,1276.39,1915.35
79.0,28.0,0.0,563.445,793.261,927.104,1511.06
80.0,2.0,0.0,974.219,1224.81,969.804,1515.58
80.0,3.0,3.0,1698.56,1876.83,163.846,285.865
80.0,6.0,3.0,1573.08,1811.54,132.043,244.399
80.0,10.0,0.0,1255.58,1468.25,955.112,1521.24
80.0,11.0,4.0,1621.12,1652.73,159.014,267.909
80.0,18.0,0.0,1057.29,1344.91,1278.52,1915.02
80.0,28.0,0.0,564.838,789.906,923.371,1511.34
81.0,2.0,0.0,974.475,1224.39,969.468,1514.98
81.0,3.0,3.0,1698.32,1877.07,163.089,286.623
81.0,6.0,3.0,1572.31,1809.23,132.548,243.894
81.0,10.0,0.0,1254.05,1470.79,954.368,1521.88
81.0,11.0,4.0,1621.26,1652.58,160.853,266.935
81.0,18.0,0.0,1057.28,1344.47,1277.36,1913.17
81.0,28.0,0.0,565.352,789.433,921.878,1511.86
82.0,2.0,0.0,974.449,1223.58,969.863,1514.31
82.0,3.0,3.0,1700.1,1878.37,163.233,286.767
82.0,6.0,3.0,1571.15,1810.38,132.404,244.615
82.0,10.0,0.0,1253.49,1471.66,954.135,1520.54
82.0,11.0,4.0,1618.99,1651.78,160.745,266.755
82.0,18.0,0.0,1058.39,1343.48,1279.36,1913.43
82.0,28.0,0.0,561.839,787.347,922.161,1512.43
83.0,2.0,0.0,974.186,1224.26,969.716,1514.56
83.0,3.0,3.0,1699.9,1875.48,165.361,285.505
83.0,6.0,3.0,1573.27,1805.19,131.719,244.724
83.0,10.0,0.0,1252.11,1473.99,954.264,1516.81
83.0,11.0,4.0,1620.94,1652.91,161.43,268.089
83.0,18.0,0.0,1053.02,1347.38,1279.53,1915.19
83.0,28.0,0.0,560.756,786.788,926.231,1510.48
84.0,2.0,0.0,973.481,1224.7,969.409,1515.85
84.0,3.0,3.0,1699.33,1876.06,164.603,285.397
84.0,6.0,3.0,1572.88,1808.65,131.971,244.471
84.0,10.0,0.0,1253.15,1473.84,954.024,1516.02
84.0,11.0,4.0,1620.6,1653.25,162.079,267.44
84.0,18.0,0.0,1051.65,1344.01,1282.41,1915.04
84.0,28.0,0.0,561.758,787.404,926.354,1510.03
85.0,2.0,0.0,973.861,1224.64,970.141,1516.45
85.0,3.0,3.0,1699.42,1875.96,164.279,285.721
85.0,6.0,3.0,1572.79,1808.75,132.151,244.579
85.0,10.0,0.0,1254.28,1471.78,954.405,1516.95
85.0,11.0,4.0,1620.53,1653.32,162.512,266.719
85.0,18.0,0.0,1053.39,1345.67,1279.74,1915.12
85.0,28.0,0.0,561.767,786.232,926.664,1510.91
86.0,2.0,0.0,972.652,1224.55,970.238,1516.41
86.0,3.0,3.0,1699.76,1875.62,164.675,285.036
86.0,6.0,3.0,1572.98,1805.48,132.224,244.507
86.0,10.0,0.0,1254.4,1470.66,954.276,1516.0
86.0,11.0,4.0,1620.62,1653.22,163.125,266.683
86.0,18.0,0.0,1055.54,1346.05,1275.61,1916.25
86.0,28.0,0.0,562.125,786.645,926.79,1510.18
87.0,2.0,0.0,972.729,1225.61,969.218,1512.07
87.0,3.0,3.0,1699.18,1876.2,163.882,285.541
87.0,6.0,3.0,1572.98,1805.48,131.683,245.625
87.0,10.0,0.0,1255.24,1468.43,955.253,1517.39
87.0,11.0,4.0,1620.48,1653.37,160.853,268.377
87.0,18.0,0.0,1054.11,1340.89,1276.69,1915.72
87.0,28.0,0.0,563.268,786.831,926.891,1511.42
88.0,1.0,3.0,1275.0,2235.0,1051.34,1920.0
88.0,7.0,3.0,521.032,1202.94,964.225,1661.25
88.0,10.0,3.0,1698.89,1873.41,160.925,287.921
88.0,11.0,3.0,1559.04,1825.58,131.43,249.339
88.0,35.0,0.0,1305.43,1365.34,165.721,292.067
88.0,38.0,0.0,1596.92,1827.69,318.245,515.986
88.0,40.0,0.0,1912.88,2145.58,364.76,561.779
89.0,1.0,3.0,1273.75,2223.75,1053.68,1918.44
89.0,7.0,3.0,517.258,1204.18,964.688,1659.08
89.0,10.0,3.0,1705.29,1857.79,157.212,292.788
89.0,11.0,3.0,1564.33,1804.9,131.647,245.373
89.0,35.0,0.0,1314.13,1376.63,151.406,298.882
89.0,38.0,0.0,1710.77,1947.69,317.957,522.62
89.0,40.0,0.0,1912.88,2145.58,364.76,561.779
90.0,1.0,3.0,1273.75,2227.5,1052.32,1919.4
90.0,7.0,3.0,516.825,1205.09,964.706,1659.26
90.0,10.0,3.0,1704.86,1858.22,156.526,292.608
90.0,11.0,3.0,1568.85,1800.38,131.755,245.553
90.0,35.0,0.0,1320.94,1386.75,143.582,287.957
90.0,38.0,0.0,1799.62,2031.15,346.659,530.264
91.0,1.0,3.0,1273.12,2225.0,1052.23,1919.53
91.0,7.0,3.0,517.552,1204.47,964.259,1658.14
91.0,10.0,3.0,1703.37,1859.71,159.519,290.481
91.0,11.0,3.0,1567.69,1804.62,133.486,245.553
91.0,35.0,0.0,1331.2,1388.8,143.942,271.154
91.0,38.0,0.0,1883.37,2125.87,363.894,534.375
92.0,1.0,3.0,1273.75,2226.25,1052.15,1920.0
92.0,7.0,3.0,516.382,1204.98,964.793,1657.66
92.0,10.0,3.0,1706.44,1856.63,158.69,291.022
92.0,11.0,3.0,1573.08,1808.46,131.755,247.572
92.0,12.0,4.0,1617.63,1656.21,155.3,258.353
92.0,35.0,0.0,1341.08,1394.3,138.57,269.892
92.0,38.0,0.0,1883.37,2125.87,363.894,534.375
93.0,1.0,3.0,1273.75,2227.5,1052.16,1920.0
93.0,7.0,3.0,516.644,1204.57,964.768,1657.04
93.0,10.0,3.0,1706.88,1856.2,159.411,290.589
93.0,11.0,3.0,1572.79,1805.67,130.168,248.582
93.0,12.0,4.0,1618.35,1655.49,153.714,259.363
93.0,35.0,0.0,1344.11,1398.97,134.279,264.663
94.0,1.0,3.0,1273.12,2222.5,1052.6,1919.26
94.0,7.0,3.0,517.292,1204.55,965.136,1657.15
94.0,10.0,3.0,1706.88,1856.2,159.736,290.841
94.0,11.0,3.0,1574.62,1806.92,129.952,248.798
94.0,12.0,4.0,1618.45,1652.32,153.93,262.608
94.0,35.0,0.0,1348.92,1401.85,134.171,258.426
95.0,1.0,3.0,1271.25,2212.5,1052.32,1919.4
95.0,7.0,3.0,516.734,1205.0,964.907,1657.01
95.0,10.0,3.0,1706.68,1856.39,158.762,290.661
95.0,11.0,3.0,1577.21,1813.56,130.385,247.788
95.0,12.0,4.0,1621.44,1652.4,153.642,263.762
95.0,35.0,0.0,1356.95,1404.59,128.005,254.495
96.0,1.0,3.0,1271.25,2213.75,1052.32,1919.4
96.0,7.0,3.0,517.237,1204.49,964.577,1658.03
96.0,10.0,3.0,1706.25,1856.83,158.329,290.805
96.0,11.0,3.0,1575.58,1809.04,130.637,247.248
96.0,12.0,4.0,1620.36,1653.49,153.498,261.31
96.0,35.0,0.0,1359.35,1406.8,128.654,247.212
97.0,1.0,3.0,1272.5,2215.0,1052.96,1919.2
97.0,7.0,3.0,517.267,1205.2,964.265,1658.4
97.0,10.0,3.0,1706.44,1856.63,159.05,290.949
97.0,11.0,3.0,1572.31,1809.23,131.647,247.392
97.0,12.0,4.0,1618.16,1652.61,154.507,260.877
97.0,35.0,0.0,1359.01,1407.14,121.154,239.423
98.0,1.0,3.0,1271.25,2215.0,1053.57,1919.8
98.0,7.0,3.0,519.137,1204.05,965.183,1658.22
98.0,10.0,3.0,1707.45,1855.62,158.906,290.805
98.0,11.0,3.0,1572.31,1818.46,131.43,247.031
98.0,12.0,4.0,1618.11,1652.66,153.425,260.805
98.0,35.0,0.0,1361.62,1409.15,118.882,237.079
99.0,1.0,3.0,1273.12,2225.0,1054.27,1920.0
99.0,7.0,3.0,519.34,1203.92,965.576,1657.09
99.0,10.0,3.0,1707.45,1855.62,159.231,290.769
99.0,11.0,3.0,1573.08,1820.77,131.755,246.995
99.0,12.0,4.0,1618.23,1652.54,154.543,260.841
99.0,35.0,0.0,1362.21,1410.1,115.312,231.707
100.0,1.0,3.0,1270.62,2222.5,1053.68,1920.0
100.0,7.0,3.0,520.341,1203.92,965.876,1657.05
100.0,10.0,3.0,1709.28,1856.88,160.312,291.13
100.0,11.0,3.0,1575.96,1817.88,131.142,246.743
100.0,12.0,4.0,1619.23,1651.54,154.724,262.392
100.0,35.0,0.0,1362.97,1409.34,111.995,229.543
101.0,1.0,3.0,1272.5,2225.0,1054.0,1920.0
101.0,7.0,3.0,520.77,1203.35,965.173,1654.83
101.0,10.0,3.0,1708.22,1857.93,158.726,291.562
101.0,11.0,3.0,1572.69,1824.23,131.07,246.238
101.0,12.0,4.0,1619.23,1651.54,154.724,262.392
101.0,35.0,0.0,1362.44,1406.79,108.173,218.077
102.0,1.0,3.0,1271.25,2227.5,1054.56,1919.94
102.0,7.0,3.0,523.34,1203.25,964.657,1656.34
102.0,10.0,3.0,1708.7,1857.45,159.88,291.274
102.0,11.0,3.0,1574.33,1822.6,132.728,246.599
102.0,35.0,0.0,1362.4,1406.83,104.531,222.007
103.0,1.0,3.0,1271.25,2220.0,1053.41,1920.0
103.0,7.0,3.0,520.219,1204.46,964.609,1655.78
103.0,10.0,3.0,1708.65,1857.5,159.411,291.166
103.0,11.0,3.0,1572.31,1821.54,132.692,245.769
103.0,12.0,4.0,1619.54,1651.23,159.195,263.978
103.0,35.0,0.0,1361.54,1404.62,103.522,214.363
104.0,1.0,3.0,1291.25,2191.25,1067.09,1913.18
104.0,7.0,3.0,524.591,1202.52,964.011,1657.64
104.0,10.0,3.0,1700.96,1874.42,165.613,284.964
104.0,11.0,3.0,1568.17,1825.67,132.007,246.166
104.0,12.0,4.0,1617.36,1650.34,158.834,267.224
104.0,35.0,0.0,1361.12,1400.42,102.8,211.334
105.0,1.0,3.0,1270.62,2217.5,1052.61,1920.0
105.0,7.0,3.0,523.689,1202.94,963.948,1657.32
105.0,10.0,3.0,1708.17,1857.98,159.808,290.769
105.0,11.0,3.0,1569.04,1824.81,131.575,247.752
105.0,12.0,4.0,1617.38,1650.31,157.861,267.62
105.0,35.0,0.0,1357.48,1396.37,99.5914,207.043
106.0,1.0,3.0,1270.0,2220.0,1053.8,1918.97
106.0,7.0,3.0,524.294,1202.88,963.656,1657.37
106.0,10.0,3.0,1707.98,1858.17,159.627,290.949
106.0,11.0,3.0,1567.6,1823.17,131.142,247.608
106.0,12.0,4.0,1617.39,1650.3,156.887,268.017
107.0,1.0,3.0,1270.0,2217.5,1053.27,1918.45
107.0,7.0,3.0,525.361,1202.62,964.087,1657.88
107.0,10.0,3.0,1708.22,1857.93,159.231,291.346
107.0,11.0,3.0,1569.52,1824.33,131.322,246.562
107.0,12.0,4.0,1617.6,1650.1,156.743,267.873
108.0,1.0,3.0,1270.0,2222.5,1052.91,1919.15
108.0,7.0,3.0,524.625,1202.55,961.74,1661.66
108.0,10.0,3.0,1707.98,1858.17,159.123,291.454
108.0,11.0,3.0,1570.77,1823.08,131.358,247.103
108.0,12.0,4.0,1617.85,1649.84,156.743,268.161
109.0,1.0,3.0,1271.25,2231.25,1052.91,1919.15
109.0,7.0,3.0,525.658,1202.26,961.643,1661.99
109.0,10.0,3.0,1699.62,1872.69,164.82,284.892
109.0,11.0,3.0,1569.42,1827.5,131.575,247.464
109.0,12.0,4.0,1617.38,1650.31,156.707,268.486
110.0,1.0,3.0,1271.25,2232.5,1053.0,1919.02
110.0,7.0,3.0,524.583,1203.5,960.295,1663.73
110.0,10.0,3.0,1699.38,1872.93,164.82,285.18
110.0,11.0,3.0,1570.1,1826.83,131.611,247.139
110.0,12.0,4.0,1617.74,1649.95,157.716,268.63
111.0,1.0,3.0,1271.88,2232.5,1052.34,1919.42
111.0,7.0,3.0,523.477,1203.39,963.428,1656.71
111.0,10.0,3.0,1699.18,1873.12,164.062,285.361
111.0,11.0,3.0,1567.98,1822.79,131.394,246.779
111.0,12.0,4.0,1618.53,1649.16,158.365,267.981
112.0,1.0,3.0,1272.5,2230.0,1051.94,1920.0
112.0,7.0,3.0,520.012,1205.93,963.757,1657.13
112.0,10.0,3.0,1699.62,1872.69,164.531,285.18
112.0,11.0,3.0,1574.04,1822.88,131.43,246.743
112.0,12.0,4.0,1619.23,1648.46,158.005,267.764
113.0,1.0,3.0,1273.75,2235.0,1053.62,1919.64
113.0,7.0,3.0,517.704,1206.3,963.862,1658.08
113.0,10.0,3.0,1707.07,1859.09,158.726,291.274
113.0,11.0,3.0,1570.87,1816.83,131.25,247.5
113.0,12.0,4.0,1618.29,1649.4,157.067,267.548
114.0,1.0,3.0,1272.5,2230.0,1052.85,1919.51
114.0,7.0,3.0,521.36,1205.27,964.053,1657.59
114.0,10.0,3.0,1703.85,1859.23,158.185,291.238
114.0,11.0,3.0,1570.96,1816.73,131.07,246.526
114.0,12.0,4.0,1618.22,1649.47,157.067,266.394
115.0,1.0,3.0,1273.75,2232.5,1052.47,1919.76
115.0,7.0,3.0,521.394,1205.3,964.408,1657.7
115.0,10.0,3.0,1705.62,1857.45,159.267,290.445
115.0,11.0,3.0,1570.96,1819.81,131.142,246.743
115.0,12.0,4.0,1618.17,1649.52,156.094,266.214
116.0,1.0,3.0,1273.75,2232.5,1051.56,1920.0
116.0,7.0,3.0,523.135,1204.38,964.322,1657.27
116.0,10.0,3.0,1706.01,1857.07,159.339,290.661
116.0,11.0,3.0,1571.15,1819.62,130.312,247.572
116.0,12.0,4.0,1618.5,1649.19,154.832,267.476
117.0,1.0,3.0,1273.12,2232.5,1052.23,1920.0
117.0,7.0,3.0,522.754,1205.0,964.856,1656.79
117.0,10.0,3.0,1704.86,1858.22,159.123,290.877
117.0,11.0,3.0,1570.96,1819.81,130.925,246.959
117.0,12.0,4.0,1617.85,1649.84,155.733,266.286
118.0,1.0,3.0,1273.75,2230.0,1052.04,1919.55
118.0,7.0,3.0,520.226,1206.81,964.719,1658.26
118.0,10.0,3.0,1704.86,1858.22,158.654,291.058
118.0,11.0,3.0,1570.19,1820.58,131.394,246.779
118.0,12.0,4.0,1617.42,1650.28,155.3,266.142
119.0,1.0,3.0,1272.5,2230.0,1052.37,1919.45
119.0,7.0,3.0,518.964,1210.94,963.133,1659.9
119.0,10.0,3.0,1706.88,1859.28,157.284,291.851
119.0,11.0,3.0,1569.42,1824.42,132.62,246.707
119.0,12.0,4.0,1618.11,1649.58,156.671,262.464
120.0,1.0,3.0,1272.5,2232.5,1052.37,1919.45
120.0,7.0,3.0,516.477,1212.18,962.868,1659.21
120.0,10.0,3.0,1706.11,1860.05,157.788,291.635
120.0,11.0,3.0,1569.81,1827.12,132.656,246.959
120.0,12.0,4.0,1618.05,1649.64,158.185,262.103
121.0,1.0,3.0,1272.5,2235.0,1051.66,1920.0
121.0,7.0,3.0,515.871,1212.25,963.277,1658.34
121.0,10.0,3.0,1706.01,1860.14,157.32,292.103
121.0,11.0,3.0,1570.58,1826.35,132.368,247.536
121.0,12.0,4.0,1618.35,1649.34,157.464,262.536
122.0,1.0,3.0,1273.12,2235.0,1051.46,1920.0
122.0,7.0,3.0,517.152,1211.83,962.815,1658.56
122.0,10.0,3.0,1706.3,1859.86,157.716,291.707
122.0,11.0,3.0,1570.0,1826.92,132.296,247.608
122.0,12.0,4.0,1617.94,1649.75,157.248,261.887
123.0,1.0,3.0,1273.75,2233.75,1051.76,1920.0
123.0,7.0,3.0,516.787,1211.47,962.949,1659.29
123.0,10.0,3.0,1706.06,1860.1,157.572,291.851
123.0,11.0,3.0,1570.58,1823.27,132.26,247.356
123.0,12.0,4.0,1617.34,1650.35,156.887,261.959
124.0,1.0,3.0,1273.12,2232.5,1052.4,1919.69
124.0,7.0,3.0,513.25,1213.38,962.674,1658.67
124.0,10.0,3.0,1707.55,1858.61,158.654,291.346
124.0,11.0,3.0,1571.15,1819.62,132.188,247.428
124.0,12.0,4.0,1616.67,1651.02,158.257,262.32
125.0,1.0,3.0,1273.75,2232.5,1052.01,1920.0
125.0,7.0,3.0,513.888,1211.29,962.979,1660.68
125.0,10.0,3.0,1707.16,1858.99,159.591,290.697
125.0,11.0,3.0,1569.42,1815.19,132.26,246.49
125.0,12.0,4.0,1616.11,1651.59,158.041,262.536
126.0,1.0,3.0,1272.5,2227.5,1052.72,1919.8
126.0,7.0,3.0,515.53,1210.55,963.506,1660.1
126.0,10.0,3.0,1706.83,1859.33,159.231,290.769
126.0,11.0,3.0,1570.38,1820.38,132.692,246.635
126.0,12.0,4.0,1614.01,1650.6,157.536,261.887
127.0,1.0,3.0,1271.25,2227.5,1052.31,1919.81
127.0,7.0,3.0,515.522,1209.86,963.45,1660.73
127.0,10.0,3.0,1705.38,1857.69,159.159,290.553
127.0,11.0,3.0,1570.77,1820.0,133.341,247.139
127.0,12.0,4.0,1615.94,1651.75,158.077,262.212
128.0,1.0,3.0,1270.62,2215.0,1050.79,1920.0
128.0,7.0,3.0,514.426,1211.82,963.365,1660.81
128.0,10.0,3.0,1705.14,1857.93,160.312,289.976
128.0,11.0,3.0,1570.38,1820.38,132.945,246.959
128.0,12.0,4.0,1615.02,1649.59,157.067,262.933
129.0,1.0,3.0,1270.0,2217.5,1051.7,1918.79
129.0,7.0,3.0,513.756,1211.84,963.14,1660.42
129.0,10.0,3.0,1707.45,1858.7,161.322,290.12
129.0,11.0,3.0,1570.87,1822.98,133.774,246.13
129.0,12.0,4.0,1617.52,1650.17,158.906,262.825
130.0,1.0,3.0,1268.75,2212.5,1050.85,1920.0
130.0,7.0,3.0,513.756,1211.84,963.536,1660.9
130.0,10.0,3.0,1700.96,1874.42,165.613,284.675
130.0,11.0,3.0,1570.96,1825.96,134.135,246.346
130.0,12.0,4.0,1615.91,1651.78,158.221,262.356
131.0,1.0,3.0,1270.0,2215.0,1050.52,1920.0
131.0,7.0,3.0,513.818,1211.22,962.718,1661.87
131.0,10.0,3.0,1707.07,1859.09,160.096,290.481
131.0,11.0,3.0,1573.94,1826.06,133.99,246.49
131.0,12.0,4.0,1617.79,1649.9,158.51,262.644
132.0,1.0,3.0,1268.75,2215.0,1052.37,1919.03
132.0,7.0,3.0,513.861,1211.94,962.751,1661.99
132.0,10.0,3.0,1698.89,1873.41,164.315,285.397
132.0,11.0,3.0,1572.5,1824.42,133.486,246.707
132.0,12.0,4.0,1617.0,1650.7,156.815,262.608
133.0,1.0,3.0,1269.38,2217.5,1053.23,1918.2
133.0,7.0,3.0,515.465,1211.16,962.96,1660.49
133.0,10.0,3.0,1706.11,1856.97,158.185,291.238
133.0,11.0,3.0,1573.17,1826.83,133.269,246.923
133.0,12.0,4.0,1618.04,1649.65,155.661,263.474
134.0,1.0,3.0,1271.25,2217.5,1051.65,1920.0
134.0,7.0,3.0,517.46,1208.76,964.215,1659.03
134.0,10.0,3.0,1704.86,1858.22,159.014,290.409
134.0,11.0,3.0,1569.42,1821.35,133.522,246.671
134.0,12.0,4.0,1619.24,1651.53,156.274,264.014
135.0,1.0,3.0,1271.88,2217.5,1050.12,1920.0
135.0,7.0,3.0,516.733,1209.38,964.0,1659.32
135.0,10.0,3.0,1705.1,1857.98,158.834,290.589
135.0,11.0,3.0,1570.96,1819.81,133.017,246.022
135.0,12.0,4.0,1619.52,1651.25,156.599,265.132
136.0,1.0,3.0,1271.88,2220.0,1051.28,1920.0
136.0,7.0,3.0,516.073,1210.07,963.806,1660.06
136.0,10.0,3.0,1703.8,1859.28,157.716,291.13
136.0,11.0,3.0,1570.38,1820.38,132.837,246.202
136.0,12.0,4.0,1618.92,1651.85,156.635,264.519
137.0,1.0,3.0,1273.75,2227.5,1050.69,1920.0
137.0,7.0,3.0,518.446,1209.07,963.892,1659.64
137.0,10.0,3.0,1704.52,1858.56,158.474,290.661
137.0,11.0,3.0,1569.62,1824.23,132.909,246.707
137.0,12.0,4.0,1618.77,1652.0,156.995,264.736
138.0,1.0,3.0,1273.75,2230.0,1051.39,1920.0
138.0,7.0,3.0,518.918,1209.2,963.739,1660.33
138.0,10.0,3.0,1703.85,1859.23,157.716,290.841
138.0,11.0,3.0,1569.23,1821.54,132.873,245.877
138.0,12.0,4.0,1619.12,1651.65,156.923,264.231
139.0,1.0,3.0,1271.88,2225.0,1051.24,1920.0
139.0,7.0,3.0,518.834,1208.78,963.905,1659.65
139.0,10.0,3.0,1703.7,1859.37,157.392,291.166
139.0,11.0,3.0,1567.31,1820.38,133.161,245.301
139.0,12.0,4.0,1618.31,1652.46,156.526,263.185
140.0,1.0,3.0,1271.25,2228.75,1051.12,1920.0
140.0,7.0,3.0,518.018,1208.3,964.011,1660.01
140.0,10.0,3.0,1704.42,1858.65,157.212,291.346
140.0,11.0,3.0,1567.31,1823.46,132.837,245.337
140.0,12.0,4.0,1618.98,1651.79,154.94,263.618
141.0,1.0,3.0,1271.25,2230.0,1051.44,1920.0
141.0,7.0,3.0,521.034,1207.29,964.241,1660.75
141.0,10.0,3.0,1699.13,1860.87,143.798,291.49
141.0,11.0,3.0,1568.56,1828.37,132.873,246.454
141.0,12.0,4.0,1618.28,1652.49,154.579,263.978
142.0,1.0,3.0,1272.5,2227.5,1051.21,1920.0
142.0,7.0,3.0,518.985,1208.93,963.765,1660.36
142.0,10.0,3.0,1705.38,1857.69,157.644,291.49
142.0,11.0,3.0,1566.92,1823.85,132.115,246.058
142.0,12.0,4.0,1618.7,1652.07,154.075,264.195
143.0,1.0,3.0,1271.25,2230.0,1051.19,1920.0
143.0,7.0,3.0,518.678,1207.95,963.977,1659.21
143.0,10.0,3.0,1704.28,1858.8,156.49,292.356
143.0,11.0,3.0,1566.35,1830.58,132.945,246.671
143.0,12.0,4.0,1615.67,1652.02,156.058,261.923
144.0,1.0,3.0,1271.88,2235.0,1050.04,1920.0
144.0,7.0,3.0,519.956,1206.88,964.479,1659.8
144.0,10.0,3.0,1699.33,1860.67,142.356,293.51
144.0,11.0,3.0,1566.25,1830.67,132.332,246.418
144.0,12.0,4.0,1617.87,1652.9,153.75,263.654
145.0,1.0,3.0,1273.12,2235.0,1050.63,1920.0
145.0,7.0,3.0,515.598,1209.26,964.202,1659.35
145.0,10.0,3.0,1699.04,1860.96,140.625,294.663
145.0,11.0,3.0,1567.31,1829.62,131.394,247.356
145.0,12.0,4.0,1618.26,1652.51,151.947,264.303
146.0,1.0,3.0,1274.38,2235.0,1050.28,1920.0
146.0,7.0,3.0,517.395,1209.03,963.673,1659.33
146.0,10.0,3.0,1701.25,1861.83,141.995,294.159
146.0,11.0,3.0,1566.06,1827.79,132.007,246.743
146.0,12.0,4.0,1618.32,1652.45,152.632,263.329
147.0,1.0,3.0,1273.75,2235.0,1050.92,1920.0
147.0,7.0,3.0,515.551,1209.55,964.023,1659.43
147.0,10.0,3.0,1700.48,1862.6,142.284,293.87
147.0,11.0,3.0,1567.31,1826.54,132.476,246.851
147.0,12.0,4.0,1618.41,1652.36,153.425,262.536
148.0,1.0,3.0,1275.0,2237.5,1049.82,1920.0
148.0,7.0,3.0,515.078,1210.1,963.659,1659.32
148.0,10.0,3.0,1700.77,1862.31,142.067,294.087
148.0,11.0,3.0,1568.27,1828.65,132.296,247.031
148.0,12.0,4.0,1618.92,1651.85,153.966,264.88
