2.0,3.0,0.0,1130.58,1306.35,233.221,411.779
2.0,6.0,0.0,1300.11,1500.1,818.652,1239.26
2.0,7.0,1.0,19.0625,1118.75,1180.52,1913.99
2.0,9.0,0.0,1204.72,1343.32,464.16,777.878
2.0,10.0,0.0,1720.56,1955.48,1066.02,1651.98
3.0,3.0,0.0,1130.58,1306.35,233.221,411.779
3.0,6.0,0.0,1315.84,1506.68,784.231,1206.08
3.0,7.0,1.0,19.0625,1116.25,1177.35,1913.7
3.0,9.0,0.0,1205.55,1343.78,464.879,776.993
3.0,10.0,0.0,1718.44,1956.39,1066.43,1652.96
4.0,6.0,0.0,1333.56,1521.21,753.907,1152.04
4.0,7.0,1.0,17.5,1116.88,1178.66,1914.29
4.0,9.0,0.0,1204.13,1345.29,467.282,775.158
4.0,10.0,0.0,1718.98,1957.1,1064.35,1649.74
4.0,15.0,0.0,1811.83,2040.48,335.769,511.731
5.0,6.0,0.0,1355.0,1535.02,718.423,1107.54
5.0,7.0,1.0,51.5625,1150.0,1160.77,1920.0
5.0,8.0,5.0,729.863,1391.83,233.78,548.811
5.0,9.0,0.0,1204.59,1346.07,465.578,778.378
5.0,10.0,0.0,1714.9,1956.49,1065.4,1648.5
5.0,15.0,0.0,1811.83,2040.48,335.769,511.731
6.0,6.0,0.0,1372.8,1545.63,688.271,1068.03
6.0,7.0,1.0,72.8125,1133.75,1149.36,1920.0
6.0,8.0,5.0,797.121,1463.96,234.242,554.038
6.0,9.0,0.0,1204.75,1345.7,457.831,779.146
6.0,10.0,0.0,1714.98,1955.5,1065.42,1647.96
7.0,6.0,0.0,1382.24,1559.51,660.885,1028.59
7.0,7.0,1.0,51.875,1148.75,1164.94,1920.0
7.0,8.0,5.0,856.371,1529.42,233.824,559.57
7.0,9.0,0.0,1202.52,1345.52,461.294,778.439
7.0,10.0,0.0,1716.92,1956.97,1065.2,1648.87
7.0,18.0,0.0,0.0,231.348,1165.48,1848.11
8.0,1.0,0.0,1344.64,1396.9,105.072,211.37
8.0,6.0,0.0,1411.25,1582.03,633.54,984.149
8.0,7.0,1.0,32.5,1110.62,1186.25,1911.71
8.0,8.0,5.0,962.842,1634.75,243.066,558.174
8.0,9.0,0.0,1202.69,1345.48,465.364,777.478
8.0,10.0,0.0,1717.22,1956.84,1065.21,1648.88
8.0,18.0,0.0,1.38498,304.572,1096.08,1736.72
9.0,1.0,0.0,1351.48,1399.29,101.394,206.683
9.0,6.0,0.0,1430.36,1600.3,608.971,962.967
9.0,7.0,1.0,29.6875,1105.0,1189.13,1904.92
9.0,8.0,5.0,1034.83,1710.35,245.214,557.831
9.0,9.0,0.0,1202.82,1346.59,463.086,776.69
9.0,10.0,0.0,1718.13,1956.34,1065.77,1650.59
9.0,18.0,0.0,40.0175,336.181,1054.64,1665.98
10.0,1.0,0.0,1353.82,1401.56,96.5986,202.825
10.0,6.0,0.0,1452.18,1612.06,588.158,930.78
10.0,7.0,1.0,26.25,1106.88,1192.08,1907.87
10.0,8.0,5.0,1120.23,1789.36,248.998,551.961
10.0,9.0,0.0,1202.61,1345.34,464.546,778.034
10.0,10.0,0.0,1720.47,1957.7,1065.81,1651.77
10.0,18.0,0.0,84.8028,381.256,1023.67,1597.52
11.0,1.0,0.0,1362.86,1406.37,89.8918,194.82
11.0,6.0,0.0,1472.33,1632.8,573.273,893.961
11.0,7.0,1.0,16.875,1111.88,1198.5,1908.36
11.0,8.0,5.0,1223.71,1888.6,248.798,561.377
11.0,9.0,0.0,1206.2,1342.39,466.422,775.729
11.0,10.0,0.0,1711.27,1970.86,1060.11,1662.45
11.0,18.0,0.0,152.474,425.703,977.697,1502.56
12.0,1.0,0.0,1368.87,1409.59,88.4495,192.8
12.0,6.0,0.0,1491.05,1648.48,551.44,874.367
12.0,7.0,1.0,12.8125,1112.5,1195.87,1909.39
12.0,8.0,5.0,1298.58,1968.35,252.843,561.442
12.0,9.0,0.0,1203.77,1346.46,458.155,779.313
12.0,10.0,0.0,1712.13,1972.6,1060.17,1661.62
12.0,18.0,0.0,187.208,468.767,953.219,1445.68
13.0,1.0,0.0,1370.34,1412.74,84.5192,191.394
13.0,6.0,0.0,1511.78,1674.06,536.813,849.155
13.0,7.0,1.0,15.0,1111.88,1190.81,1910.63
13.0,8.0,5.0,1373.34,2034.98,258.325,566.849
13.0,9.0,0.0,1205.34,1344.89,458.348,777.668
13.0,10.0,0.0,1712.05,1972.39,1060.25,1661.23
13.0,18.0,0.0,228.165,504.751,933.595,1395.66
14.0,6.0,0.0,1539.01,1710.08,516.834,822.762
14.0,7.0,1.0,20.3125,1116.25,1184.95,1911.65
14.0,8.0,5.0,1489.95,2154.02,265.858,568.525
14.0,9.0,0.0,1216.8,1349.28,457.43,780.633
14.0,10.0,0.0,1719.02,1956.39,1064.37,1650.33
14.0,18.0,0.0,266.986,552.84,898.278,1340.58
15.0,6.0,0.0,1563.57,1725.97,505.069,799.384
15.0,7.0,1.0,20.0,1118.75,1181.86,1914.44
15.0,8.0,5.0,1569.94,2215.79,266.213,568.4
15.0,9.0,0.0,1215.35,1351.14,456.881,780.281
15.0,10.0,0.0,1719.18,1957.02,1065.03,1650.42
15.0,18.0,0.0,295.358,594.784,881.185,1307.17
16.0,6.0,0.0,1588.24,1746.72,489.726,779.301
16.0,7.0,1.0,20.0,1116.88,1180.86,1912.9
16.0,8.0,5.0,1653.94,2252.57,264.494,566.829
16.0,9.0,0.0,1216.68,1349.55,457.504,779.998
16.0,10.0,0.0,1719.09,1955.51,1064.73,1650.97
16.0,18.0,0.0,326.707,631.368,866.637,1284.08
17.0,6.0,0.0,1624.13,1783.82,482.283,753.783
17.0,7.0,1.0,20.0,1117.5,1179.77,1914.86
17.0,8.0,5.0,1770.85,2296.85,259.093,561.833
17.0,9.0,0.0,1217.24,1349.33,458.67,780.024
17.0,10.0,0.0,1716.93,1954.74,1066.87,1650.83
17.0,18.0,0.0,368.875,672.349,842.411,1242.98
18.0,6.0,0.0,1654.13,1815.42,473.174,739.878
18.0,7.0,1.0,20.3125,1116.25,1178.25,1914.41
18.0,8.0,5.0,1860.73,2330.28,250.278,582.651
18.0,9.0,0.0,1217.23,1349.84,459.27,780.506
18.0,10.0,0.0,1716.41,1953.63,1066.34,1650.02
18.0,18.0,0.0,404.881,695.875,826.805,1214.27
19.0,6.0,0.0,1681.68,1846.03,463.04,731.64
19.0,7.0,1.0,20.9375,1118.75,1180.3,1914.31
19.0,8.0,5.0,1860.73,2330.28,250.278,582.651
19.0,9.0,0.0,1217.36,1349.91,458.886,780.907
19.0,10.0,0.0,1716.62,1953.53,1066.79,1649.89
19.0,18.0,0.0,409.834,727.483,822.19,1207.13
20.0,6.0,0.0,1724.97,1895.91,453.864,710.038
20.0,7.0,1.0,19.0625,1118.75,1178.63,1913.36
20.0,9.0,0.0,1216.87,1350.26,456.619,781.563
20.0,10.0,0.0,1715.43,1951.96,1066.14,1648.39
20.0,18.0,0.0,442.405,752.242,812.555,1202.08
21.0,6.0,0.0,1762.62,1943.39,444.634,696.714
21.0,7.0,1.0,19.0625,1121.25,1180.34,1914.71
21.0,9.0,0.0,1216.81,1350.27,456.526,781.231
21.0,10.0,0.0,1714.26,1953.14,1067.19,1649.16
21.0,18.0,0.0,451.103,759.882,808.785,1201.7
22.0,6.0,0.0,1802.4,1982.69,441.807,687.566
22.0,7.0,1.0,19.6875,1121.25,1180.89,1913.47
22.0,9.0,0.0,1217.15,1350.09,456.378,781.361
22.0,10.0,0.0,1713.2,1950.51,1065.44,1650.26
22.0,18.0,0.0,462.485,770.888,796.378,1195.68
23.0,6.0,0.0,1859.04,2034.76,432.723,679.143
23.0,7.0,1.0,19.6875,1121.25,1181.87,1913.74
23.0,9.0,0.0,1217.32,1350.06,456.682,781.347
23.0,10.0,0.0,1715.52,1953.96,1065.71,1649.38
23.0,18.0,0.0,476.007,778.37,783.845,1191.86
24.0,6.0,0.0,1903.84,2086.16,428.103,676.032
24.0,7.0,1.0,18.75,1120.0,1182.12,1916.13
24.0,9.0,0.0,1217.73,1349.96,457.021,781.647
24.0,10.0,0.0,1716.7,1956.38,1066.17,1649.27
24.0,18.0,0.0,479.819,782.922,785.91,1189.82
25.0,6.0,0.0,1950.85,2124.19,415.255,665.739
25.0,7.0,1.0,18.75,1120.62,1182.83,1916.48
25.0,9.0,0.0,1217.7,1349.79,456.957,781.464
25.0,10.0,0.0,1716.39,1956.56,1067.08,1648.48
25.0,18.0,0.0,482.482,785.215,787.432,1187.8
26.0,6.0,0.0,1950.85,2124.19,415.255,665.739
26.0,7.0,1.0,19.6875,1120.0,1180.5,1915.59
26.0,9.0,0.0,1216.51,1350.23,458.455,779.064
26.0,10.0,0.0,1716.55,1957.75,1066.05,1648.59
26.0,18.0,0.0,478.816,783.924,791.659,1185.82
27.0,7.0,1.0,19.6875,1118.75,1180.08,1917.32
27.0,9.0,0.0,1205.77,1344.85,461.062,777.975
27.0,10.0,0.0,1717.5,1957.49,1066.95,1648.92
27.0,18.0,0.0,477.859,780.15,788.332,1186.8
28.0,7.0,1.0,20.0,1118.75,1178.18,1914.71
28.0,9.0,0.0,1205.69,1343.72,460.005,776.145
28.0,10.0,0.0,1717.63,1956.45,1066.57,1648.54
28.0,18.0,0.0,477.931,780.295,791.144,1189.91
29.0,7.0,1.0,22.5,1114.38,1178.82,1912.83
29.0,9.0,0.0,1204.84,1340.06,458.539,773.562
29.0,10.0,0.0,1716.55,1953.63,1063.32,1648.7
29.0,18.0,0.0,477.458,783.76,789.319,1194.95
30.0,7.0,1.0,22.1875,1115.0,1180.44,1913.56
30.0,9.0,0.0,1204.51,1338.94,457.081,772.566
30.0,10.0,0.0,1717.72,1955.79,1063.97,1648.22
30.0,18.0,0.0,476.968,786.729,783.339,1195.51
31.0,7.0,1.0,23.4375,1116.25,1179.87,1912.8
31.0,9.0,0.0,1202.14,1338.06,457.107,775.221
31.0,10.0,0.0,1717.6,1956.83,1064.63,1646.59
31.0,18.0,0.0,474.389,784.604,783.887,1192.55
32.0,7.0,1.0,22.1875,1118.75,1178.23,1914.22
32.0,9.0,0.0,1201.13,1337.68,455.611,775.087
32.0,10.0,0.0,1717.23,1957.52,1064.88,1646.84
32.0,18.0,0.0,478.19,779.375,784.211,1194.78
33.0,7.0,1.0,23.75,1116.88,1178.92,1912.93
33.0,9.0,0.0,1201.0,1337.55,456.1,774.214
33.0,10.0,0.0,1717.38,1957.67,1063.73,1647.41
33.0,18.0,0.0,478.062,776.539,786.136,1192.66
34.0,7.0,1.0,23.4375,1117.5,1181.3,1912.09
34.0,9.0,0.0,1201.23,1336.72,456.36,773.97
34.0,10.0,0.0,1716.74,1957.73,1065.81,1647.78
34.0,18.0,0.0,473.493,776.374,785.953,1193.97
35.0,7.0,1.0,23.4375,1118.75,1181.06,1913.11
35.0,9.0,0.0,1203.78,1338.61,457.707,772.115
35.0,10.0,0.0,1717.58,1957.77,1066.75,1648.72
35.0,18.0,0.0,469.987,773.831,785.01,1194.78
35.0,21.0,0.0,1404.14,1763.96,1468.98,1917.86
36.0,7.0,1.0,23.125,1117.5,1183.26,1912.1
36.0,9.0,0.0,1204.07,1339.29,458.126,770.811
36.0,10.0,0.0,1717.09,1957.44,1067.34,1651.02
36.0,18.0,0.0,470.192,771.525,786.293,1194.81
36.0,21.0,0.0,1406.17,1764.85,1417.51,1917.53
37.0,7.0,1.0,21.875,1116.25,1182.56,1911.75
37.0,9.0,0.0,1204.54,1340.03,458.58,770.846
37.0,10.0,0.0,1717.67,1956.43,1067.72,1648.55
37.0,18.0,0.0,468.786,771.815,789.984,1193.99
37.0,21.0,0.0,1419.49,1766.75,1371.95,1914.07
38.0,7.0,1.0,21.875,1115.62,1182.21,1912.83
38.0,9.0,0.0,1204.86,1341.45,459.714,771.257
38.0,10.0,0.0,1717.84,1955.65,1068.49,1648.76
38.0,18.0,0.0,466.517,771.848,791.132,1194.54
38.0,21.0,0.0,1438.53,1766.36,1319.96,1914.74
39.0,7.0,1.0,21.875,1115.62,1182.46,1912.18
39.0,9.0,0.0,1205.69,1341.48,459.683,770.808
39.0,10.0,0.0,1718.25,1954.87,1066.3,1648.83
39.0,18.0,0.0,465.859,769.629,791.559,1195.51
39.0,21.0,0.0,1441.82,1762.13,1285.71,1914.68
40.0,7.0,1.0,23.125,1115.0,1184.22,1912.7
40.0,9.0,0.0,1205.54,1341.26,459.917,770.814
40.0,10.0,0.0,1719.48,1956.88,1068.27,1645.71
40.0,18.0,0.0,467.337,768.228,789.903,1197.08
40.0,21.0,0.0,1459.73,1760.11,1250.14,1910.22
41.0,7.0,1.0,21.875,1113.12,1183.93,1910.63
41.0,9.0,0.0,1204.23,1342.49,460.122,771.703
41.0,10.0,0.0,1719.04,1956.35,1067.29,1644.16
41.0,18.0,0.0,466.534,768.382,783.601,1196.18
41.0,21.0,0.0,1481.84,1774.7,1215.1,1868.93
42.0,7.0,1.0,21.875,1113.75,1184.41,1910.22
42.0,9.0,0.0,1203.7,1343.02,460.426,770.641
42.0,10.0,0.0,1721.18,1955.56,1060.54,1643.07
42.0,18.0,0.0,467.89,772.328,784.369,1195.04
42.0,21.0,0.0,1494.7,1792.16,1197.22,1836.88
43.0,7.0,1.0,21.875,1113.75,1184.74,1910.21
43.0,9.0,0.0,1203.98,1341.77,460.432,768.458
43.0,10.0,0.0,1720.33,1955.68,1060.58,1641.41
43.0,18.0,0.0,470.593,773.474,781.924,1192.99
43.0,21.0,0.0,1498.96,1784.48,1180.72,1815.63
44.0,7.0,1.0,20.0,1113.75,1186.57,1913.09
44.0,9.0,0.0,1205.53,1342.62,457.639,765.402
44.0,10.0,0.0,1715.07,1955.24,1061.53,1644.06
44.0,18.0,0.0,468.65,773.088,779.888,1192.21
44.0,21.0,0.0,1508.68,1804.05,1177.75,1795.42
45.0,7.0,1.0,20.0,1114.38,1187.54,1911.59
45.0,9.0,0.0,1205.36,1342.98,455.873,766.315
45.0,10.0,0.0,1714.4,1953.13,1064.55,1644.25
45.0,18.0,0.0,468.493,772.411,781.83,1192.35
45.0,21.0,0.0,1513.94,1789.46,1170.14,1770.82
46.0,7.0,1.0,18.4375,1113.75,1189.52,1912.51
46.0,9.0,0.0,1205.61,1342.47,456.208,765.364
46.0,10.0,0.0,1713.6,1953.12,1061.25,1634.76
46.0,18.0,0.0,468.114,771.662,782.75,1193.87
46.0,21.0,0.0,1512.39,1790.88,1168.85,1771.04
47.0,7.0,1.0,16.25,1110.62,1192.23,1910.3
47.0,9.0,0.0,1205.21,1342.47,456.305,765.839
47.0,10.0,0.0,1721.26,1949.98,1048.7,1640.41
47.0,18.0,0.0,465.299,764.432,782.455,1194.83
47.0,21.0,0.0,1510.28,1779.81,1180.79,1788.11
48.0,7.0,1.0,15.0,1112.5,1190.03,1910.2
48.0,9.0,0.0,1204.57,1342.93,456.929,764.842
48.0,10.0,0.0,1725.81,1953.81,1049.53,1638.93
48.0,18.0,0.0,465.302,764.216,784.008,1196.68
48.0,21.0,0.0,1506.79,1778.96,1178.57,1788.38
49.0,7.0,1.0,15.625,1113.75,1192.75,1908.71
49.0,9.0,0.0,1204.56,1342.92,456.715,763.839
49.0,10.0,0.0,1722.89,1957.44,1051.45,1639.13
49.0,18.0,0.0,464.163,764.614,784.695,1197.93
49.0,21.0,0.0,1514.81,1786.85,1177.5,1791.27
50.0,7.0,1.0,13.75,1113.75,1193.7,1907.57
50.0,9.0,0.0,1204.24,1343.12,455.19,764.006
50.0,10.0,0.0,1725.81,1957.29,1051.02,1634.13
50.0,18.0,0.0,463.175,763.259,786.505,1196.67
50.0,21.0,0.0,1509.8,1793.16,1180.55,1791.85
51.0,7.0,1.0,13.4375,1112.5,1192.3,1907.92
51.0,9.0,0.0,1204.18,1342.95,454.547,763.779
51.0,10.0,0.0,1725.95,1957.79,1051.74,1634.85
51.0,18.0,0.0,462.673,763.491,785.912,1194.93
51.0,21.0,0.0,1504.9,1799.33,1182.58,1791.05
52.0,7.0,1.0,19.0625,1112.5,1187.15,1909.43
52.0,9.0,0.0,1204.25,1343.32,455.807,763.307
52.0,10.0,0.0,1726.12,1954.34,1054.7,1636.67
52.0,18.0,0.0,462.045,762.423,785.497,1194.66
52.0,21.0,0.0,1507.22,1794.27,1183.79,1790.45
53.0,7.0,1.0,20.9375,1112.5,1187.27,1906.21
53.0,9.0,0.0,1205.51,1343.5,456.64,763.69
53.0,10.0,0.0,1725.92,1955.6,1054.04,1637.43
53.0,18.0,0.0,463.822,755.812,784.703,1194.02
53.0,21.0,0.0,1506.79,1798.5,1184.58,1791.83
54.0,7.0,1.0,20.0,1113.75,1186.13,1906.48
54.0,9.0,0.0,1205.91,1343.26,457.15,763.601
54.0,10.0,0.0,1721.95,1956.56,1055.72,1641.11
54.0,18.0,0.0,463.726,757.647,781.634,1194.21
54.0,21.0,0.0,1496.72,1794.62,1181.09,1793.81
55.0,7.0,1.0,17.5,1114.38,1184.14,1907.66
55.0,9.0,0.0,1205.88,1343.07,457.145,763.633
55.0,10.0,0.0,1723.86,1956.93,1054.76,1643.59
55.0,18.0,0.0,464.485,756.118,782.264,1193.68
55.0,21.0,0.0,1505.65,1796.09,1182.73,1790.05
56.0,7.0,1.0,15.625,1114.38,1186.93,1904.12
56.0,9.0,0.0,1206.26,1343.61,456.419,763.995
56.0,10.0,0.0,1719.55,1957.44,1056.43,1641.81
56.0,18.0,0.0,464.62,757.252,782.943,1190.22
56.0,21.0,0.0,1499.42,1796.02,1182.78,1794.64
57.0,7.0,1.0,23.125,1113.75,1184.65,1909.23
57.0,9.0,0.0,1206.23,1343.15,456.069,763.982
57.0,10.0,0.0,1718.72,1957.25,1058.59,1642.27
57.0,18.0,0.0,463.889,757.236,784.368,1190.6
57.0,21.0,0.0,1510.8,1792.44,1183.64,1794.23
58.0,7.0,1.0,19.375,1116.25,1184.61,1911.84
58.0,9.0,0.0,1205.46,1343.22,456.171,763.521
58.0,10.0,0.0,1721.13,1957.38,1058.53,1643.35
58.0,18.0,0.0,464.117,758.038,785.041,1190.33
58.0,21.0,0.0,1506.31,1784.53,1182.25,1791.99
59.0,7.0,1.0,23.125,1114.38,1181.59,1911.85
59.0,9.0,0.0,1204.23,1344.4,458.417,762.334
59.0,10.0,0.0,1726.39,1955.62,1056.83,1641.07
59.0,18.0,0.0,463.64,757.92,785.317,1190.95
59.0,21.0,0.0,1510.15,1790.96,1185.3,1795.15
60.0,7.0,1.0,22.8125,1113.75,1181.14,1911.58
60.0,9.0,0.0,1204.13,1344.44,458.236,763.194
60.0,10.0,0.0,1728.14,1953.75,1059.0,1644.96
60.0,18.0,0.0,464.35,758.63,782.953,1193.42
60.0,21.0,0.0,1512.15,1794.48,1185.09,1794.72
61.0,7.0,1.0,22.5,1113.75,1180.3,1913.42
61.0,9.0,0.0,1204.35,1344.41,458.072,763.328
61.0,10.0,0.0,1722.46,1949.48,1059.66,1639.93
61.0,18.0,0.0,463.958,758.957,782.463,1194.74
61.0,21.0,0.0,1506.81,1780.58,1180.23,1797.56
62.0,7.0,1.0,21.5625,1115.0,1180.97,1913.55
62.0,9.0,0.0,1204.66,1343.87,458.067,763.249
62.0,10.0,0.0,1720.91,1952.16,1056.23,1643.91
62.0,18.0,0.0,463.593,759.964,785.541,1193.96
62.0,21.0,0.0,1499.7,1771.74,1181.33,1800.93
63.0,7.0,1.0,22.1875,1115.0,1180.66,1913.06
63.0,9.0,0.0,1204.59,1344.17,458.493,764.084
63.0,10.0,0.0,1725.57,1960.18,1059.31,1644.98
63.0,18.0,0.0,462.533,760.064,787.251,1193.08
63.0,21.0,0.0,1502.75,1768.88,1178.31,1800.49
64.0,7.0,1.0,23.125,1114.38,1179.79,1912.02
64.0,9.0,0.0,1204.22,1344.39,459.313,764.123
64.0,10.0,0.0,1730.58,1960.17,1060.1,1647.78
64.0,18.0,0.0,465.175,758.093,785.556,1191.19
64.0,21.0,0.0,1504.24,1774.16,1178.5,1800.04
65.0,7.0,1.0,22.1875,1115.0,1178.67,1911.25
65.0,9.0,0.0,1204.1,1345.19,459.682,764.491
65.0,10.0,0.0,1725.82,1956.48,1062.66,1646.33
65.0,18.0,0.0,465.487,759.839,784.687,1188.99
65.0,21.0,0.0,1499.28,1767.1,1177.82,1798.02
66.0,7.0,1.0,22.8125,1116.25,1178.01,1911.67
66.0,9.0,0.0,1204.28,1345.17,459.685,764.904
66.0,10.0,0.0,1728.96,1959.22,1061.37,1646.19
66.0,18.0,0.0,464.481,756.614,784.858,1189.55
66.0,21.0,0.0,1501.41,1769.49,1176.91,1799.5
67.0,7.0,1.0,22.5,1116.25,1179.07,1911.47
67.0,9.0,0.0,1204.37,1344.6,459.96,765.663
67.0,10.0,0.0,1724.94,1957.07,1063.15,1645.68
67.0,18.0,0.0,463.148,753.574,781.419,1190.34
67.0,21.0,0.0,1500.25,1764.05,1176.76,1799.93
68.0,7.0,1.0,22.5,1115.0,1180.79,1913.73
68.0,9.0,0.0,1203.37,1344.49,461.606,765.82
68.0,10.0,0.0,1728.74,1952.52,1061.75,1647.71
68.0,18.0,0.0,457.489,752.129,780.087,1193.67
68.0,21.0,0.0,1497.81,1763.55,1176.66,1800.93
69.0,7.0,1.0,22.1875,1115.0,1179.82,1911.15
69.0,9.0,0.0,1202.89,1344.05,461.271,767.274
69.0,10.0,0.0,1730.14,1951.2,1061.12,1645.93
69.0,18.0,0.0,457.69,748.329,781.02,1194.71
69.0,21.0,0.0,1497.74,1766.08,1176.32,1802.81
70.0,7.0,1.0,22.5,1115.0,1180.18,1910.8
70.0,9.0,0.0,1203.69,1344.26,461.363,768.3
70.0,10.0,0.0,1735.65,1954.28,1059.05,1645.87
70.0,18.0,0.0,458.388,748.46,783.961,1193.43
70.0,21.0,0.0,1498.06,1765.23,1178.87,1800.9
71.0,7.0,1.0,22.8125,1115.0,1181.03,1911.47
71.0,9.0,0.0,1204.98,1343.65,459.042,768.198
71.0,10.0,0.0,1730.94,1960.31,1060.19,1647.29
71.0,18.0,0.0,457.842,749.903,788.835,1191.95
71.0,21.0,0.0,1500.97,1761.57,1183.07,1802.14
72.0,7.0,1.0,23.125,1114.38,1182.44,1911.1
72.0,9.0,0.0,1205.34,1343.3,460.924,769.025
72.0,10.0,0.0,1733.26,1959.51,1062.11,1646.93
72.0,18.0,0.0,460.133,752.836,789.953,1189.74
72.0,21.0,0.0,1503.34,1778.18,1182.74,1799.52
73.0,7.0,1.0,23.125,1113.75,1182.99,1911.11
73.0,9.0,0.0,1205.35,1342.51,460.924,770.836
73.0,10.0,0.0,1734.05,1958.44,1058.39,1646.64
73.0,18.0,0.0,459.883,753.947,789.627,1191.22
73.0,21.0,0.0,1501.85,1772.96,1180.19,1800.51
74.0,7.0,1.0,21.5625,1115.0,1180.23,1912.09
74.0,9.0,0.0,1204.8,1343.77,461.264,772.275
74.0,10.0,0.0,1735.57,1965.19,1060.82,1644.49
74.0,18.0,0.0,460.982,752.901,790.826,1194.04
74.0,21.0,0.0,1508.29,1765.1,1182.52,1804.51
75.0,7.0,1.0,21.25,1115.0,1181.08,1912.41
75.0,9.0,0.0,1204.99,1344.14,462.445,771.375
75.0,10.0,0.0,1730.36,1965.94,1059.69,1646.22
75.0,18.0,0.0,463.424,752.294,790.616,1194.67
75.0,21.0,0.0,1505.44,1764.14,1179.23,1803.89
76.0,7.0,1.0,31.875,1110.0,1181.48,1911.2
76.0,9.0,0.0,1205.92,1344.02,463.366,771.016
76.0,10.0,0.0,1721.1,1963.89,1060.66,1642.06
76.0,18.0,0.0,464.281,750.134,788.429,1194.11
76.0,21.0,0.0,1504.1,1767.38,1180.62,1800.19
77.0,7.0,1.0,40.3125,1107.5,1177.14,1914.03
77.0,9.0,0.0,1206.26,1344.22,462.928,771.255
77.0,10.0,0.0,1726.21,1969.24,1059.44,1645.11
77.0,18.0,0.0,464.251,751.855,786.992,1194.51
77.0,21.0,0.0,1503.36,1765.23,1181.29,1800.93
78.0,7.0,1.0,30.3125,1110.0,1178.74,1910.96
78.0,9.0,0.0,1205.22,1344.53,462.282,772.648
78.0,10.0,0.0,1726.31,1968.3,1060.72,1645.53
78.0,18.0,0.0,464.661,753.32,787.378,1192.76
78.0,21.0,0.0,1503.59,1765.6,1182.11,1799.82
79.0,7.0,1.0,32.5,1110.0,1178.83,1914.45
79.0,9.0,0.0,1205.35,1344.36,461.102,772.569
79.0,10.0,0.0,1730.79,1962.84,1059.36,1646.47
79.0,18.0,0.0,464.744,753.121,787.371,1192.36
79.0,21.0,0.0,1512.83,1748.41,1187.45,1791.42
79.0,25.0,0.0,0.0,154.586,1290.21,1875.02
80.0,7.0,1.0,35.3125,1110.0,1174.68,1913.55
80.0,9.0,0.0,1205.29,1344.94,461.998,773.198
80.0,10.0,0.0,1728.92,1963.35,1060.05,1643.44
80.0,18.0,0.0,464.645,753.163,787.721,1193.36
80.0,21.0,0.0,1509.49,1745.16,1184.16,1794.06
80.0,25.0,0.0,1.76073,167.2,1195.21,1780.03
81.0,7.0,1.0,26.25,1110.62,1178.8,1911.92
81.0,9.0,0.0,1205.55,1344.83,460.626,772.93
81.0,10.0,0.0,1730.12,1964.81,1060.74,1647.27
81.0,18.0,0.0,465.756,752.868,786.745,1192.13
81.0,21.0,0.0,1509.95,1743.62,1187.08,1795.79
81.0,25.0,0.0,0.0,258.693,1153.42,1850.18
82.0,7.0,1.0,45.9375,1152.5,1163.33,1920.0
82.0,9.0,0.0,1204.71,1345.22,459.886,773.145
82.0,10.0,0.0,1731.8,1961.76,1062.1,1648.92
82.0,18.0,0.0,465.447,753.472,786.869,1192.06
82.0,21.0,0.0,1510.47,1743.91,1187.15,1796.45
82.0,25.0,0.0,2.93332,174.879,1127.17,1771.98
83.0,7.0,1.0,49.0625,1151.25,1161.65,1920.0
83.0,9.0,0.0,1204.16,1345.77,459.634,773.889
83.0,10.0,0.0,1730.13,1957.86,1062.82,1643.65
83.0,18.0,0.0,466.236,753.699,786.372,1193.0
83.0,21.0,0.0,1512.91,1745.86,1186.33,1794.44
83.0,25.0,0.0,0.0,282.842,1127.56,1773.06
84.0,7.0,1.0,46.5625,1152.5,1161.13,1920.0
84.0,9.0,0.0,1204.85,1343.62,460.403,774.427
84.0,10.0,0.0,1728.75,1955.75,1065.9,1644.47
84.0,18.0,0.0,465.543,753.287,788.456,1193.65
84.0,21.0,0.0,1513.96,1747.23,1187.74,1793.48
84.0,25.0,0.0,0.0,315.522,1101.91,1773.29
85.0,7.0,1.0,36.875,1108.12,1185.48,1904.95
85.0,9.0,0.0,1205.37,1343.47,461.243,774.12
85.0,10.0,0.0,1728.28,1955.52,1066.8,1644.8
85.0,18.0,0.0,464.617,752.502,790.643,1193.51
85.0,21.0,0.0,1511.64,1745.27,1189.14,1791.93
85.0,25.0,0.0,0.0,315.715,1088.62,1744.37
86.0,7.0,1.0,30.0,1108.12,1186.62,1904.16
86.0,9.0,0.0,1206.31,1342.83,459.973,773.385
86.0,10.0,0.0,1729.35,1954.69,1065.55,1645.25
86.0,18.0,0.0,464.527,751.219,791.412,1192.42
86.0,21.0,0.0,1509.94,1745.83,1187.21,1791.77
86.0,25.0,0.0,0.0,329.048,1072.46,1697.12
87.0,7.0,1.0,35.3125,1106.25,1185.49,1902.32
87.0,9.0,0.0,1205.78,1342.0,459.15,772.256
87.0,10.0,0.0,1728.51,1955.98,1066.94,1644.38
87.0,18.0,0.0,464.5,751.053,791.931,1194.8
87.0,21.0,0.0,1509.11,1747.0,1188.88,1791.67
87.0,25.0,0.0,0.401039,334.282,1054.96,1686.63
88.0,7.0,1.0,31.25,1106.25,1184.74,1899.82
88.0,9.0,0.0,1204.74,1342.76,459.55,773.268
88.0,10.0,0.0,1727.33,1958.52,1064.85,1644.55
88.0,18.0,0.0,464.988,750.841,790.96,1192.8
88.0,21.0,0.0,1509.98,1746.71,1186.53,1792.27
88.0,25.0,0.0,11.6896,328.188,1035.31,1702.85
89.0,7.0,1.0,33.4375,1103.75,1184.0,1901.36
89.0,9.0,0.0,1206.25,1343.64,459.518,770.415
89.0,10.0,0.0,1727.92,1957.56,1069.67,1645.42
89.0,18.0,0.0,464.096,752.402,797.768,1196.24
89.0,21.0,0.0,1509.23,1743.84,1184.03,1796.91
89.0,25.0,0.0,25.7448,331.832,1039.89,1683.35
89.0,26.0,0.0,988.173,1221.06,273.245,471.562
90.0,7.0,1.0,34.6875,1102.5,1180.07,1905.88
90.0,9.0,0.0,1205.47,1343.94,447.741,770.155
90.0,10.0,0.0,1727.14,1958.44,1070.92,1646.39
90.0,18.0,0.0,463.969,752.698,798.185,1194.96
90.0,21.0,0.0,1508.88,1744.03,1184.25,1796.54
90.0,25.0,0.0,27.5098,344.008,1040.13,1673.65
90.0,26.0,0.0,1081.06,1314.33,278.149,474.736
91.0,7.0,1.0,37.8125,1102.5,1181.32,1905.19
91.0,9.0,0.0,1203.01,1344.94,453.146,769.402
91.0,10.0,0.0,1727.68,1962.66,1070.05,1646.36
91.0,18.0,0.0,463.666,752.607,793.228,1195.12
91.0,21.0,0.0,1506.64,1742.71,1183.87,1796.75
91.0,25.0,0.0,33.4371,401.12,1034.7,1666.64
91.0,26.0,0.0,1166.44,1407.4,285.721,476.971
92.0,7.0,1.0,39.0625,1101.25,1181.58,1906.51
92.0,9.0,0.0,1204.26,1341.54,452.446,766.394
92.0,10.0,0.0,1728.22,1967.02,1068.1,1647.79
92.0,18.0,0.0,466.649,753.832,787.95,1197.02
92.0,21.0,0.0,1507.99,1743.92,1183.1,1797.18
92.0,25.0,0.0,42.9997,400.765,1032.87,1660.81
92.0,26.0,0.0,1270.58,1530.96,285.288,491.827
93.0,7.0,1.0,37.5,1103.12,1185.49,1906.54
93.0,9.0,0.0,1204.76,1342.42,453.226,769.25
93.0,10.0,0.0,1723.79,1964.25,1067.91,1645.35
93.0,18.0,0.0,468.197,754.4,786.558,1197.63
93.0,21.0,0.0,1499.36,1757.18,1181.85,1802.51
93.0,25.0,0.0,46.0939,404.558,1036.69,1647.02
93.0,26.0,0.0,1380.19,1621.35,288.462,492.115
94.0,7.0,1.0,33.75,1103.75,1187.13,1903.27
94.0,9.0,0.0,1204.82,1342.58,453.801,768.516
94.0,10.0,0.0,1729.13,1967.72,1066.77,1648.17
94.0,18.0,0.0,466.722,755.875,784.872,1198.86
94.0,21.0,0.0,1499.97,1758.54,1181.29,1802.48
94.0,25.0,0.0,43.5876,404.247,1034.86,1644.67
94.0,26.0,0.0,1476.25,1714.52,293.51,495.721
95.0,7.0,1.0,37.1875,1103.75,1183.13,1903.47
95.0,9.0,0.0,1204.21,1342.75,454.083,769.221
95.0,10.0,0.0,1721.49,1960.72,1072.78,1646.85
95.0,18.0,0.0,464.621,754.268,788.292,1198.56
95.0,21.0,0.0,1508.47,1743.76,1187.22,1795.93
95.0,25.0,0.0,43.8343,399.639,1034.82,1643.22
95.0,26.0,0.0,1600.61,1839.76,295.474,509.725
96.0,7.0,1.0,38.75,1103.12,1184.85,1901.86
96.0,9.0,0.0,1205.04,1343.64,455.391,768.192
96.0,10.0,0.0,1722.24,1962.5,1072.61,1646.67
96.0,18.0,0.0,463.441,754.222,789.754,1199.12
96.0,21.0,0.0,1508.24,1743.14,1185.6,1795.49
96.0,25.0,0.0,42.3384,402.821,1035.45,1641.48
96.0,26.0,0.0,1694.94,1926.59,306.754,515.073
97.0,7.0,1.0,38.125,1102.5,1183.51,1902.28
97.0,9.0,0.0,1205.09,1343.63,455.503,769.145
97.0,10.0,0.0,1723.63,1955.48,1071.95,1650.52
97.0,18.0,0.0,462.857,754.206,788.99,1199.26
97.0,21.0,0.0,1509.2,1743.46,1183.7,1796.58
97.0,25.0,0.0,42.7424,398.765,1036.34,1640.04
97.0,26.0,0.0,1793.85,2033.85,320.048,519.375
98.0,7.0,1.0,37.5,1102.5,1183.24,1902.88
98.0,9.0,0.0,1203.37,1343.85,457.917,767.3
98.0,10.0,0.0,1723.69,1956.52,1071.29,1657.25
98.0,18.0,0.0,463.47,754.251,788.365,1199.43
98.0,21.0,0.0,1506.74,1741.23,1186.26,1796.75
98.0,25.0,0.0,41.2566,403.681,1037.38,1638.8
98.0,26.0,0.0,1793.85,2033.85,320.048,519.375
99.0,7.0,1.0,36.875,1103.12,1184.76,1902.3
99.0,9.0,0.0,1204.21,1345.31,458.016,762.119
99.0,10.0,0.0,1719.5,1950.58,1073.56,1653.83
99.0,18.0,0.0,463.558,754.481,788.134,1200.11
99.0,21.0,0.0,1499.75,1755.93,1182.1,1801.93
99.0,25.0,0.0,40.6252,404.202,1036.34,1641.59
100.0,7.0,1.0,36.875,1103.75,1184.35,1904.34
100.0,9.0,0.0,1205.09,1346.59,455.493,763.594
100.0,10.0,0.0,1721.95,1954.51,1074.95,1669.56
100.0,18.0,0.0,465.079,754.584,788.845,1200.92
100.0,21.0,0.0,1503.92,1759.85,1184.08,1800.56
100.0,25.0,0.0,42.4944,404.388,1034.61,1643.64
101.0,7.0,1.0,38.4375,1103.75,1185.0,1905.34
101.0,9.0,0.0,1205.5,1345.8,454.37,760.41
101.0,10.0,0.0,1725.69,1955.76,1074.88,1671.81
101.0,18.0,0.0,465.305,754.599,789.609,1199.82
101.0,21.0,0.0,1500.96,1768.53,1181.77,1797.49
101.0,25.0,0.0,41.4517,407.79,1033.07,1644.45
102.0,7.0,1.0,37.5,1103.75,1183.86,1905.79
102.0,9.0,0.0,1216.7,1349.89,452.402,761.407
102.0,10.0,0.0,1728.14,1957.96,1075.76,1668.05
102.0,18.0,0.0,464.848,754.071,790.482,1200.95
102.0,21.0,0.0,1500.56,1780.14,1187.28,1795.79
102.0,25.0,0.0,40.6736,404.783,1033.65,1644.28
103.0,7.0,1.0,36.875,1103.75,1186.55,1904.96
103.0,9.0,0.0,1206.29,1345.54,452.177,757.396
103.0,10.0,0.0,1721.95,1954.45,1078.32,1669.45
103.0,18.0,0.0,463.684,754.181,790.654,1201.07
103.0,21.0,0.0,1504.22,1783.25,1185.81,1795.63
103.0,25.0,0.0,38.7123,405.857,1037.83,1642.42
104.0,7.0,1.0,35.0,1104.38,1188.56,1904.52
104.0,9.0,0.0,1206.56,1346.15,448.441,754.07
104.0,10.0,0.0,1734.25,1965.47,1078.77,1673.96
104.0,18.0,0.0,463.068,752.927,791.586,1199.8
104.0,21.0,0.0,1498.62,1771.59,1180.83,1797.12
104.0,25.0,0.0,39.7942,398.04,1033.18,1649.35
105.0,7.0,1.0,36.875,1104.38,1188.23,1904.89
105.0,9.0,0.0,1206.84,1344.16,448.85,756.05
105.0,10.0,0.0,1711.92,1984.76,1078.18,1684.32
105.0,18.0,0.0,464.294,752.882,793.013,1198.3
105.0,21.0,0.0,1497.33,1769.77,1179.87,1799.06
105.0,25.0,0.0,38.2542,402.586,1032.03,1651.11
106.0,7.0,1.0,42.5,1103.12,1186.67,1904.03
106.0,9.0,0.0,1205.57,1342.83,445.12,748.075
106.0,10.0,0.0,1739.02,1976.95,1075.16,1674.43
106.0,18.0,0.0,463.898,752.768,790.762,1198.23
106.0,21.0,0.0,1495.22,1763.18,1177.75,1797.39
106.0,25.0,0.0,40.725,404.213,1029.78,1649.87
107.0,7.0,1.0,42.5,1103.12,1184.21,1902.97
107.0,9.0,0.0,1203.77,1343.77,443.372,744.704
107.0,10.0,0.0,1742.39,1974.8,1077.45,1680.83
107.0,18.0,0.0,463.709,751.734,791.406,1197.09
107.0,21.0,0.0,1496.38,1765.38,1187.1,1800.12
107.0,25.0,0.0,41.7579,406.98,1027.88,1648.66
108.0,7.0,1.0,42.8125,1102.5,1185.05,1904.86
108.0,9.0,0.0,1205.78,1343.94,437.153,737.237
108.0,10.0,0.0,1746.03,1978.3,1078.37,1684.11
108.0,18.0,0.0,465.69,751.543,790.417,1197.29
108.0,21.0,0.0,1492.58,1765.69,1186.55,1800.99
108.0,25.0,0.0,39.2497,408.642,1028.88,1650.3
109.0,7.0,1.0,40.3125,1102.5,1186.59,1904.65
109.0,9.0,0.0,1205.94,1342.23,436.547,730.683
109.0,10.0,0.0,1744.64,1977.99,1078.06,1683.21
109.0,18.0,0.0,464.03,751.633,790.264,1198.33
109.0,21.0,0.0,1489.73,1764.97,1187.6,1799.31
109.0,25.0,0.0,35.6869,409.251,1027.23,1651.73
110.0,7.0,1.0,40.0,1103.75,1186.95,1902.56
110.0,9.0,0.0,1206.29,1342.57,432.968,723.712
110.0,10.0,0.0,1747.42,1979.21,1077.25,1682.4
110.0,18.0,0.0,462.854,751.936,791.293,1199.06
110.0,21.0,0.0,1490.43,1765.27,1185.71,1802.29
110.0,25.0,0.0,33.8103,405.373,1030.28,1650.49
111.0,7.0,1.0,40.3125,1102.5,1187.01,1900.53
111.0,9.0,0.0,1218.76,1348.49,428.668,718.173
111.0,10.0,0.0,1743.45,1978.26,1075.22,1680.96
111.0,18.0,0.0,463.645,752.656,790.794,1200.21
111.0,21.0,0.0,1496.34,1762.86,1188.52,1802.06
111.0,25.0,0.0,34.0306,406.775,1029.57,1652.35
112.0,7.0,1.0,39.375,1102.5,1187.5,1899.63
112.0,9.0,0.0,1218.87,1349.3,425.699,714.146
112.0,10.0,0.0,1740.69,1977.97,1078.62,1671.48
112.0,18.0,0.0,463.146,752.298,790.611,1198.83
112.0,21.0,0.0,1499.85,1764.29,1188.09,1802.3
112.0,25.0,0.0,34.7669,408.057,1030.96,1650.37
113.0,7.0,1.0,39.0625,1102.5,1187.71,1900.36
113.0,9.0,0.0,1227.64,1344.66,416.899,708.101
113.0,10.0,0.0,1736.65,1976.12,1074.52,1673.21
113.0,18.0,0.0,464.321,752.628,790.016,1199.78
113.0,21.0,0.0,1496.04,1772.23,1189.12,1800.31
113.0,25.0,0.0,35.0654,406.266,1031.65,1651.59
114.0,7.0,1.0,39.0625,1102.5,1189.25,1899.99
114.0,9.0,0.0,1233.37,1345.1,416.034,702.043
114.0,10.0,0.0,1716.25,1986.71,1073.8,1684.88
114.0,18.0,0.0,464.13,753.706,790.63,1199.5
114.0,21.0,0.0,1495.59,1768.29,1189.09,1800.24
114.0,25.0,0.0,34.0834,407.283,1030.98,1652.28
114.0,30.0,0.0,1074.04,1312.12,279.159,484.688
115.0,7.0,1.0,36.875,1103.12,1190.54,1901.1
115.0,9.0,0.0,1232.98,1347.02,410.625,688.414
115.0,10.0,0.0,1710.25,1982.95,1072.9,1686.26
115.0,18.0,0.0,463.784,754.139,791.935,1199.21
115.0,21.0,0.0,1500.38,1770.7,1183.45,1800.15
115.0,25.0,0.0,32.811,405.965,1033.62,1650.35
115.0,30.0,0.0,1188.08,1428.87,281.565,507.638
116.0,7.0,1.0,36.875,1103.75,1189.94,1901.54
116.0,9.0,0.0,1231.7,1372.42,409.079,686.272
116.0,10.0,0.0,1704.94,1975.66,1073.55,1686.08
116.0,18.0,0.0,463.74,753.953,792.948,1198.24
116.0,21.0,0.0,1501.8,1764.7,1181.66,1800.62
116.0,25.0,0.0,32.8512,407.328,1033.87,1651.55
116.0,30.0,0.0,1346.74,1581.01,284.319,512.165
117.0,7.0,1.0,38.125,1103.12,1188.4,1902.79
117.0,9.0,0.0,1237.95,1379.94,403.804,683.035
117.0,10.0,0.0,1707.32,1974.36,1069.78,1686.85
117.0,18.0,0.0,463.517,753.517,793.237,1197.93
117.0,21.0,0.0,1502.8,1764.42,1181.62,1799.93
117.0,25.0,0.0,34.8319,407.348,1034.2,1650.44
117.0,30.0,0.0,1457.95,1700.62,296.828,516.373
118.0,7.0,1.0,39.6875,1102.5,1188.28,1902.14
118.0,9.0,0.0,1255.1,1378.75,401.899,672.909
118.0,10.0,0.0,1704.51,1974.43,1069.57,1682.37
118.0,18.0,0.0,462.63,753.979,794.497,1196.58
118.0,21.0,0.0,1499.32,1762.48,1182.11,1799.68
118.0,25.0,0.0,34.7228,405.561,1033.98,1648.84
118.0,30.0,0.0,1575.46,1814.96,304.41,519.185
119.0,7.0,1.0,37.1875,1105.0,1187.28,1904.99
119.0,9.0,0.0,1256.49,1397.66,396.211,670.376
119.0,10.0,0.0,1709.9,1975.9,1062.96,1674.93
119.0,18.0,0.0,463.736,755.868,793.39,1201.36
119.0,21.0,0.0,1503.48,1765.99,1184.82,1806.96
119.0,25.0,0.0,34.5861,408.059,1033.74,1647.77
119.0,30.0,0.0,1731.05,1959.77,309.716,529.369
120.0,7.0,1.0,40.0,1104.38,1184.58,1904.75
120.0,9.0,0.0,1268.75,1395.87,393.606,660.433
120.0,10.0,0.0,1716.99,1974.93,1062.02,1687.66
120.0,18.0,0.0,464.046,755.11,793.248,1201.42
120.0,21.0,0.0,1500.69,1780.75,1188.64,1802.97
120.0,25.0,0.0,33.487,408.055,1030.63,1646.73
120.0,30.0,0.0,1848.65,2083.65,340.745,537.332
121.0,7.0,1.0,39.375,1103.75,1183.76,1904.45
121.0,9.0,0.0,1272.45,1393.7,387.62,657.188
121.0,10.0,0.0,1739.94,1974.63,1065.25,1673.96
121.0,18.0,0.0,464.193,755.471,794.888,1200.47
121.0,21.0,0.0,1505.76,1781.68,1184.63,1797.43
121.0,25.0,0.0,32.9198,408.587,1029.31,1652.1
121.0,30.0,0.0,1848.65,2083.65,340.745,537.332
122.0,7.0,1.0,41.25,1105.62,1182.51,1907.27
122.0,9.0,0.0,1277.55,1396.3,382.5,645.577
122.0,10.0,0.0,1746.84,1974.7,1064.59,1672.11
122.0,18.0,0.0,464.157,755.506,795.0,1201.18
122.0,21.0,0.0,1502.15,1784.27,1189.42,1797.56
122.0,25.0,0.0,42.2609,398.023,1027.62,1652.65
123.0,7.0,1.0,49.6875,1150.0,1158.01,1920.0
123.0,9.0,0.0,1278.46,1395.38,379.904,645.865
123.0,10.0,0.0,1749.28,1979.48,1062.68,1663.12
123.0,18.0,0.0,464.004,755.78,792.603,1201.67
123.0,21.0,0.0,1510.07,1786.53,1185.07,1799.21
123.0,25.0,0.0,33.1993,406.946,1028.16,1656.71
124.0,7.0,1.0,45.0,1102.5,1183.56,1904.78
124.0,9.0,0.0,1279.33,1392.98,375.793,641.899
124.0,10.0,0.0,1763.48,1992.57,1063.75,1658.93
124.0,18.0,0.0,463.822,755.812,792.483,1200.95
124.0,21.0,0.0,1501.87,1794.87,1183.61,1800.16
124.0,25.0,0.0,38.4283,402.938,1029.15,1656.06
125.0,7.0,1.0,47.8125,1101.25,1184.11,1904.28
125.0,9.0,0.0,1278.22,1394.09,368.798,629.279
125.0,10.0,0.0,1768.29,1996.32,1064.96,1665.4
125.0,18.0,0.0,463.443,755.005,793.136,1200.86
125.0,21.0,0.0,1506.11,1784.6,1185.29,1799.13
125.0,25.0,0.0,36.9782,404.212,1030.49,1657.66
126.0,7.0,1.0,53.125,1147.5,1160.27,1920.0
126.0,9.0,0.0,1277.93,1394.38,366.995,626.466
126.0,10.0,0.0,1766.37,1997.93,1061.76,1651.16
126.0,18.0,0.0,463.175,754.951,793.363,1201.23
126.0,21.0,0.0,1509.15,1790.85,1178.43,1800.23
126.0,25.0,0.0,39.412,409.752,1029.71,1657.08
127.0,7.0,1.0,52.8125,1147.5,1161.11,1920.0
127.0,9.0,0.0,1277.12,1390.58,362.74,622.067
127.0,10.0,0.0,1769.88,2001.16,1061.56,1655.0
127.0,18.0,0.0,464.079,755.286,793.202,1200.08
127.0,21.0,0.0,1507.57,1782.01,1177.4,1803.01
127.0,25.0,0.0,41.343,409.25,1030.24,1659.49
128.0,7.0,1.0,40.3125,1102.5,1189.09,1901.91
128.0,9.0,0.0,1276.15,1388.46,358.702,611.683
128.0,10.0,0.0,1772.53,2001.25,1059.77,1660.8
128.0,18.0,0.0,463.954,754.876,793.457,1198.55
128.0,21.0,0.0,1509.57,1800.65,1173.14,1803.65
128.0,25.0,0.0,41.5069,406.595,1025.43,1660.43
129.0,7.0,1.0,37.1875,1103.75,1186.96,1903.1
129.0,9.0,0.0,1269.37,1379.86,357.188,597.62
129.0,10.0,0.0,1771.45,1999.42,1062.58,1663.02
129.0,18.0,0.0,462.688,755.177,794.638,1197.31
129.0,21.0,0.0,1509.14,1797.59,1177.01,1803.31
129.0,25.0,0.0,37.0714,404.754,1029.26,1657.08
130.0,7.0,1.0,35.9375,1105.0,1185.05,1903.46
130.0,9.0,0.0,1265.91,1380.24,354.736,597.764
130.0,10.0,0.0,1767.3,1996.49,1063.69,1672.39
130.0,18.0,0.0,463.223,754.643,794.18,1198.13
130.0,21.0,0.0,1504.23,1790.65,1180.49,1801.19
130.0,25.0,0.0,36.7351,405.767,1030.14,1653.42
131.0,7.0,1.0,37.8125,1103.75,1183.56,1903.9
131.0,9.0,0.0,1263.17,1373.75,349.543,594.88
131.0,10.0,0.0,1768.49,1995.41,1065.02,1671.95
131.0,18.0,0.0,464.007,755.0,794.268,1197.29
131.0,21.0,0.0,1508.29,1793.24,1177.98,1802.79
131.0,25.0,0.0,39.2225,412.422,1029.37,1650.41
132.0,7.0,1.0,34.6875,1105.0,1185.81,1905.45
132.0,9.0,0.0,1262.16,1368.61,346.514,591.562
132.0,10.0,0.0,1766.13,1992.22,1063.74,1674.83
132.0,18.0,0.0,464.107,755.527,794.133,1196.66
132.0,21.0,0.0,1505.7,1798.84,1180.34,1802.48
132.0,25.0,0.0,40.7829,407.032,1029.69,1648.08
133.0,7.0,1.0,33.125,1105.0,1187.32,1905.03
133.0,9.0,0.0,1257.12,1369.04,340.457,590.697
133.0,10.0,0.0,1763.94,1989.61,1067.36,1674.88
133.0,18.0,0.0,463.595,755.442,794.27,1196.75
133.0,21.0,0.0,1503.09,1803.55,1179.26,1802.12
133.0,25.0,0.0,39.4736,414.225,1029.36,1647.26
134.0,7.0,1.0,37.5,1101.25,1185.13,1900.92
134.0,9.0,0.0,1258.08,1365.0,333.101,582.476
134.0,10.0,0.0,1747.32,1977.64,1068.68,1681.56
134.0,18.0,0.0,462.262,756.039,790.758,1198.68
134.0,21.0,0.0,1510.84,1772.84,1174.55,1803.37
134.0,25.0,0.0,51.2586,405.806,1024.17,1622.4
135.0,7.0,1.0,38.4375,1102.5,1184.82,1902.18
135.0,9.0,0.0,1261.49,1360.05,329.928,574.111
135.0,10.0,0.0,1744.99,1972.52,1067.45,1676.75
135.0,18.0,0.0,462.997,756.847,790.842,1197.32
135.0,21.0,0.0,1521.59,1790.46,1175.14,1799.14
135.0,25.0,0.0,55.2091,408.72,1022.99,1622.33
136.0,7.0,1.0,36.25,1104.38,1184.69,1904.86
136.0,9.0,0.0,1248.32,1353.22,330.433,565.529
136.0,10.0,0.0,1738.96,1974.48,1070.54,1670.39
136.0,18.0,0.0,463.685,756.674,791.083,1196.27
136.0,21.0,0.0,1516.56,1785.56,1177.79,1799.17
136.0,25.0,0.0,59.3136,406.834,1023.96,1617.61
137.0,7.0,1.0,36.25,1103.12,1187.9,1902.82
137.0,9.0,0.0,1246.97,1360.72,325.529,554.856
137.0,10.0,0.0,1734.58,1969.99,1073.17,1663.72
137.0,18.0,0.0,462.602,756.021,790.839,1196.57
137.0,21.0,0.0,1504.27,1767.94,1180.14,1801.72
137.0,25.0,0.0,60.4089,413.488,1019.67,1614.85
138.0,7.0,1.0,35.625,1103.75,1186.32,1903.51
138.0,9.0,0.0,1247.93,1361.3,321.274,547.572
138.0,10.0,0.0,1736.85,1968.36,1075.19,1657.72
138.0,18.0,0.0,463.636,755.341,791.289,1195.44
138.0,21.0,0.0,1499.42,1775.07,1177.93,1803.12
138.0,25.0,0.0,60.9155,413.005,1015.77,1615.47
139.0,7.0,1.0,34.6875,1103.75,1188.53,1900.83
139.0,9.0,0.0,1247.55,1358.61,315.865,537.981
139.0,10.0,0.0,1738.24,1971.99,1071.18,1669.28
139.0,18.0,0.0,463.198,755.045,791.267,1195.07
139.0,21.0,0.0,1504.07,1768.39,1179.34,1803.57
139.0,25.0,0.0,59.2213,416.55,1013.03,1612.51
140.0,7.0,1.0,35.3125,1103.75,1188.63,1900.76
140.0,9.0,0.0,1252.07,1367.93,304.183,527.164
140.0,10.0,0.0,1739.71,1975.64,1071.1,1659.35
140.0,18.0,0.0,463.854,754.564,791.796,1196.1
140.0,21.0,0.0,1508.38,1776.6,1181.08,1802.23
140.0,25.0,0.0,59.2937,416.361,1011.02,1610.14
141.0,7.0,1.0,34.375,1104.38,1189.29,1900.2
141.0,9.0,0.0,1262.88,1367.88,300.865,521.25
141.0,10.0,0.0,1739.77,1975.81,1075.0,1660.96
141.0,18.0,0.0,464.158,754.584,791.819,1195.03
141.0,21.0,0.0,1507.33,1776.2,1177.97,1802.66
141.0,25.0,0.0,60.0786,413.935,1010.98,1608.92
142.0,7.0,1.0,33.75,1103.75,1189.94,1900.33
142.0,9.0,0.0,1270.91,1373.7,295.673,506.827
142.0,10.0,0.0,1741.96,1976.19,1073.25,1666.7
142.0,18.0,0.0,465.799,753.895,791.646,1194.07
142.0,21.0,0.0,1506.14,1777.26,1180.32,1803.33
142.0,25.0,0.0,61.4508,411.74,1012.68,1606.04
143.0,7.0,1.0,35.0,1103.12,1191.32,1900.32
143.0,9.0,0.0,1286.59,1387.26,281.899,490.024
143.0,10.0,0.0,1743.33,1976.42,1072.06,1668.41
143.0,18.0,0.0,466.919,753.471,792.062,1192.53
143.0,21.0,0.0,1508.8,1787.84,1181.15,1803.25
143.0,25.0,0.0,61.1785,414.301,1011.57,1608.49
144.0,7.0,1.0,35.0,1103.75,1189.41,1901.19
144.0,9.0,0.0,1300.5,1397.96,273.822,481.947
144.0,10.0,0.0,1743.13,1976.39,1071.78,1671.05
144.0,18.0,0.0,465.603,754.543,791.407,1193.54
144.0,21.0,0.0,1507.48,1783.54,1177.59,1804.76
144.0,25.0,0.0,60.5738,412.362,1014.41,1607.19
145.0,7.0,1.0,35.625,1104.38,1189.1,1902.8
145.0,9.0,0.0,1316.59,1411.11,264.519,469.904
145.0,10.0,0.0,1743.12,1976.67,1071.4,1668.92
145.0,18.0,0.0,465.737,755.667,789.695,1192.47
145.0,21.0,0.0,1502.45,1792.04,1180.55,1802.12
145.0,25.0,0.0,60.3169,417.035,1014.69,1611.79
146.0,7.0,1.0,34.375,1105.0,1189.49,1903.53
146.0,9.0,0.0,1334.52,1433.17,257.236,454.111
146.0,10.0,0.0,1742.52,1975.47,1071.06,1672.67
146.0,18.0,0.0,466.544,755.203,790.019,1195.6
146.0,21.0,0.0,1499.68,1792.89,1177.89,1803.0
146.0,25.0,0.0,61.318,410.454,1015.79,1612.31
147.0,7.0,1.0,35.3125,1103.75,1188.32,1902.71
147.0,9.0,0.0,1349.95,1439.28,250.457,444.736
147.0,10.0,0.0,1743.42,1975.21,1070.91,1679.62
147.0,18.0,0.0,466.566,756.637,789.916,1192.84
147.0,21.0,0.0,1498.18,1786.78,1177.48,1803.2
147.0,25.0,0.0,61.9982,414.475,1017.87,1613.45
148.0,7.0,1.0,36.5625,1103.75,1187.79,1902.7
148.0,9.0,0.0,1359.35,1449.88,242.812,437.38
148.0,10.0,0.0,1742.11,1977.14,1073.64,1679.97
148.0,18.0,0.0,467.12,756.696,790.955,1194.07
148.0,21.0,0.0,1506.05,1785.9,1177.28,1803.46
148.0,25.0,0.0,58.7619,407.856,1016.42,1619.38
