2.0,7.0,0.0,489.18,799.774,1572.08,1920.0
2.0,8.0,3.0,716.841,1381.01,1041.46,1753.88
2.0,10.0,0.0,1757.39,1950.1,363.163,603.347
2.0,11.0,0.0,0.386477,201.571,1321.43,1874.44
3.0,7.0,0.0,485.558,808.209,1571.01,1920.0
3.0,8.0,3.0,719.893,1380.82,1041.65,1754.16
3.0,10.0,0.0,1718.29,1910.48,371.133,602.623
3.0,11.0,0.0,0.0,231.286,1211.32,1868.03
4.0,7.0,0.0,481.204,804.092,1570.14,1920.0
4.0,8.0,3.0,718.185,1383.0,1041.57,1753.46
4.0,10.0,0.0,1680.36,1872.32,371.02,607.827
4.0,11.0,0.0,2.69309,256.634,1186.65,1852.48
5.0,4.0,0.0,957.559,1218.02,293.898,515.058
5.0,7.0,0.0,483.968,802.938,1572.86,1919.24
5.0,8.0,3.0,718.679,1382.84,1041.8,1753.7
5.0,10.0,0.0,1627.95,1825.0,370.001,615.101
5.0,11.0,0.0,0.0,301.506,1151.38,1815.35
6.0,4.0,0.0,1057.42,1318.07,295.933,516.123
6.0,7.0,0.0,482.848,801.662,1572.83,1918.33
6.0,8.0,3.0,719.889,1381.46,1041.64,1754.06
6.0,10.0,0.0,1584.69,1797.46,377.143,616.04
6.0,11.0,0.0,5.94154,329.787,1125.7,1783.62
7.0,4.0,0.0,1154.58,1417.6,299.13,519.213
7.0,7.0,0.0,482.848,801.662,1572.83,1918.33
7.0,8.0,3.0,718.424,1382.59,1042.1,1753.21
7.0,10.0,0.0,1545.9,1754.06,374.692,625.912
7.0,11.0,0.0,19.1606,356.4,1100.41,1749.39
8.0,4.0,0.0,1297.0,1542.32,306.725,522.657
8.0,7.0,0.0,480.179,804.172,1569.56,1920.0
8.0,8.0,3.0,718.461,1381.98,1041.61,1754.03
8.0,10.0,0.0,1488.71,1700.4,379.797,636.535
8.0,11.0,0.0,80.1018,378.588,1070.6,1704.35
9.0,4.0,0.0,1412.07,1583.32,316.731,521.538
9.0,7.0,0.0,483.794,811.607,1571.36,1920.0
9.0,8.0,3.0,718.07,1382.56,1041.53,1753.86
9.0,10.0,0.0,1451.02,1653.07,395.976,643.18
9.0,11.0,0.0,115.648,401.023,1051.53,1671.71
10.0,4.0,0.0,1541.99,1750.15,315.417,543.708
10.0,7.0,0.0,483.923,807.758,1571.96,1920.0
10.0,8.0,3.0,716.901,1383.66,1041.54,1753.0
10.0,10.0,0.0,1400.52,1607.31,389.115,651.749
10.0,11.0,0.0,144.423,429.102,1030.94,1639.12
11.0,4.0,0.0,1646.44,1885.87,332.091,533.87
11.0,7.0,0.0,482.664,810.396,1573.77,1920.0
11.0,8.0,3.0,716.192,1382.96,1041.95,1752.29
11.0,10.0,0.0,1344.83,1553.11,398.389,664.573
11.0,11.0,0.0,195.375,441.901,1006.78,1597.62
12.0,4.0,0.0,1745.96,1961.73,334.76,534.664
12.0,7.0,0.0,489.537,811.481,1573.44,1920.0
12.0,8.0,3.0,716.485,1382.6,1041.47,1753.11
12.0,10.0,0.0,1298.68,1508.31,399.978,677.172
12.0,11.0,0.0,203.466,472.599,987.49,1578.18
13.0,4.0,0.0,1851.35,2096.35,363.101,547.284
13.0,7.0,0.0,495.689,807.27,1571.68,1920.0
13.0,8.0,3.0,717.092,1381.26,1041.6,1753.06
13.0,10.0,0.0,1253.3,1466.42,404.286,686.051
13.0,11.0,0.0,232.123,481.099,966.341,1539.29
14.0,4.0,0.0,1995.93,2224.57,340.953,565.377
14.0,7.0,0.0,499.268,810.166,1576.6,1920.0
14.0,8.0,3.0,718.516,1377.51,1040.9,1754.98
14.0,10.0,0.0,1188.59,1407.16,409.605,695.388
14.0,11.0,0.0,254.016,509.816,956.593,1523.83
15.0,4.0,0.0,1995.93,2224.57,340.953,565.377
15.0,7.0,0.0,499.246,810.144,1575.13,1920.0
15.0,8.0,3.0,710.086,1382.74,1044.96,1769.48
15.0,10.0,0.0,1132.32,1364.5,409.328,712.763
15.0,11.0,0.0,275.894,531.944,943.654,1511.17
16.0,7.0,0.0,498.123,810.542,1574.91,1920.0
16.0,8.0,3.0,708.545,1383.83,1044.75,1769.98
16.0,9.0,3.0,755.349,1387.01,290.181,505.223
16.0,10.0,0.0,1087.33,1317.51,425.298,721.126
16.0,11.0,0.0,288.178,552.098,939.136,1490.54
17.0,7.0,0.0,495.652,810.061,1575.32,1920.0
17.0,8.0,3.0,711.081,1381.76,1045.36,1769.7
17.0,9.0,3.0,852.34,1476.03,291.368,519.276
17.0,10.0,0.0,1021.11,1255.17,438.344,731.047
17.0,11.0,0.0,307.356,575.956,926.314,1473.96
18.0,7.0,0.0,500.545,810.76,1575.63,1920.0
18.0,8.0,3.0,711.976,1381.68,1046.3,1768.97
18.0,9.0,3.0,922.524,1559.45,288.766,515.84
18.0,10.0,0.0,970.044,1212.69,441.414,751.553
18.0,11.0,0.0,304.694,606.994,911.211,1464.96
19.0,7.0,0.0,497.637,807.852,1575.71,1920.0
19.0,8.0,3.0,711.514,1381.87,1045.87,1769.68
19.0,9.0,3.0,1000.05,1633.71,290.47,521.12
19.0,10.0,0.0,919.793,1157.43,443.908,762.956
19.0,11.0,0.0,328.13,606.749,908.95,1442.86
20.0,7.0,0.0,491.039,805.065,1579.49,1920.0
20.0,8.0,3.0,712.663,1381.06,1046.51,1769.53
20.0,9.0,3.0,1098.2,1734.51,295.927,526.184
20.0,10.0,0.0,853.726,1085.12,458.743,779.235
20.0,11.0,0.0,337.928,614.919,902.276,1434.5
21.0,7.0,0.0,489.635,807.672,1579.25,1920.0
21.0,8.0,3.0,711.995,1382.35,1046.59,1768.37
21.0,9.0,3.0,1178.75,1811.02,305.865,529.01
21.0,10.0,0.0,808.12,1032.26,470.462,794.85
21.0,11.0,0.0,343.575,619.958,897.819,1430.17
22.0,7.0,0.0,487.758,804.865,1579.27,1920.0
22.0,8.0,3.0,714.048,1380.16,1047.45,1767.65
22.0,9.0,3.0,1251.05,1887.82,307.943,523.985
22.0,10.0,0.0,753.778,986.133,479.731,815.317
22.0,11.0,0.0,347.552,624.002,895.142,1429.84
23.0,7.0,0.0,487.693,807.521,1575.16,1920.0
23.0,8.0,3.0,716.451,1379.64,1047.55,1768.01
23.0,9.0,3.0,1364.07,1963.58,312.968,531.157
23.0,10.0,0.0,688.82,914.108,496.024,843.935
23.0,11.0,0.0,342.147,650.71,890.221,1431.8
24.0,7.0,0.0,483.291,807.601,1571.63,1920.0
24.0,8.0,3.0,720.109,1380.39,1040.54,1755.57
24.0,9.0,3.0,1438.39,2064.82,322.217,531.74
24.0,11.0,0.0,344.099,650.859,889.723,1432.43
25.0,7.0,0.0,485.702,798.961,1573.1,1920.0
25.0,8.0,3.0,714.332,1382.4,1046.61,1767.69
25.0,9.0,3.0,1517.89,2155.28,328.049,535.106
25.0,11.0,0.0,344.148,650.16,890.222,1431.67
26.0,7.0,0.0,484.749,809.772,1570.97,1920.0
26.0,8.0,3.0,719.798,1380.08,1040.44,1755.3
26.0,9.0,3.0,1631.04,2230.55,335.138,536.758
26.0,11.0,0.0,342.857,651.873,896.814,1431.04
27.0,7.0,0.0,484.953,800.207,1574.49,1920.0
27.0,8.0,3.0,718.429,1381.94,1040.66,1754.04
27.0,9.0,3.0,1706.67,2278.72,328.204,540.793
27.0,11.0,0.0,343.46,651.421,885.554,1431.45
28.0,7.0,0.0,472.672,799.765,1573.62,1920.0
28.0,8.0,3.0,716.811,1381.62,1041.12,1753.19
28.0,9.0,3.0,1804.87,2279.09,337.747,539.662
28.0,11.0,0.0,343.686,650.896,887.373,1433.2
28.0,16.0,0.0,1609.22,1918.15,1434.63,1917.1
29.0,7.0,0.0,474.21,785.335,1578.4,1917.86
29.0,8.0,3.0,713.531,1378.34,1039.54,1754.22
29.0,9.0,3.0,1804.87,2279.09,337.747,539.662
29.0,11.0,0.0,343.125,652.896,886.541,1434.37
29.0,16.0,0.0,1608.37,1923.33,1372.07,1915.98
30.0,7.0,0.0,474.576,774.661,1579.37,1918.41
30.0,8.0,3.0,712.714,1379.48,1039.58,1754.53
30.0,11.0,0.0,335.175,639.474,883.192,1431.76
30.0,16.0,0.0,1620.05,1912.76,1324.02,1915.0
31.0,7.0,0.0,477.316,795.354,1581.17,1920.0
31.0,8.0,3.0,713.931,1378.42,1039.88,1755.09
31.0,11.0,0.0,337.275,637.808,889.205,1430.99
31.0,16.0,0.0,1619.09,1906.85,1283.54,1916.4
32.0,7.0,0.0,474.711,792.749,1584.17,1920.0
32.0,8.0,3.0,715.323,1377.54,1040.16,1755.19
32.0,11.0,0.0,349.669,625.109,890.046,1430.78
32.0,16.0,0.0,1615.63,1886.35,1235.62,1909.63
33.0,7.0,0.0,468.343,787.937,1583.85,1919.35
33.0,8.0,3.0,715.744,1376.67,1039.38,1756.51
33.0,11.0,0.0,351.376,624.473,890.595,1431.07
33.0,16.0,0.0,1613.02,1873.36,1200.9,1863.25
34.0,7.0,0.0,465.333,792.665,1580.97,1920.0
34.0,8.0,3.0,715.942,1377.19,1039.83,1756.44
34.0,11.0,0.0,351.925,623.891,890.767,1432.16
34.0,16.0,0.0,1601.22,1858.16,1170.64,1811.59
35.0,7.0,0.0,464.988,785.754,1585.5,1917.99
35.0,8.0,3.0,715.994,1378.22,1040.75,1755.78
35.0,11.0,0.0,338.27,638.437,884.48,1435.13
35.0,16.0,0.0,1587.27,1844.2,1135.56,1754.89
36.0,7.0,0.0,463.735,788.283,1583.61,1919.27
36.0,8.0,3.0,715.782,1378.0,1040.71,1755.39
36.0,11.0,0.0,337.365,639.222,885.718,1434.35
36.0,16.0,0.0,1585.72,1821.1,1108.52,1719.01
37.0,7.0,0.0,462.959,786.952,1582.18,1920.0
37.0,8.0,3.0,708.961,1381.28,1044.78,1770.89
37.0,11.0,0.0,346.181,648.038,891.094,1431.62
37.0,16.0,0.0,1575.53,1819.19,1084.57,1680.63
38.0,7.0,0.0,470.986,794.505,1582.78,1920.0
38.0,8.0,3.0,707.696,1382.32,1044.76,1770.52
38.0,11.0,0.0,338.85,638.359,884.237,1435.22
38.0,16.0,0.0,1573.02,1811.87,1054.0,1651.52
39.0,7.0,0.0,463.876,794.179,1580.84,1920.0
39.0,8.0,3.0,708.315,1383.27,1045.29,1770.7
39.0,11.0,0.0,351.999,624.297,891.423,1429.79
39.0,16.0,0.0,1572.21,1810.72,1035.65,1613.37
40.0,7.0,0.0,470.767,786.638,1581.17,1920.0
40.0,8.0,3.0,708.49,1381.47,1045.66,1770.71
40.0,11.0,0.0,358.046,637.482,888.609,1433.05
40.0,16.0,0.0,1572.07,1803.4,1017.98,1597.68
41.0,7.0,0.0,470.726,795.908,1581.97,1920.0
41.0,8.0,3.0,707.576,1380.88,1045.0,1770.23
41.0,11.0,0.0,350.908,625.006,892.548,1430.12
41.0,16.0,0.0,1569.52,1793.6,1000.59,1588.27
42.0,7.0,0.0,480.608,794.48,1581.65,1920.0
42.0,8.0,3.0,707.732,1380.38,1045.24,1770.64
42.0,11.0,0.0,351.884,624.381,892.445,1430.94
42.0,16.0,0.0,1564.61,1792.69,994.776,1569.4
43.0,7.0,0.0,477.485,793.973,1581.4,1920.0
43.0,8.0,3.0,717.313,1375.67,1041.03,1755.11
43.0,11.0,0.0,358.516,636.931,888.947,1432.86
43.0,16.0,0.0,1553.97,1785.9,989.802,1555.38
44.0,7.0,0.0,475.158,797.416,1578.58,1920.0
44.0,8.0,3.0,712.76,1381.81,1045.62,1769.26
44.0,11.0,0.0,350.454,625.558,891.132,1426.87
44.0,16.0,0.0,1550.42,1783.25,984.658,1548.03
45.0,7.0,0.0,469.714,794.182,1579.41,1920.0
45.0,8.0,3.0,713.138,1381.2,1045.45,1769.35
45.0,11.0,0.0,350.776,625.008,890.96,1427.49
45.0,16.0,0.0,1547.24,1781.34,982.614,1547.36
46.0,7.0,0.0,474.451,798.524,1577.57,1920.0
46.0,8.0,3.0,713.315,1380.4,1045.64,1769.72
46.0,11.0,0.0,350.306,625.88,893.513,1427.17
46.0,16.0,0.0,1547.12,1781.46,983.288,1547.49
47.0,7.0,0.0,475.637,799.314,1577.12,1920.0
47.0,8.0,3.0,713.051,1380.47,1045.54,1770.24
47.0,11.0,0.0,350.008,626.594,895.406,1426.72
47.0,16.0,0.0,1547.49,1784.55,981.953,1548.64
48.0,7.0,0.0,476.947,790.513,1579.26,1920.0
48.0,8.0,3.0,713.212,1380.95,1044.94,1769.9
48.0,11.0,0.0,350.379,625.886,893.478,1427.26
48.0,16.0,0.0,1549.4,1784.99,984.31,1548.23
49.0,7.0,0.0,479.109,789.779,1580.81,1919.61
49.0,8.0,3.0,713.027,1381.09,1044.67,1770.07
49.0,11.0,0.0,350.42,625.86,893.666,1427.06
49.0,16.0,0.0,1550.5,1786.46,986.842,1546.93
50.0,7.0,0.0,477.052,785.455,1580.17,1920.0
50.0,8.0,3.0,712.989,1380.73,1044.44,1769.85
50.0,11.0,0.0,350.839,625.808,893.595,1427.25
50.0,16.0,0.0,1554.58,1783.84,984.851,1547.67
51.0,7.0,0.0,473.188,783.479,1580.8,1920.0
51.0,8.0,3.0,712.466,1382.17,1044.08,1770.38
51.0,11.0,0.0,350.752,626.058,893.99,1427.9
51.0,16.0,0.0,1554.22,1784.74,984.761,1548.69
52.0,7.0,0.0,470.488,777.389,1580.4,1920.0
52.0,8.0,3.0,721.085,1378.47,1041.18,1754.99
52.0,11.0,0.0,346.325,648.256,890.38,1433.29
52.0,16.0,0.0,1553.61,1785.71,984.261,1549.56
53.0,7.0,0.0,470.83,786.7,1580.95,1920.0
53.0,8.0,3.0,722.001,1377.15,1041.37,1754.66
53.0,11.0,0.0,351.833,624.663,891.987,1428.38
53.0,16.0,0.0,1555.49,1784.13,983.228,1550.05
54.0,7.0,0.0,470.5,789.159,1580.96,1920.0
54.0,8.0,3.0,713.975,1380.41,1044.84,1769.53
54.0,11.0,0.0,351.331,625.028,893.294,1428.25
54.0,16.0,0.0,1553.56,1784.58,982.379,1549.89
55.0,7.0,0.0,468.447,789.448,1581.73,1920.0
55.0,8.0,3.0,722.443,1375.99,1041.48,1754.33
55.0,11.0,0.0,351.34,624.703,891.963,1428.23
55.0,16.0,0.0,1553.52,1784.35,982.797,1549.62
56.0,7.0,0.0,476.472,785.477,1582.76,1920.0
56.0,8.0,3.0,722.224,1376.73,1042.4,1753.52
56.0,11.0,0.0,351.677,624.041,890.842,1427.89
56.0,16.0,0.0,1551.77,1786.18,983.57,1548.6
57.0,7.0,0.0,473.037,782.95,1585.32,1918.66
57.0,8.0,3.0,713.056,1380.8,1045.47,1768.84
57.0,11.0,0.0,351.184,624.681,891.313,1428.1
57.0,16.0,0.0,1553.92,1785.23,984.762,1551.17
58.0,7.0,0.0,464.807,783.156,1585.36,1919.51
58.0,8.0,3.0,712.645,1381.36,1045.5,1769.66
58.0,11.0,0.0,350.762,625.329,892.309,1427.66
58.0,16.0,0.0,1561.38,1794.95,983.947,1549.8
59.0,7.0,0.0,461.927,787.506,1582.49,1920.0
59.0,8.0,3.0,712.508,1378.62,1045.17,1769.08
59.0,11.0,0.0,350.771,625.741,891.69,1427.69
59.0,16.0,0.0,1562.27,1795.56,986.369,1553.47
60.0,7.0,0.0,457.772,788.801,1581.53,1920.0
60.0,8.0,3.0,723.26,1373.62,1041.17,1754.72
60.0,11.0,0.0,350.693,625.864,890.874,1427.01
60.0,16.0,0.0,1561.83,1796.58,986.288,1553.8
61.0,7.0,0.0,462.753,790.886,1582.91,1920.0
61.0,8.0,3.0,712.508,1378.62,1045.34,1769.51
61.0,11.0,0.0,350.389,626.031,891.531,1426.75
61.0,16.0,0.0,1561.85,1796.43,986.23,1554.58
62.0,7.0,0.0,467.3,791.373,1583.62,1920.0
62.0,8.0,3.0,722.728,1373.41,1041.18,1754.74
62.0,11.0,0.0,350.826,625.594,889.915,1426.97
62.0,16.0,0.0,1561.52,1796.96,987.157,1553.98
63.0,7.0,0.0,468.774,792.688,1585.91,1920.0
63.0,8.0,3.0,714.161,1377.35,1045.06,1769.31
63.0,11.0,0.0,345.141,648.624,888.407,1433.7
63.0,16.0,0.0,1561.2,1797.53,987.037,1553.45
64.0,7.0,0.0,468.939,791.354,1585.76,1920.0
64.0,8.0,3.0,714.877,1379.69,1045.95,1768.35
64.0,11.0,0.0,344.811,649.407,889.199,1433.3
64.0,16.0,0.0,1561.47,1797.74,986.299,1554.23
65.0,7.0,0.0,470.791,789.606,1588.07,1919.44
65.0,8.0,3.0,722.552,1375.14,1040.53,1756.0
65.0,11.0,0.0,351.61,624.84,889.203,1428.36
65.0,16.0,0.0,1561.61,1797.62,987.396,1556.99
66.0,7.0,0.0,468.157,785.884,1588.87,1917.87
66.0,8.0,3.0,722.716,1376.58,1041.05,1754.87
66.0,11.0,0.0,346.141,648.293,887.187,1432.75
66.0,16.0,0.0,1562.26,1798.16,986.816,1558.08
67.0,7.0,0.0,469.284,786.082,1589.23,1919.17
67.0,8.0,3.0,715.947,1379.46,1047.46,1767.14
67.0,11.0,0.0,351.989,624.353,888.135,1428.87
67.0,16.0,0.0,1563.16,1797.91,986.548,1559.49
68.0,7.0,0.0,472.595,784.48,1588.99,1918.71
68.0,8.0,3.0,715.961,1381.1,1047.29,1767.4
68.0,11.0,0.0,351.124,624.888,891.564,1428.75
68.0,16.0,0.0,1562.28,1797.05,987.929,1559.2
69.0,7.0,0.0,472.061,778.812,1588.71,1919.01
69.0,8.0,3.0,716.564,1380.08,1047.5,1768.23
69.0,11.0,0.0,350.094,626.14,894.342,1428.52
69.0,16.0,0.0,1560.99,1796.65,986.09,1560.72
69.0,21.0,0.0,1372.04,1722.19,1543.85,1920.0
70.0,7.0,0.0,469.061,779.807,1588.48,1920.0
70.0,8.0,3.0,715.283,1379.77,1047.39,1768.38
70.0,11.0,0.0,350.567,625.604,891.634,1428.42
70.0,16.0,0.0,1549.76,1789.31,988.26,1567.11
70.0,21.0,0.0,1375.42,1714.8,1513.0,1915.63
71.0,7.0,0.0,467.972,777.733,1589.06,1920.0
71.0,8.0,3.0,715.361,1379.85,1046.64,1768.07
71.0,11.0,0.0,344.318,649.883,889.186,1433.69
71.0,16.0,0.0,1551.36,1786.97,989.106,1573.35
71.0,21.0,0.0,1382.31,1697.95,1463.71,1920.0
72.0,7.0,0.0,469.196,783.221,1587.32,1920.0
72.0,8.0,3.0,714.334,1380.12,1047.26,1767.82
72.0,11.0,0.0,345.621,649.846,886.603,1434.97
72.0,16.0,0.0,1551.22,1787.61,990.788,1562.62
72.0,21.0,0.0,1366.42,1707.3,1431.36,1917.78
73.0,7.0,0.0,469.072,789.761,1585.51,1920.0
73.0,8.0,3.0,713.549,1380.64,1046.97,1768.32
73.0,11.0,0.0,347.436,648.925,885.81,1435.38
73.0,16.0,0.0,1553.08,1786.89,990.501,1555.25
73.0,21.0,0.0,1362.98,1695.4,1410.8,1918.2
74.0,7.0,0.0,470.911,780.445,1581.08,1920.0
74.0,8.0,3.0,710.986,1381.34,1045.58,1770.63
74.0,11.0,0.0,360.311,638.454,888.376,1432.55
74.0,16.0,0.0,1553.17,1786.54,990.786,1558.58
74.0,21.0,0.0,1360.75,1676.94,1390.67,1919.19
75.0,7.0,0.0,468.035,782.444,1582.2,1920.0
75.0,8.0,3.0,717.235,1377.2,1042.59,1752.14
75.0,11.0,0.0,360.759,638.291,887.475,1433.12
75.0,16.0,0.0,1563.26,1793.95,988.301,1567.43
75.0,21.0,0.0,1358.83,1676.41,1376.19,1920.0
76.0,7.0,0.0,470.43,775.612,1580.48,1920.0
76.0,8.0,3.0,717.069,1377.67,1042.21,1752.11
76.0,11.0,0.0,360.215,639.583,889.282,1431.87
76.0,16.0,0.0,1564.23,1793.34,988.42,1564.73
76.0,21.0,0.0,1346.2,1678.7,1362.96,1916.17
77.0,7.0,0.0,458.462,772.487,1579.74,1920.0
77.0,8.0,3.0,718.016,1379.59,1043.1,1749.89
77.0,11.0,0.0,360.803,639.354,888.841,1431.96
77.0,16.0,0.0,1564.42,1794.89,987.092,1563.97
77.0,21.0,0.0,1339.04,1660.21,1337.26,1905.25
78.0,7.0,0.0,454.33,773.924,1579.52,1920.0
78.0,8.0,3.0,717.89,1378.82,1043.11,1748.61
78.0,11.0,0.0,360.788,639.203,888.944,1431.79
78.0,16.0,0.0,1565.13,1796.21,986.503,1566.77
78.0,21.0,0.0,1337.51,1660.33,1329.63,1908.4
79.0,7.0,0.0,453.834,772.027,1580.58,1920.0
79.0,8.0,3.0,718.019,1378.62,1043.01,1749.45
79.0,11.0,0.0,360.542,639.093,888.413,1432.06
79.0,16.0,0.0,1564.72,1795.52,986.357,1564.36
79.0,21.0,0.0,1339.62,1661.18,1329.25,1907.46
80.0,7.0,0.0,453.722,775.902,1579.7,1920.0
80.0,8.0,3.0,718.462,1380.04,1043.24,1749.17
80.0,11.0,0.0,360.229,639.324,888.603,1431.45
80.0,16.0,0.0,1564.28,1792.58,987.552,1567.82
80.0,21.0,0.0,1337.58,1661.74,1330.6,1900.4
81.0,7.0,0.0,452.887,777.593,1577.27,1920.0
81.0,8.0,3.0,718.929,1378.57,1043.36,1749.37
81.0,11.0,0.0,360.277,639.168,888.906,1431.36
81.0,16.0,0.0,1562.38,1793.82,987.307,1565.87
81.0,21.0,0.0,1347.85,1667.92,1331.32,1896.19
82.0,7.0,0.0,450.658,777.352,1579.3,1920.0
82.0,8.0,3.0,718.991,1379.92,1043.45,1749.72
82.0,11.0,0.0,359.946,639.314,889.201,1431.26
82.0,16.0,0.0,1562.53,1793.16,988.464,1564.78
82.0,21.0,0.0,1353.16,1670.44,1332.65,1897.46
83.0,7.0,0.0,450.585,770.882,1580.54,1920.0
83.0,8.0,3.0,720.131,1379.45,1043.26,1750.05
83.0,11.0,0.0,360.249,639.413,889.415,1431.34
83.0,16.0,0.0,1562.65,1792.88,988.849,1564.32
83.0,21.0,0.0,1356.96,1670.31,1330.6,1901.51
84.0,7.0,0.0,451.995,769.877,1582.41,1920.0
84.0,8.0,3.0,720.045,1379.68,1043.38,1749.22
84.0,11.0,0.0,359.933,639.301,889.576,1431.37
84.0,16.0,0.0,1562.54,1792.84,989.747,1562.13
84.0,21.0,0.0,1365.15,1673.71,1330.88,1899.99
85.0,7.0,0.0,451.05,769.553,1585.06,1918.76
85.0,8.0,3.0,721.203,1378.91,1043.52,1749.7
85.0,11.0,0.0,360.093,639.461,889.701,1431.49
85.0,16.0,0.0,1555.35,1785.67,990.78,1567.66
85.0,21.0,0.0,1364.56,1678.14,1334.68,1898.52
86.0,7.0,0.0,449.958,764.751,1583.8,1918.61
86.0,8.0,3.0,721.63,1378.06,1044.04,1749.79
86.0,11.0,0.0,358.728,639.532,890.617,1431.09
86.0,16.0,0.0,1562.28,1793.19,989.468,1562.41
86.0,21.0,0.0,1368.35,1682.08,1337.11,1896.09
87.0,7.0,0.0,448.335,760.678,1588.45,1916.5
87.0,8.0,3.0,722.036,1377.82,1043.9,1751.03
87.0,11.0,0.0,347.031,650.959,891.294,1434.4
87.0,16.0,0.0,1554.68,1786.04,990.015,1565.2
87.0,21.0,0.0,1361.06,1683.49,1337.92,1894.65
88.0,7.0,0.0,448.335,760.678,1588.45,1916.5
88.0,8.0,3.0,723.349,1377.54,1043.75,1751.14
88.0,11.0,0.0,359.199,640.14,891.027,1430.84
88.0,16.0,0.0,1561.77,1794.18,988.976,1565.01
88.0,21.0,0.0,1362.14,1697.58,1339.19,1896.74
89.0,8.0,3.0,719.741,1378.74,1043.81,1749.39
89.0,11.0,0.0,357.708,638.718,891.088,1431.43
89.0,16.0,0.0,1553.8,1786.78,989.125,1571.09
89.0,21.0,0.0,1367.41,1694.6,1336.39,1897.97
90.0,8.0,3.0,719.945,1378.62,1044.08,1748.63
90.0,11.0,0.0,357.741,638.751,890.368,1431.37
90.0,16.0,0.0,1561.64,1794.67,988.366,1568.63
90.0,21.0,0.0,1366.35,1697.07,1337.06,1897.61
91.0,8.0,3.0,719.71,1379.03,1044.19,1748.22
91.0,11.0,0.0,357.672,638.476,890.601,1431.34
91.0,16.0,0.0,1554.08,1786.43,988.992,1574.95
91.0,21.0,0.0,1366.24,1694.63,1333.55,1903.27
92.0,8.0,3.0,719.493,1378.81,1043.89,1748.01
92.0,11.0,0.0,357.511,638.658,891.314,1431.26
92.0,16.0,0.0,1561.67,1794.71,987.582,1564.46
92.0,21.0,0.0,1364.23,1695.18,1332.06,1905.97
93.0,8.0,3.0,720.503,1378.21,1043.94,1748.57
93.0,11.0,0.0,357.766,638.638,890.789,1431.52
93.0,16.0,0.0,1562.02,1794.54,988.428,1565.3
93.0,21.0,0.0,1362.11,1692.34,1332.39,1904.49
94.0,8.0,3.0,719.423,1377.13,1043.18,1749.71
94.0,11.0,0.0,357.753,638.694,890.724,1431.46
94.0,16.0,0.0,1559.88,1796.04,988.61,1554.6
94.0,21.0,0.0,1363.91,1680.72,1329.11,1906.33
95.0,8.0,3.0,720.815,1374.68,1043.8,1749.21
95.0,11.0,0.0,358.35,638.675,890.039,1431.3
95.0,16.0,0.0,1561.15,1795.13,988.14,1561.64
95.0,21.0,0.0,1365.32,1673.73,1326.9,1909.49
96.0,8.0,3.0,720.888,1375.07,1044.08,1748.63
96.0,11.0,0.0,358.203,639.213,890.168,1430.11
96.0,16.0,0.0,1561.86,1794.47,988.294,1561.24
96.0,21.0,0.0,1363.73,1672.82,1326.11,1912.49
97.0,8.0,3.0,721.499,1374.73,1044.01,1748.48
97.0,11.0,0.0,357.122,639.37,891.858,1430.35
97.0,16.0,0.0,1562.41,1794.2,987.44,1562.07
97.0,21.0,0.0,1362.94,1674.23,1326.49,1912.65
98.0,8.0,3.0,720.562,1375.07,1043.67,1748.65
98.0,11.0,0.0,357.436,639.476,891.654,1431.33
98.0,16.0,0.0,1562.25,1794.21,987.551,1562.18
98.0,21.0,0.0,1366.05,1674.62,1327.19,1911.85
99.0,8.0,3.0,719.724,1376.15,1043.57,1748.63
99.0,11.0,0.0,357.528,639.362,891.771,1431.19
99.0,16.0,0.0,1562.11,1794.38,987.722,1561.23
99.0,21.0,0.0,1368.3,1668.69,1328.07,1911.73
100.0,8.0,3.0,720.397,1375.54,1043.92,1748.3
100.0,11.0,0.0,346.11,650.038,892.15,1433.73
100.0,16.0,0.0,1561.83,1794.61,987.645,1560.59
100.0,21.0,0.0,1363.48,1670.39,1338.15,1920.0
101.0,8.0,3.0,719.722,1376.79,1044.05,1748.51
101.0,11.0,0.0,358.278,639.494,890.638,1431.37
101.0,16.0,0.0,1562.14,1794.55,987.343,1563.37
101.0,21.0,0.0,1366.73,1671.18,1339.02,1920.0
102.0,8.0,3.0,718.85,1376.56,1043.67,1749.08
102.0,11.0,0.0,357.999,639.558,891.062,1431.8
102.0,16.0,0.0,1562.13,1794.57,987.455,1563.2
102.0,21.0,0.0,1363.23,1671.05,1339.33,1920.0
103.0,8.0,3.0,720.38,1375.85,1043.56,1750.09
103.0,11.0,0.0,357.902,639.943,892.135,1431.81
103.0,16.0,0.0,1562.07,1794.62,987.822,1563.01
103.0,21.0,0.0,1361.53,1671.6,1340.0,1920.0
104.0,8.0,3.0,721.005,1376.47,1044.11,1747.89
104.0,11.0,0.0,358.816,639.004,891.607,1431.55
104.0,16.0,0.0,1561.63,1794.13,987.852,1564.73
104.0,21.0,0.0,1363.48,1672.2,1339.29,1919.9
105.0,8.0,3.0,719.616,1377.97,1044.68,1745.88
105.0,11.0,0.0,359.065,639.047,890.486,1432.01
105.0,16.0,0.0,1562.39,1793.62,988.212,1565.09
105.0,21.0,0.0,1361.72,1673.77,1338.4,1920.0
106.0,8.0,3.0,720.466,1377.53,1044.68,1746.31
106.0,11.0,0.0,359.242,638.269,889.934,1432.65
106.0,16.0,0.0,1562.34,1793.93,988.22,1565.66
106.0,21.0,0.0,1364.39,1675.07,1337.55,1920.0
107.0,7.0,0.0,411.632,744.769,1554.69,1918.47
107.0,8.0,3.0,719.744,1379.38,1044.43,1744.86
107.0,11.0,0.0,359.101,637.924,890.532,1432.85
107.0,16.0,0.0,1562.42,1794.04,988.569,1565.44
107.0,21.0,0.0,1365.27,1676.55,1338.25,1920.0
108.0,7.0,0.0,410.578,748.632,1549.32,1918.57
108.0,8.0,3.0,718.797,1380.05,1044.29,1743.44
108.0,11.0,0.0,359.176,638.476,890.693,1432.75
108.0,16.0,0.0,1562.62,1793.64,988.693,1566.13
108.0,21.0,0.0,1367.15,1676.09,1338.85,1920.0
109.0,7.0,0.0,411.057,745.172,1548.38,1918.73
109.0,8.0,3.0,723.403,1377.59,1044.69,1746.49
109.0,11.0,0.0,359.266,639.044,892.073,1433.07
109.0,16.0,0.0,1562.25,1793.61,988.512,1566.8
109.0,21.0,0.0,1368.29,1674.45,1339.41,1920.0
110.0,7.0,0.0,409.514,738.61,1537.62,1919.89
110.0,8.0,3.0,723.359,1378.18,1044.78,1746.84
110.0,11.0,0.0,359.083,638.451,892.734,1433.2
110.0,16.0,0.0,1553.85,1786.46,989.166,1568.02
110.0,21.0,0.0,1368.03,1675.54,1339.81,1920.0
111.0,7.0,0.0,407.059,740.848,1529.56,1920.0
111.0,8.0,3.0,724.349,1377.26,1044.57,1747.4
111.0,11.0,0.0,358.499,638.686,893.739,1431.71
111.0,16.0,0.0,1562.44,1793.63,988.824,1565.7
111.0,21.0,0.0,1368.05,1676.08,1340.12,1920.0
112.0,7.0,0.0,409.882,743.997,1521.12,1919.25
112.0,8.0,3.0,720.687,1378.4,1044.66,1745.18
112.0,11.0,0.0,358.631,639.093,892.121,1431.8
112.0,16.0,0.0,1562.34,1793.64,988.733,1566.45
112.0,21.0,0.0,1366.77,1677.75,1339.41,1920.0
113.0,7.0,0.0,414.709,741.563,1514.32,1917.64
113.0,8.0,3.0,724.593,1377.18,1044.45,1748.06
113.0,11.0,0.0,358.603,637.63,891.838,1432.84
113.0,16.0,0.0,1563.09,1793.47,988.365,1566.37
113.0,21.0,0.0,1366.02,1678.07,1340.78,1920.0
114.0,7.0,0.0,414.737,734.878,1500.35,1918.45
114.0,8.0,3.0,725.726,1376.73,1044.37,1748.83
114.0,11.0,0.0,358.625,637.312,893.36,1433.17
114.0,16.0,0.0,1563.65,1793.63,988.531,1567.66
114.0,21.0,0.0,1363.16,1678.5,1340.08,1920.0
115.0,7.0,0.0,409.852,723.494,1492.69,1917.43
115.0,8.0,3.0,725.174,1377.45,1045.01,1747.84
115.0,11.0,0.0,358.523,638.232,891.786,1432.39
115.0,16.0,0.0,1563.14,1794.14,988.489,1565.93
115.0,21.0,0.0,1362.17,1680.76,1340.55,1920.0
116.0,7.0,0.0,407.113,712.519,1479.85,1920.0
116.0,8.0,3.0,726.129,1376.18,1045.22,1748.39
116.0,11.0,0.0,357.493,637.407,892.997,1432.94
116.0,16.0,0.0,1562.39,1794.1,989.015,1565.33
116.0,21.0,0.0,1366.55,1686.16,1340.89,1920.0
117.0,7.0,0.0,403.042,709.643,1467.71,1919.51
117.0,8.0,3.0,725.643,1376.32,1044.72,1749.27
117.0,11.0,0.0,356.932,637.668,894.576,1432.68
117.0,16.0,0.0,1562.59,1793.87,989.065,1565.94
117.0,21.0,0.0,1362.99,1684.71,1341.24,1920.0
118.0,7.0,0.0,384.408,698.357,1457.74,1920.0
118.0,8.0,3.0,724.761,1375.76,1044.66,1749.81
118.0,11.0,0.0,356.876,637.817,894.313,1432.94
118.0,16.0,0.0,1563.02,1793.71,989.377,1565.69
118.0,21.0,0.0,1362.03,1680.16,1342.68,1920.0
119.0,7.0,0.0,384.494,688.338,1440.62,1918.98
119.0,8.0,3.0,725.668,1377.62,1045.28,1748.79
119.0,11.0,0.0,355.678,639.931,893.825,1429.3
119.0,16.0,0.0,1563.74,1793.17,987.208,1568.04
119.0,21.0,0.0,1363.61,1679.26,1343.13,1920.0
120.0,7.0,0.0,375.602,674.881,1431.21,1918.77
120.0,8.0,3.0,725.898,1377.85,1045.04,1748.81
120.0,11.0,0.0,355.928,640.389,893.772,1430.04
120.0,16.0,0.0,1563.53,1793.4,987.393,1567.66
120.0,21.0,0.0,1361.59,1679.64,1342.47,1920.0
121.0,7.0,0.0,340.449,677.853,1418.11,1917.4
121.0,8.0,3.0,725.336,1379.84,1045.01,1748.53
121.0,11.0,0.0,354.674,641.016,895.074,1428.99
121.0,16.0,0.0,1564.16,1793.78,987.271,1567.25
121.0,21.0,0.0,1358.93,1680.25,1342.08,1920.0
122.0,7.0,0.0,334.369,672.268,1403.23,1914.99
122.0,8.0,3.0,724.733,1378.6,1045.06,1748.75
122.0,11.0,0.0,352.455,642.952,896.39,1423.05
122.0,16.0,0.0,1564.46,1793.77,988.378,1566.95
122.0,21.0,0.0,1363.01,1683.55,1342.13,1920.0
123.0,7.0,0.0,325.414,640.524,1386.15,1915.18
123.0,8.0,3.0,723.286,1379.71,1045.16,1748.33
123.0,11.0,0.0,352.339,643.474,896.909,1419.47
123.0,16.0,0.0,1564.61,1794.2,987.898,1567.03
123.0,21.0,0.0,1362.23,1682.62,1342.23,1920.0
124.0,7.0,0.0,313.58,640.923,1375.59,1916.91
124.0,8.0,3.0,722.42,1379.17,1044.96,1748.65
124.0,11.0,0.0,352.845,642.845,895.569,1417.5
124.0,16.0,0.0,1564.52,1794.33,987.344,1566.76
124.0,21.0,0.0,1365.94,1685.86,1341.77,1920.0
125.0,7.0,0.0,298.511,630.28,1353.61,1920.0
125.0,8.0,3.0,723.211,1377.72,1044.33,1749.83
125.0,11.0,0.0,341.267,654.002,891.025,1434.06
125.0,16.0,0.0,1564.41,1794.56,987.41,1566.54
125.0,21.0,0.0,1367.08,1685.44,1340.99,1920.0
126.0,7.0,0.0,289.984,623.132,1338.34,1920.0
126.0,8.0,3.0,723.443,1378.59,1044.63,1749.35
126.0,11.0,0.0,339.244,656.284,891.978,1424.51
126.0,16.0,0.0,1564.15,1794.76,987.514,1566.08
126.0,21.0,0.0,1366.67,1685.97,1341.1,1920.0
127.0,7.0,0.0,279.298,618.354,1335.36,1920.0
127.0,8.0,3.0,724.885,1378.11,1044.28,1749.69
127.0,11.0,0.0,339.77,637.011,900.251,1393.08
127.0,16.0,0.0,1564.42,1794.35,987.474,1568.31
127.0,21.0,0.0,1366.47,1687.72,1340.72,1920.0
128.0,7.0,0.0,278.082,618.465,1328.66,1920.0
128.0,8.0,3.0,724.971,1377.88,1044.8,1749.18
128.0,11.0,0.0,349.266,647.379,896.645,1388.39
128.0,16.0,0.0,1564.73,1794.58,987.069,1568.47
128.0,21.0,0.0,1363.89,1687.42,1340.67,1920.0
129.0,7.0,0.0,277.083,613.829,1311.51,1920.0
129.0,8.0,3.0,725.679,1377.63,1044.02,1750.54
129.0,11.0,0.0,338.216,639.034,900.278,1388.79
129.0,16.0,0.0,1564.09,1794.92,987.463,1566.6
129.0,21.0,0.0,1364.04,1686.55,1339.91,1920.0
130.0,7.0,0.0,275.031,611.366,1307.92,1919.89
130.0,8.0,3.0,725.258,1377.53,1044.38,1750.14
130.0,11.0,0.0,349.892,645.901,897.35,1400.63
130.0,16.0,0.0,1564.41,1795.21,987.001,1566.7
130.0,21.0,0.0,1367.1,1685.77,1340.68,1920.0
131.0,7.0,0.0,275.188,612.922,1294.47,1919.73
131.0,8.0,3.0,725.786,1377.42,1044.19,1750.46
131.0,11.0,0.0,347.403,648.514,901.584,1385.35
131.0,16.0,0.0,1564.33,1795.55,986.807,1567.07
131.0,21.0,0.0,1367.14,1685.19,1340.64,1920.0
132.0,7.0,0.0,274.931,608.486,1290.65,1919.9
132.0,8.0,3.0,725.957,1376.96,1044.28,1750.63
132.0,11.0,0.0,348.266,647.692,900.632,1385.23
132.0,16.0,0.0,1564.84,1796.09,986.389,1566.09
132.0,21.0,0.0,1366.3,1684.59,1340.11,1920.0
133.0,7.0,0.0,274.2,615.582,1292.07,1916.57
133.0,8.0,3.0,725.371,1377.96,1044.14,1750.42
133.0,11.0,0.0,349.928,645.721,900.179,1395.78
133.0,16.0,0.0,1564.7,1796.1,986.763,1567.59
133.0,21.0,0.0,1365.78,1685.61,1341.13,1920.0
133.0,24.0,2.0,2023.4,2276.16,1401.38,1918.99
134.0,7.0,0.0,271.499,611.384,1288.64,1918.12
134.0,8.0,3.0,718.116,1375.83,1048.65,1766.74
134.0,11.0,0.0,337.372,638.925,903.052,1391.56
134.0,16.0,0.0,1564.13,1797.11,989.219,1563.84
134.0,21.0,0.0,1364.21,1687.03,1340.23,1920.0
134.0,24.0,2.0,1991.09,2283.38,1317.69,1910.48
135.0,7.0,0.0,270.992,612.791,1290.19,1917.4
135.0,8.0,3.0,717.044,1376.36,1048.12,1767.36
135.0,11.0,0.0,337.253,638.364,902.135,1388.98
135.0,16.0,0.0,1563.9,1797.59,988.872,1564.62
135.0,21.0,0.0,1362.99,1687.79,1341.26,1920.0
135.0,24.0,2.0,1972.32,2240.53,1283.95,1906.93
136.0,7.0,0.0,272.992,608.835,1291.83,1917.97
136.0,8.0,3.0,717.511,1376.18,1047.99,1767.22
136.0,11.0,0.0,337.033,638.734,903.813,1389.35
136.0,16.0,0.0,1563.86,1797.95,988.318,1563.5
136.0,21.0,0.0,1363.72,1686.31,1342.17,1920.0
136.0,24.0,2.0,1960.33,2216.27,1230.73,1863.17
137.0,7.0,0.0,268.926,608.811,1291.68,1920.0
137.0,8.0,3.0,717.296,1376.94,1048.13,1766.93
137.0,11.0,0.0,337.692,638.51,902.813,1389.54
137.0,16.0,0.0,1563.69,1798.47,988.371,1564.12
137.0,21.0,0.0,1366.18,1685.4,1343.41,1920.0
137.0,24.0,2.0,1932.18,2142.64,1227.82,1820.11
138.0,7.0,0.0,269.83,611.379,1292.0,1920.0
138.0,8.0,3.0,716.874,1377.16,1047.53,1767.91
138.0,11.0,0.0,337.252,639.689,901.819,1385.58
138.0,16.0,0.0,1564.35,1797.9,988.872,1564.62
138.0,21.0,0.0,1364.7,1687.12,1343.24,1919.47
138.0,24.0,2.0,1937.7,2137.47,1172.44,1821.04
139.0,7.0,0.0,266.888,610.276,1292.98,1920.0
139.0,8.0,3.0,716.2,1377.45,1047.2,1768.11
139.0,11.0,0.0,337.915,639.541,901.539,1385.78
139.0,16.0,0.0,1564.0,1798.9,988.146,1565.02
139.0,21.0,0.0,1366.22,1686.45,1343.56,1919.51
139.0,24.0,2.0,1928.28,2133.75,1137.18,1737.03
140.0,7.0,0.0,267.621,605.355,1293.46,1920.0
140.0,8.0,3.0,716.453,1376.41,1047.32,1767.69
140.0,11.0,0.0,338.397,638.701,899.266,1387.06
140.0,16.0,0.0,1563.86,1797.95,987.883,1567.02
140.0,21.0,0.0,1368.77,1680.66,1344.02,1919.55
140.0,24.0,2.0,1905.91,2110.65,1087.06,1652.64
141.0,7.0,0.0,269.504,605.757,1294.6,1919.25
141.0,8.0,3.0,716.69,1377.3,1047.53,1767.73
141.0,11.0,0.0,338.159,639.27,898.252,1384.15
141.0,16.0,0.0,1564.24,1797.19,986.712,1568.11
141.0,21.0,0.0,1367.23,1679.58,1342.94,1920.0
141.0,24.0,2.0,1889.39,2083.33,1056.08,1589.47
142.0,7.0,0.0,268.706,613.775,1294.8,1918.5
142.0,8.0,3.0,719.497,1375.6,1048.11,1767.7
142.0,11.0,0.0,337.746,639.52,899.769,1384.72
142.0,16.0,0.0,1564.78,1795.55,986.602,1568.57
142.0,21.0,0.0,1367.1,1680.37,1342.95,1920.0
142.0,24.0,0.0,1869.85,2082.81,1028.6,1636.42
143.0,7.0,0.0,273.063,612.782,1295.12,1920.0
143.0,8.0,3.0,719.082,1374.55,1048.94,1766.94
143.0,11.0,0.0,338.43,637.929,900.287,1390.71
143.0,16.0,0.0,1564.29,1794.47,987.969,1564.84
143.0,21.0,0.0,1365.41,1679.82,1343.94,1919.4
143.0,24.0,2.0,1846.56,2060.96,1017.55,1559.87
144.0,7.0,0.0,276.544,612.551,1295.1,1920.0
144.0,8.0,3.0,718.445,1374.87,1049.36,1767.45
144.0,11.0,0.0,338.517,638.308,899.928,1386.54
144.0,16.0,0.0,1562.61,1796.87,988.189,1566.76
144.0,21.0,0.0,1366.08,1678.73,1343.38,1920.0
144.0,24.0,2.0,1843.96,2056.53,985.99,1510.47
145.0,7.0,0.0,275.006,613.566,1296.58,1919.79
145.0,8.0,3.0,718.44,1374.22,1049.56,1766.78
145.0,11.0,0.0,338.712,638.357,899.385,1386.94
145.0,16.0,0.0,1564.17,1794.6,986.672,1565.8
145.0,21.0,0.0,1365.15,1681.8,1342.93,1919.87
145.0,24.0,2.0,1823.44,2031.13,938.49,1477.38
146.0,7.0,0.0,277.202,619.251,1296.2,1919.86
146.0,8.0,3.0,718.927,1375.99,1050.23,1765.7
146.0,11.0,0.0,339.232,637.49,899.997,1392.34
146.0,16.0,0.0,1563.75,1795.93,989.286,1563.35
146.0,21.0,0.0,1365.0,1685.38,1343.76,1919.71
146.0,24.0,2.0,1799.66,2005.56,896.067,1426.99
147.0,7.0,0.0,278.004,619.386,1297.04,1920.0
147.0,8.0,3.0,717.841,1377.48,1051.07,1765.23
147.0,11.0,0.0,339.435,636.893,899.581,1392.77
147.0,16.0,0.0,1565.53,1795.85,987.127,1564.57
147.0,21.0,0.0,1367.04,1686.18,1343.81,1919.48
147.0,24.0,2.0,1781.86,1990.27,875.918,1389.25
148.0,7.0,0.0,278.301,617.854,1297.26,1920.0
148.0,8.0,3.0,717.119,1377.4,1051.06,1765.48
148.0,11.0,0.0,338.981,637.094,900.082,1393.15
148.0,16.0,0.0,1556.86,1783.7,990.486,1565.11
148.0,21.0,0.0,1365.81,1687.92,1343.4,1920.0
148.0,24.0,2.0,1760.72,1959.51,848.087,1377.59
