2.0,2.0,0.0,545.759,768.558,866.47,1370.49
2.0,5.0,3.0,115.938,1201.25,1486.95,1920.0
3.0,2.0,0.0,546.943,768.739,866.575,1370.35
3.0,5.0,3.0,117.188,1201.25,1487.72,1920.0
3.0,12.0,3.0,1706.06,1860.1,159.339,290.949
4.0,2.0,0.0,547.394,768.892,866.975,1370.26
4.0,5.0,3.0,115.312,1201.25,1487.63,1920.0
4.0,12.0,3.0,1706.63,1859.52,160.529,290.625
5.0,2.0,0.0,548.23,770.622,869.125,1369.47
5.0,5.0,3.0,116.875,1200.62,1486.97,1920.0
5.0,12.0,3.0,1706.83,1859.33,157.392,292.608
6.0,2.0,0.0,549.564,772.092,869.231,1369.57
6.0,3.0,1.0,721.25,1455.0,131.272,498.739
6.0,5.0,3.0,117.188,1198.75,1485.99,1920.0
6.0,12.0,3.0,1704.23,1858.85,155.986,292.572
7.0,2.0,0.0,550.966,771.358,870.882,1370.49
7.0,3.0,1.0,784.375,1517.5,124.916,494.722
7.0,5.0,3.0,117.188,1198.75,1486.91,1920.0
7.0,12.0,3.0,1704.76,1858.32,156.022,292.248
8.0,2.0,0.0,551.751,770.749,870.225,1370.08
8.0,3.0,1.0,868.125,1605.0,128.591,503.946
8.0,5.0,3.0,116.875,1200.62,1486.36,1920.0
8.0,12.0,3.0,1703.37,1856.63,153.894,294.375
8.0,18.0,0.0,1788.7,1940.53,273.173,426.058
9.0,2.0,0.0,551.778,772.331,870.18,1369.42
9.0,3.0,1.0,941.25,1667.5,131.683,507.405
9.0,5.0,3.0,117.812,1198.75,1485.83,1920.0
9.0,12.0,3.0,1701.97,1858.03,154.183,294.375
9.0,18.0,0.0,1765.19,1924.04,265.312,425.264
10.0,2.0,0.0,551.644,772.925,870.459,1370.07
10.0,3.0,1.0,1002.5,1732.5,125.676,502.96
10.0,5.0,3.0,114.375,1198.12,1487.98,1920.0
10.0,12.0,3.0,1702.02,1854.9,156.959,295.06
10.0,18.0,0.0,1730.72,1896.97,244.255,415.168
11.0,2.0,0.0,552.296,773.281,870.357,1370.21
11.0,3.0,1.0,1084.38,1827.5,136.314,508.385
11.0,5.0,3.0,113.438,1197.5,1488.41,1920.0
11.0,12.0,3.0,1710.1,1862.21,150.469,286.55
11.0,18.0,0.0,1730.72,1896.97,244.255,415.168
12.0,2.0,0.0,553.48,773.147,871.7,1370.82
12.0,3.0,1.0,1153.75,1903.75,132.925,508.006
12.0,5.0,3.0,115.938,1200.0,1488.95,1920.0
12.0,12.0,3.0,1712.12,1860.19,147.224,289.507
13.0,2.0,0.0,551.694,771.818,872.942,1372.06
13.0,3.0,1.0,1223.75,1971.25,128.859,514.055
13.0,5.0,3.0,114.062,1200.0,1489.29,1920.0
13.0,12.0,3.0,1712.12,1860.19,147.224,289.507
14.0,2.0,0.0,551.318,768.505,873.115,1371.38
14.0,3.0,1.0,1320.0,2011.25,137.237,517.388
14.0,5.0,3.0,116.875,1199.38,1479.83,1920.0
15.0,2.0,0.0,551.523,767.917,872.408,1371.77
15.0,3.0,1.0,1377.5,2091.25,122.8,517.323
15.0,5.0,3.0,117.812,1200.0,1479.72,1920.0
16.0,2.0,0.0,552.22,767.743,872.819,1371.45
16.0,3.0,1.0,1442.5,2182.5,40.0661,522.238
16.0,5.0,3.0,117.812,1198.75,1480.7,1920.0
17.0,2.0,0.0,551.2,767.673,872.705,1372.07
17.0,3.0,1.0,1538.75,2245.0,102.983,523.669
17.0,5.0,3.0,114.375,1199.38,1481.78,1920.0
18.0,2.0,0.0,551.665,767.451,872.971,1371.85
18.0,3.0,1.0,1620.59,2077.06,156.884,530.217
18.0,5.0,3.0,114.062,1198.75,1481.36,1920.0
18.0,18.0,0.0,1564.45,1638.63,234.267,377.849
19.0,2.0,0.0,550.528,767.53,872.613,1371.61
19.0,3.0,1.0,1660.0,2368.75,155.287,531.193
19.0,5.0,3.0,114.375,1199.38,1481.82,1920.0
19.0,18.0,0.0,1553.37,1649.71,220.168,377.524
20.0,2.0,0.0,549.474,767.805,872.338,1370.73
20.0,3.0,1.0,1787.69,2284.12,164.396,533.56
20.0,5.0,3.0,115.625,1200.62,1481.06,1920.0
20.0,18.0,0.0,1535.12,1631.03,212.019,372.692
20.0,21.0,0.0,967.404,1217.21,283.558,492.981
21.0,2.0,0.0,547.839,768.716,873.077,1371.47
21.0,3.0,1.0,1866.36,2344.1,15.152,530.422
21.0,5.0,3.0,116.562,1200.0,1481.34,1920.0
21.0,12.0,3.0,1696.88,1872.36,165.361,290.12
21.0,18.0,0.0,1527.81,1615.26,209.639,366.995
21.0,21.0,0.0,1041.25,1289.52,288.606,497.163
22.0,2.0,0.0,547.256,770.002,873.956,1372.1
22.0,3.0,1.0,1866.36,2344.1,15.152,530.422
22.0,5.0,3.0,117.5,1198.75,1486.19,1920.0
22.0,12.0,3.0,1705.96,1860.19,158.257,293.185
22.0,18.0,0.0,1518.29,1603.25,211.731,366.346
22.0,21.0,0.0,1108.92,1361.92,288.148,506.838
23.0,2.0,0.0,545.356,770.012,873.278,1373.74
23.0,5.0,3.0,116.562,1200.0,1485.85,1920.0
23.0,12.0,3.0,1707.02,1859.13,160.637,292.536
23.0,18.0,0.0,1506.18,1587.67,206.106,359.279
23.0,21.0,0.0,1213.65,1461.73,293.293,502.861
24.0,2.0,0.0,544.677,770.02,872.022,1372.73
24.0,5.0,3.0,115.938,1198.75,1486.07,1920.0
24.0,12.0,3.0,1698.17,1867.98,165.793,287.668
24.0,18.0,0.0,1494.69,1574.54,201.707,358.486
24.0,21.0,0.0,1289.23,1535.38,300.144,503.51
25.0,2.0,0.0,543.364,769.7,872.186,1372.41
25.0,5.0,3.0,112.812,1200.0,1485.27,1920.0
25.0,12.0,3.0,1699.62,1869.62,166.911,288.281
25.0,18.0,0.0,1489.47,1558.22,206.466,355.457
25.0,21.0,0.0,1359.23,1614.62,312.043,510.649
26.0,2.0,0.0,543.578,769.444,871.701,1372.16
26.0,5.0,3.0,114.062,1201.25,1484.64,1920.0
26.0,12.0,3.0,1699.66,1866.49,169.651,286.118
26.0,18.0,0.0,1481.97,1554.95,206.394,348.029
26.0,21.0,0.0,1461.54,1713.85,312.981,518.365
27.0,2.0,0.0,543.566,769.818,872.444,1371.44
27.0,5.0,3.0,115.938,1200.0,1483.62,1920.0
27.0,12.0,3.0,1700.0,1866.15,171.058,285.0
27.0,18.0,0.0,1476.35,1546.73,202.788,344.423
27.0,21.0,0.0,1543.27,1785.96,312.764,522.043
28.0,2.0,0.0,542.965,769.715,872.781,1371.54
28.0,5.0,3.0,115.312,1198.75,1483.84,1920.0
28.0,12.0,3.0,1698.37,1864.71,168.678,284.784
28.0,18.0,0.0,1476.49,1535.82,208.161,340.781
28.0,21.0,0.0,1620.81,1859.17,310.406,529.845
29.0,2.0,0.0,543.787,767.841,871.955,1371.2
29.0,5.0,3.0,117.5,1201.25,1485.6,1920.0
29.0,12.0,3.0,1698.32,1864.76,166.947,285.361
29.0,18.0,0.0,1474.71,1526.83,204.483,336.094
29.0,21.0,0.0,1721.06,1935.06,316.384,531.368
30.0,2.0,0.0,544.929,767.837,870.818,1373.36
30.0,5.0,3.0,118.438,1200.0,1485.63,1920.0
30.0,12.0,3.0,1697.6,1865.48,167.74,283.413
30.0,18.0,0.0,1471.32,1522.52,196.19,333.426
30.0,21.0,0.0,1796.22,2021.67,322.041,536.606
31.0,2.0,0.0,544.233,768.233,871.88,1372.71
31.0,5.0,3.0,117.188,1200.0,1486.0,1920.0
31.0,12.0,3.0,1705.53,1857.55,156.094,293.618
31.0,18.0,0.0,1470.41,1518.82,195.649,332.236
31.0,21.0,0.0,1874.71,2106.83,361.154,538.269
32.0,2.0,0.0,545.574,768.319,871.64,1372.23
32.0,5.0,3.0,117.812,1200.0,1485.44,1920.0
32.0,12.0,3.0,1707.88,1858.27,157.933,292.067
32.0,18.0,0.0,1466.63,1516.44,192.548,331.298
32.0,21.0,0.0,1874.71,2106.83,361.154,538.269
33.0,2.0,0.0,546.931,768.835,871.69,1372.76
33.0,5.0,3.0,118.75,1200.0,1485.88,1920.0
33.0,12.0,3.0,1706.11,1856.97,158.185,291.815
33.0,18.0,0.0,1467.5,1515.58,185.769,325.962
34.0,2.0,0.0,545.692,768.329,871.292,1369.56
34.0,5.0,3.0,118.438,1198.75,1486.71,1920.0
34.0,12.0,3.0,1707.26,1858.89,157.68,292.031
34.0,18.0,0.0,1467.02,1512.98,187.139,325.168
35.0,2.0,0.0,545.522,768.921,869.079,1370.64
35.0,5.0,3.0,121.562,1200.0,1484.31,1920.0
35.0,12.0,3.0,1705.19,1857.88,157.572,291.851
35.0,18.0,0.0,1466.23,1513.77,187.212,321.058
36.0,2.0,0.0,544.606,768.906,869.583,1371.27
36.0,5.0,3.0,118.75,1202.5,1481.39,1920.0
36.0,12.0,3.0,1705.53,1857.55,157.861,291.562
36.0,18.0,0.0,1468.03,1511.97,182.885,320.769
37.0,2.0,0.0,545.097,768.223,870.529,1371.97
37.0,5.0,3.0,115.938,1203.75,1477.12,1920.0
37.0,12.0,3.0,1705.38,1857.69,158.077,291.923
37.0,18.0,0.0,1465.07,1513.39,181.262,316.623
38.0,2.0,0.0,544.411,767.238,871.266,1371.36
38.0,5.0,3.0,116.562,1202.5,1472.54,1920.0
38.0,12.0,3.0,1703.65,1856.35,157.572,292.139
38.0,18.0,0.0,1466.85,1513.15,178.089,312.584
39.0,2.0,0.0,544.092,767.6,871.724,1372.8
39.0,5.0,3.0,110.0,1201.25,1470.34,1920.0
39.0,12.0,3.0,1704.81,1858.27,157.392,292.32
39.0,18.0,0.0,1466.54,1513.46,174.88,311.466
40.0,2.0,0.0,543.849,767.93,871.754,1370.15
40.0,5.0,3.0,110.625,1205.62,1465.06,1920.0
40.0,12.0,3.0,1704.52,1858.56,158.257,291.743
40.0,18.0,0.0,1465.07,1511.85,176.683,306.779
41.0,2.0,0.0,543.885,768.624,872.08,1374.63
41.0,5.0,3.0,112.5,1207.5,1462.01,1920.0
41.0,12.0,3.0,1705.29,1857.79,158.942,291.923
41.0,18.0,0.0,1464.29,1511.09,171.058,302.596
42.0,2.0,0.0,544.387,769.676,872.656,1375.57
42.0,5.0,3.0,107.5,1210.0,1459.72,1920.0
42.0,12.0,3.0,1705.14,1857.93,158.618,291.671
42.0,18.0,0.0,1464.18,1509.66,168.534,299.639
43.0,2.0,0.0,544.976,769.277,873.418,1372.78
43.0,5.0,3.0,105.625,1206.88,1451.88,1920.0
43.0,12.0,3.0,1705.1,1857.98,159.663,291.49
43.0,18.0,0.0,1465.32,1508.52,168.822,297.043
44.0,2.0,0.0,545.923,770.196,874.602,1373.72
44.0,5.0,3.0,107.812,1202.5,1444.8,1918.66
44.0,12.0,3.0,1704.18,1855.82,159.375,290.625
44.0,18.0,0.0,1462.76,1506.47,167.272,295.709
45.0,2.0,0.0,548.28,770.917,873.594,1372.23
45.0,5.0,3.0,111.562,1201.25,1442.38,1918.56
45.0,12.0,3.0,1704.09,1855.91,159.663,290.625
45.0,18.0,0.0,1462.43,1503.73,166.875,292.356
46.0,2.0,0.0,548.132,770.171,873.018,1370.56
46.0,5.0,3.0,102.188,1202.5,1437.19,1918.69
46.0,12.0,3.0,1706.15,1856.92,160.421,290.445
46.0,18.0,0.0,1459.78,1504.83,165.974,290.949
47.0,2.0,0.0,549.391,770.673,871.94,1370.09
47.0,5.0,3.0,100.0,1202.5,1432.68,1920.0
47.0,12.0,3.0,1705.82,1857.26,159.736,290.553
47.0,18.0,0.0,1457.25,1502.75,163.486,284.495
48.0,2.0,0.0,551.44,770.117,871.122,1370.61
48.0,5.0,3.0,96.25,1202.5,1435.13,1920.0
48.0,12.0,3.0,1705.82,1857.26,159.736,290.553
48.0,18.0,0.0,1456.81,1503.19,155.264,282.043
49.0,2.0,0.0,550.883,769.8,870.715,1369.11
49.0,5.0,3.0,93.125,1200.62,1433.44,1919.72
49.0,18.0,0.0,1456.92,1501.54,156.166,280.276
50.0,2.0,0.0,549.493,769.401,870.992,1370.24
50.0,5.0,3.0,95.0,1202.5,1431.84,1919.5
50.0,18.0,0.0,1451.03,1498.2,152.56,277.536
51.0,2.0,0.0,548.93,769.537,872.457,1369.15
51.0,5.0,3.0,92.8125,1205.0,1431.72,1920.0
51.0,18.0,0.0,1449.42,1498.27,147.548,274.471
52.0,2.0,0.0,550.91,768.044,872.797,1369.49
52.0,5.0,3.0,92.8125,1203.75,1433.05,1920.0
52.0,18.0,0.0,1450.77,1498.46,143.906,272.055
53.0,2.0,0.0,548.985,767.902,872.594,1368.8
53.0,5.0,3.0,97.5,1202.5,1430.61,1920.0
53.0,18.0,0.0,1450.17,1497.52,142.788,268.269
54.0,2.0,0.0,548.585,769.166,871.878,1368.69
54.0,5.0,3.0,97.8125,1203.75,1430.44,1920.0
54.0,18.0,0.0,1451.03,1495.12,139.075,265.06
55.0,2.0,0.0,548.316,769.435,872.009,1369.43
55.0,5.0,3.0,95.3125,1205.0,1431.08,1920.0
55.0,18.0,0.0,1450.17,1494.45,138.425,263.401
56.0,2.0,0.0,549.817,769.056,872.135,1369.55
56.0,5.0,3.0,97.5,1203.75,1431.11,1920.0
56.0,18.0,0.0,1448.29,1491.71,134.639,259.976
57.0,2.0,0.0,546.526,769.843,872.547,1369.48
57.0,5.0,3.0,100.0,1203.75,1428.64,1920.0
57.0,18.0,0.0,1448.08,1491.92,132.26,257.452
58.0,2.0,0.0,545.388,768.95,870.914,1371.5
58.0,5.0,3.0,98.4375,1203.75,1431.05,1920.0
58.0,18.0,0.0,1445.58,1489.81,130.998,256.406
59.0,2.0,0.0,546.641,767.95,870.244,1372.3
59.0,5.0,3.0,114.062,1205.0,1429.45,1920.0
59.0,12.0,3.0,1704.81,1858.27,156.13,292.139
59.0,18.0,0.0,1444.56,1487.75,131.611,254.351
60.0,2.0,0.0,544.222,769.098,870.418,1372.47
60.0,5.0,3.0,112.5,1206.25,1431.99,1920.0
60.0,12.0,3.0,1704.76,1858.32,156.707,291.562
60.0,18.0,0.0,1439.5,1485.12,133.846,250.962
61.0,2.0,0.0,543.125,769.405,870.771,1372.83
61.0,5.0,3.0,105.0,1206.25,1432.5,1920.0
61.0,12.0,3.0,1704.76,1858.32,156.707,291.562
61.0,18.0,0.0,1439.31,1482.22,130.132,247.752
62.0,2.0,0.0,543.676,768.854,871.135,1374.17
62.0,5.0,3.0,100.938,1203.75,1431.76,1920.0
62.0,12.0,3.0,1705.05,1858.03,158.401,290.733
62.0,18.0,0.0,1436.06,1479.33,126.346,247.5
63.0,2.0,0.0,544.893,768.619,870.855,1374.38
63.0,5.0,3.0,103.438,1205.0,1432.5,1920.0
63.0,12.0,3.0,1705.0,1858.08,157.933,290.913
63.0,18.0,0.0,1432.19,1472.43,127.248,246.022
64.0,2.0,0.0,544.045,769.169,871.64,1373.2
64.0,5.0,3.0,101.562,1203.75,1429.76,1920.0
64.0,12.0,3.0,1704.71,1858.37,158.438,290.986
64.0,18.0,0.0,1434.36,1470.25,119.459,244.002
65.0,2.0,0.0,544.138,769.564,872.433,1373.51
65.0,5.0,3.0,92.8125,1206.25,1433.33,1920.0
65.0,12.0,3.0,1705.1,1857.98,158.69,290.445
65.0,18.0,0.0,1422.2,1463.95,119.603,239.243
66.0,2.0,0.0,544.534,769.19,872.187,1372.77
66.0,5.0,3.0,107.812,1203.75,1429.42,1920.0
66.0,12.0,3.0,1705.38,1857.69,159.303,290.12
66.0,18.0,0.0,1414.06,1458.25,120.721,238.413
67.0,2.0,0.0,543.999,769.81,871.854,1372.44
67.0,5.0,3.0,80.9375,1203.75,1433.74,1920.0
67.0,12.0,3.0,1707.88,1858.27,160.601,289.688
67.0,18.0,0.0,1408.28,1454.8,119.135,236.538
67.0,25.0,0.0,2.55905,95.0454,1510.41,1920.0
68.0,2.0,0.0,546.656,769.401,871.342,1372.91
68.0,5.0,3.0,112.5,1202.5,1432.65,1920.0
68.0,12.0,3.0,1706.25,1856.83,161.538,289.327
68.0,18.0,0.0,1390.38,1441.92,117.26,232.644
68.0,25.0,0.0,0.0,121.523,1433.98,1919.4
69.0,2.0,0.0,546.984,769.593,871.748,1372.46
69.0,5.0,3.0,115.625,1204.38,1431.32,1920.0
69.0,12.0,3.0,1705.91,1857.16,160.745,289.543
69.0,18.0,0.0,1386.2,1435.34,114.7,230.3
69.0,25.0,0.0,1.20339,143.96,1413.36,1916.89
70.0,2.0,0.0,546.196,770.36,872.035,1373.11
70.0,5.0,3.0,108.438,1205.0,1431.76,1920.0
70.0,12.0,3.0,1704.33,1858.75,157.32,290.949
70.0,18.0,0.0,1375.17,1427.91,113.546,227.127
70.0,25.0,0.0,0.0,155.624,1377.16,1920.0
71.0,2.0,0.0,547.705,769.636,871.628,1373.19
71.0,5.0,3.0,111.875,1205.62,1432.94,1920.0
71.0,12.0,3.0,1703.85,1859.23,157.139,290.841
71.0,18.0,0.0,1356.51,1418.87,112.608,225.469
71.0,25.0,0.0,0.0,175.655,1344.82,1920.0
72.0,2.0,0.0,547.863,770.011,871.894,1375.05
72.0,5.0,3.0,105.938,1206.25,1432.86,1920.0
72.0,12.0,3.0,1704.28,1858.8,158.978,290.156
72.0,18.0,0.0,1350.1,1411.44,109.291,225.036
72.0,25.0,0.0,0.0,191.091,1303.4,1920.0
73.0,2.0,0.0,548.718,769.891,871.915,1372.75
73.0,5.0,3.0,112.812,1206.25,1432.68,1920.0
73.0,12.0,3.0,1703.37,1859.71,157.897,290.949
73.0,18.0,0.0,1331.83,1402.02,109.075,224.099
73.0,25.0,0.0,1.13426,203.279,1286.38,1913.8
74.0,2.0,0.0,550.136,770.528,870.745,1377.23
74.0,5.0,3.0,116.25,1207.5,1438.43,1920.0
74.0,12.0,3.0,1698.65,1870.58,165.216,287.091
74.0,25.0,0.0,3.59628,211.547,1253.48,1910.37
75.0,2.0,0.0,550.425,770.119,870.944,1378.55
75.0,5.0,3.0,115.625,1209.38,1438.92,1920.0
75.0,12.0,3.0,1698.75,1870.48,165.613,286.983
75.0,25.0,0.0,1.35008,220.582,1236.5,1907.23
76.0,2.0,0.0,549.741,770.563,871.025,1378.01
76.0,5.0,3.0,110.625,1208.12,1439.38,1920.0
76.0,12.0,3.0,1698.61,1870.62,165.541,287.055
76.0,25.0,0.0,0.0,236.352,1219.16,1900.37
77.0,2.0,0.0,549.684,770.939,870.832,1376.58
77.0,5.0,3.0,105.312,1208.75,1439.89,1919.27
77.0,12.0,3.0,1698.37,1870.87,164.099,287.344
77.0,25.0,0.0,3.16993,243.127,1182.47,1872.3
78.0,2.0,0.0,549.126,770.354,871.39,1377.14
78.0,5.0,3.0,104.688,1206.25,1444.86,1918.08
78.0,12.0,3.0,1698.32,1870.91,163.125,288.317
78.0,25.0,0.0,3.29061,251.47,1163.97,1843.27
79.0,2.0,0.0,549.265,770.979,871.073,1378.67
79.0,5.0,3.0,120.312,1203.75,1447.08,1917.02
79.0,12.0,3.0,1698.32,1870.91,163.341,288.101
79.0,25.0,0.0,2.25051,262.849,1152.77,1813.83
80.0,2.0,0.0,548.502,771.22,871.843,1375.74
80.0,5.0,3.0,119.062,1202.5,1442.38,1917.39
80.0,12.0,3.0,1696.73,1869.42,165.18,287.416
80.0,25.0,0.0,2.32142,271.324,1124.78,1776.54
81.0,2.0,0.0,549.017,771.247,871.353,1375.62
81.0,5.0,3.0,115.0,1202.5,1440.03,1919.5
81.0,12.0,3.0,1696.73,1869.42,164.387,287.632
81.0,25.0,0.0,5.29594,289.974,1104.56,1753.22
82.0,2.0,0.0,548.856,771.248,871.658,1375.92
82.0,5.0,3.0,117.188,1202.5,1439.56,1919.91
82.0,12.0,3.0,1699.13,1870.1,164.603,287.416
82.0,25.0,0.0,16.8758,298.169,1089.13,1733.06
83.0,2.0,0.0,549.376,771.686,872.45,1376.96
83.0,5.0,3.0,112.188,1205.0,1437.91,1920.0
83.0,12.0,3.0,1698.85,1870.38,164.387,287.632
83.0,25.0,0.0,37.953,302.268,1071.09,1697.73
84.0,2.0,0.0,548.502,771.601,871.966,1375.86
84.0,5.0,3.0,113.75,1205.0,1434.65,1920.0
84.0,12.0,3.0,1699.33,1869.9,164.892,287.704
84.0,25.0,0.0,50.2353,317.405,1054.6,1677.08
85.0,2.0,0.0,548.19,771.834,871.793,1375.81
85.0,5.0,3.0,96.5625,1202.5,1429.64,1920.0
85.0,12.0,3.0,1698.75,1870.48,164.026,287.993
85.0,25.0,0.0,68.6386,335.027,1045.43,1658.27
86.0,2.0,0.0,548.67,771.333,872.224,1375.26
86.0,5.0,3.0,98.75,1201.25,1429.02,1920.0
86.0,12.0,3.0,1698.61,1870.62,162.909,288.245
86.0,25.0,0.0,91.9538,337.189,1018.57,1628.47
87.0,2.0,0.0,549.609,770.675,872.449,1373.28
87.0,5.0,3.0,111.875,1201.88,1429.35,1920.0
87.0,12.0,3.0,1698.75,1870.48,163.017,287.849
87.0,25.0,0.0,102.153,348.499,1008.89,1612.86
88.0,2.0,0.0,549.448,770.595,872.153,1373.72
88.0,5.0,3.0,111.25,1202.5,1428.72,1920.0
88.0,12.0,3.0,1698.61,1870.62,162.945,287.921
88.0,25.0,0.0,113.065,359.802,1002.19,1593.9
89.0,2.0,0.0,549.953,770.291,874.235,1376.29
89.0,5.0,3.0,105.938,1201.25,1429.19,1920.0
89.0,12.0,3.0,1704.9,1858.17,158.582,291.418
89.0,25.0,0.0,123.598,375.801,989.993,1566.59
90.0,2.0,0.0,549.635,769.946,874.266,1376.08
90.0,5.0,3.0,103.75,1201.25,1428.51,1919.33
90.0,12.0,3.0,1704.76,1858.32,157.716,291.707
90.0,25.0,0.0,133.349,385.676,978.419,1560.39
91.0,2.0,0.0,550.205,770.059,874.536,1374.88
91.0,5.0,3.0,96.25,1205.0,1431.61,1920.0
91.0,12.0,3.0,1704.81,1858.27,157.644,291.779
91.0,25.0,0.0,138.928,391.008,968.515,1537.14
92.0,2.0,0.0,550.684,770.378,874.461,1373.1
92.0,5.0,3.0,75.625,1208.12,1437.61,1919.74
92.0,12.0,3.0,1705.0,1858.08,158.51,291.49
92.0,25.0,0.0,146.53,393.81,954.219,1536.19
93.0,2.0,0.0,551.894,770.704,874.492,1373.86
93.0,5.0,3.0,89.375,1206.88,1431.61,1919.24
93.0,12.0,3.0,1704.62,1858.46,157.897,291.815
93.0,25.0,0.0,147.203,397.337,950.329,1526.08
94.0,2.0,0.0,551.47,770.815,873.895,1374.48
94.0,5.0,3.0,90.625,1205.62,1429.96,1918.14
94.0,12.0,3.0,1704.52,1858.56,157.284,292.428
94.0,25.0,0.0,151.541,402.378,948.468,1524.78
95.0,2.0,0.0,551.989,771.387,874.269,1374.61
95.0,5.0,3.0,85.0,1207.5,1434.38,1919.21
95.0,12.0,3.0,1706.25,1856.83,159.7,291.454
95.0,25.0,0.0,151.639,406.255,948.915,1519.49
96.0,2.0,0.0,550.839,772.013,874.294,1374.64
96.0,5.0,3.0,88.4375,1210.0,1436.13,1920.0
96.0,12.0,3.0,1707.98,1858.17,159.195,291.671
96.0,25.0,0.0,151.634,406.312,949.031,1521.98
97.0,2.0,0.0,550.771,772.08,872.996,1374.44
97.0,5.0,3.0,94.6875,1208.75,1434.95,1920.0
97.0,12.0,3.0,1702.74,1857.26,158.726,290.409
97.0,25.0,0.0,151.892,407.755,950.847,1522.67
98.0,2.0,0.0,551.002,771.771,872.997,1373.95
98.0,5.0,3.0,99.0625,1207.5,1432.29,1920.0
98.0,12.0,3.0,1704.47,1858.61,158.005,291.995
98.0,25.0,0.0,153.683,406.749,952.451,1522.47
99.0,2.0,0.0,551.744,771.787,873.855,1374.2
99.0,5.0,3.0,94.6875,1206.25,1437.96,1919.66
99.0,12.0,3.0,1704.76,1858.32,161.25,290.769
99.0,25.0,0.0,152.276,406.83,951.0,1523.94
100.0,2.0,0.0,552.011,771.597,873.462,1373.32
100.0,5.0,3.0,87.5,1203.75,1436.85,1918.6
100.0,12.0,3.0,1704.47,1858.61,159.844,291.022
100.0,25.0,0.0,154.868,408.863,949.29,1523.35
101.0,2.0,0.0,551.529,771.089,873.125,1373.1
101.0,5.0,3.0,88.4375,1202.5,1431.36,1920.0
101.0,12.0,3.0,1704.18,1858.89,159.916,290.949
101.0,25.0,0.0,156.999,410.498,946.259,1522.29
102.0,2.0,0.0,551.421,770.392,872.434,1372.04
102.0,5.0,3.0,86.5625,1202.5,1430.38,1920.0
102.0,12.0,3.0,1703.99,1859.09,160.312,290.841
102.0,25.0,0.0,156.126,410.68,946.673,1521.3
103.0,2.0,0.0,551.67,769.867,872.385,1371.75
103.0,5.0,3.0,89.375,1203.12,1431.08,1920.0
103.0,12.0,3.0,1704.62,1858.46,159.736,290.841
103.0,25.0,0.0,155.172,411.221,947.549,1521.61
104.0,2.0,0.0,550.447,770.356,873.583,1373.44
104.0,5.0,3.0,92.5,1201.25,1433.66,1918.98
104.0,12.0,3.0,1703.17,1859.9,158.582,291.418
104.0,25.0,0.0,157.137,411.877,945.899,1521.09
105.0,2.0,0.0,550.986,770.787,872.879,1372.73
105.0,5.0,3.0,94.6875,1200.0,1430.33,1919.28
105.0,12.0,3.0,1703.22,1859.86,159.339,290.949
105.0,25.0,0.0,157.386,411.629,944.974,1521.29
106.0,2.0,0.0,550.824,771.324,873.18,1372.06
106.0,5.0,3.0,92.8125,1201.25,1429.43,1918.73
106.0,12.0,3.0,1703.51,1859.57,158.69,291.022
106.0,25.0,0.0,156.219,410.711,944.518,1521.39
107.0,2.0,0.0,550.913,771.332,872.872,1371.99
107.0,5.0,3.0,93.125,1199.38,1429.22,1918.36
107.0,12.0,3.0,1702.93,1860.14,156.815,291.743
107.0,25.0,0.0,156.168,410.287,943.678,1520.55
108.0,2.0,0.0,549.875,771.86,872.415,1372.27
108.0,5.0,3.0,90.3125,1200.0,1431.14,1918.82
108.0,12.0,3.0,1703.27,1859.81,157.175,291.671
108.0,25.0,0.0,156.067,409.629,944.382,1522.95
109.0,2.0,0.0,549.875,772.43,873.054,1373.03
109.0,5.0,3.0,95.0,1200.0,1428.2,1919.57
109.0,12.0,3.0,1703.17,1859.9,157.212,291.923
109.0,25.0,0.0,157.921,410.248,943.523,1524.92
110.0,2.0,0.0,550.099,772.518,872.892,1373.48
110.0,5.0,3.0,83.75,1201.25,1441.27,1919.56
110.0,12.0,3.0,1701.83,1858.17,156.562,291.707
110.0,25.0,0.0,157.285,411.156,946.097,1525.8
111.0,2.0,0.0,549.844,772.127,872.814,1374.01
111.0,5.0,3.0,87.1875,1201.25,1436.08,1919.7
111.0,12.0,3.0,1703.61,1859.47,158.113,291.599
111.0,25.0,0.0,155.994,409.184,946.231,1526.5
112.0,2.0,0.0,549.867,771.907,871.767,1373.33
112.0,5.0,3.0,88.75,1201.25,1431.95,1918.8
112.0,12.0,3.0,1703.51,1859.57,158.69,291.599
112.0,25.0,0.0,157.16,407.997,947.781,1527.48
113.0,2.0,0.0,550.408,771.582,873.437,1373.41
113.0,5.0,3.0,81.5625,1203.75,1436.53,1919.68
113.0,12.0,3.0,1702.31,1857.69,158.293,291.418
113.0,25.0,0.0,156.675,407.711,948.171,1529.0
114.0,2.0,0.0,550.407,770.316,873.38,1372.99
114.0,5.0,3.0,90.0,1202.5,1432.74,1918.96
114.0,12.0,3.0,1702.64,1857.36,158.51,291.202
114.0,25.0,0.0,156.346,406.694,949.778,1529.48
115.0,2.0,0.0,550.058,770.665,873.184,1373.28
115.0,5.0,3.0,94.6875,1201.25,1430.73,1919.18
115.0,12.0,3.0,1702.69,1857.31,158.618,290.805
115.0,25.0,0.0,156.39,406.859,949.749,1530.58
116.0,2.0,0.0,549.069,770.432,872.291,1372.88
116.0,5.0,3.0,90.9375,1201.25,1430.69,1918.62
116.0,12.0,3.0,1702.79,1857.21,158.546,290.877
116.0,25.0,0.0,157.864,406.566,949.398,1531.93
117.0,2.0,0.0,548.335,770.619,873.815,1373.18
117.0,5.0,3.0,86.875,1201.88,1435.2,1918.79
117.0,12.0,3.0,1702.31,1857.69,158.005,291.13
117.0,25.0,0.0,157.292,407.182,950.541,1531.66
118.0,2.0,0.0,548.5,771.0,873.44,1374.76
118.0,5.0,3.0,85.0,1201.25,1436.82,1919.66
118.0,12.0,3.0,1701.78,1858.22,158.546,291.166
118.0,25.0,0.0,156.867,407.429,950.205,1532.17
119.0,2.0,0.0,550.806,771.145,872.787,1371.06
119.0,5.0,3.0,79.6875,1198.75,1431.2,1919.25
119.0,12.0,3.0,1703.7,1859.37,157.752,291.382
119.0,25.0,0.0,154.277,407.963,950.905,1529.75
120.0,2.0,0.0,551.185,771.12,872.625,1371.02
120.0,5.0,3.0,77.1875,1200.0,1432.37,1919.39
120.0,12.0,3.0,1703.85,1859.23,157.644,291.779
120.0,25.0,0.0,153.916,408.656,951.034,1529.6
121.0,2.0,0.0,551.132,771.094,872.503,1371.75
121.0,5.0,3.0,80.0,1198.75,1430.66,1919.4
121.0,12.0,3.0,1703.94,1859.13,158.257,291.454
121.0,25.0,0.0,153.8,408.105,951.198,1529.77
122.0,2.0,0.0,551.129,770.822,871.63,1372.46
122.0,5.0,3.0,82.8125,1198.75,1428.75,1919.64
122.0,12.0,3.0,1703.7,1859.37,157.536,291.887
122.0,25.0,0.0,153.73,407.788,951.192,1530.32
123.0,2.0,0.0,551.219,771.047,871.999,1372.71
123.0,5.0,3.0,85.9375,1197.5,1427.96,1919.56
123.0,12.0,3.0,1704.42,1858.65,157.969,291.743
123.0,25.0,0.0,154.411,407.663,951.023,1530.72
124.0,2.0,0.0,550.84,771.367,872.232,1372.09
124.0,5.0,3.0,86.875,1199.38,1428.64,1919.11
124.0,12.0,3.0,1705.05,1858.03,158.618,291.671
124.0,25.0,0.0,154.248,407.561,950.795,1531.63
125.0,2.0,0.0,550.46,770.422,871.92,1372.26
125.0,5.0,3.0,83.4375,1200.0,1428.05,1918.44
125.0,12.0,3.0,1705.0,1858.08,159.952,290.913
125.0,25.0,0.0,153.958,408.139,952.054,1531.47
126.0,2.0,0.0,550.563,770.875,872.626,1373.46
126.0,5.0,3.0,85.3125,1201.25,1424.16,1918.52
126.0,12.0,3.0,1704.42,1858.65,158.51,291.202
126.0,25.0,0.0,153.961,407.337,951.952,1532.22
127.0,2.0,0.0,551.219,770.752,872.275,1373.6
127.0,5.0,3.0,88.125,1201.88,1422.42,1919.08
127.0,12.0,3.0,1704.62,1858.46,158.87,291.418
127.0,25.0,0.0,153.796,406.986,951.978,1531.68
128.0,2.0,0.0,550.902,772.183,872.399,1374.33
128.0,5.0,3.0,84.375,1200.62,1423.7,1918.73
128.0,12.0,3.0,1704.18,1858.89,158.726,291.562
128.0,25.0,0.0,153.749,406.507,951.661,1531.36
129.0,2.0,0.0,550.749,771.653,873.517,1374.96
129.0,5.0,3.0,80.0,1201.25,1431.94,1919.66
129.0,12.0,3.0,1703.89,1859.18,157.356,292.067
129.0,25.0,0.0,153.634,407.443,951.383,1529.95
130.0,2.0,0.0,550.869,771.18,873.383,1375.19
130.0,5.0,3.0,81.5625,1201.25,1429.53,1918.82
130.0,12.0,3.0,1705.82,1860.34,157.5,291.923
130.0,25.0,0.0,153.658,406.724,951.112,1530.24
131.0,2.0,0.0,550.529,771.245,873.254,1374.45
131.0,5.0,3.0,83.75,1198.75,1426.75,1917.56
131.0,12.0,3.0,1704.23,1858.85,159.519,291.058
131.0,25.0,0.0,155.154,406.558,951.093,1529.66
132.0,2.0,0.0,550.942,771.792,873.107,1374.67
132.0,5.0,3.0,75.0,1198.12,1430.4,1917.15
132.0,12.0,3.0,1706.06,1860.1,160.168,291.274
132.0,25.0,0.0,155.951,408.277,949.437,1529.14
133.0,2.0,0.0,550.472,771.538,874.244,1373.61
133.0,5.0,3.0,65.3125,1195.0,1435.76,1919.45
133.0,12.0,3.0,1698.37,1867.79,164.207,288.101
133.0,25.0,0.0,155.38,406.477,946.426,1530.67
134.0,2.0,0.0,550.454,772.222,874.253,1376.43
134.0,5.0,3.0,85.625,1198.12,1418.07,1919.79
134.0,12.0,3.0,1704.18,1858.89,160.529,290.048
134.0,25.0,0.0,154.979,408.912,944.949,1526.92
135.0,2.0,0.0,550.047,772.277,873.916,1378.8
135.0,5.0,3.0,83.75,1196.25,1420.04,1918.72
135.0,12.0,3.0,1704.86,1858.22,160.673,289.904
135.0,25.0,0.0,153.197,410.374,945.415,1522.85
136.0,2.0,0.0,550.323,773.613,873.376,1374.21
136.0,5.0,3.0,87.8125,1198.75,1418.27,1920.0
136.0,12.0,3.0,1705.0,1858.08,161.719,289.724
136.0,25.0,0.0,153.902,411.08,945.913,1524.48
137.0,2.0,0.0,550.616,773.089,873.798,1375.98
137.0,5.0,3.0,87.5,1200.0,1416.74,1920.0
137.0,12.0,3.0,1704.71,1858.37,160.745,289.832
137.0,25.0,0.0,153.48,409.28,944.326,1525.16
138.0,2.0,0.0,550.053,773.071,873.406,1375.83
138.0,5.0,3.0,92.8125,1200.0,1410.91,1918.65
138.0,12.0,3.0,1704.86,1858.22,161.719,289.724
138.0,25.0,0.0,154.158,407.843,942.035,1526.85
139.0,2.0,0.0,550.686,773.73,872.159,1379.64
139.0,5.0,3.0,94.375,1196.88,1409.42,1919.79
139.0,12.0,3.0,1705.0,1858.08,162.296,289.724
139.0,25.0,0.0,154.477,407.668,941.744,1524.85
140.0,2.0,0.0,549.87,773.815,867.437,1385.93
140.0,5.0,3.0,96.5625,1202.5,1407.03,1919.62
140.0,12.0,3.0,1705.0,1858.08,161.719,289.724
140.0,25.0,0.0,155.117,408.864,941.834,1526.08
141.0,2.0,0.0,548.127,773.745,866.861,1380.7
141.0,5.0,3.0,96.875,1204.38,1403.49,1919.86
141.0,12.0,3.0,1698.27,1867.88,165.0,287.596
141.0,25.0,0.0,155.94,410.494,940.236,1523.06
142.0,2.0,0.0,549.686,775.966,866.48,1378.69
142.0,5.0,3.0,108.125,1200.62,1405.36,1920.0
142.0,12.0,3.0,1698.37,1867.79,164.748,287.849
142.0,25.0,0.0,157.164,411.469,939.748,1520.86
143.0,2.0,0.0,551.143,778.948,864.938,1375.9
143.0,5.0,3.0,118.75,1200.0,1403.86,1920.0
143.0,12.0,3.0,1704.13,1858.94,159.303,290.697
143.0,25.0,0.0,160.795,415.224,934.448,1515.28
144.0,2.0,0.0,552.126,776.016,859.147,1377.14
144.0,5.0,3.0,114.062,1202.5,1401.21,1920.0
144.0,12.0,3.0,1703.94,1859.13,159.375,290.337
144.0,25.0,0.0,162.83,419.255,932.849,1511.98
145.0,2.0,0.0,551.857,776.431,853.245,1376.83
145.0,5.0,3.0,130.938,1198.75,1403.5,1920.0
145.0,12.0,3.0,1704.13,1858.94,160.493,290.373
145.0,25.0,0.0,162.189,422.653,929.547,1506.42
145.0,46.0,0.0,3.00331,56.1397,1352.56,1920.0
146.0,2.0,0.0,558.472,777.256,848.504,1359.84
146.0,5.0,3.0,150.625,1199.38,1399.46,1919.47
146.0,12.0,3.0,1698.41,1867.74,164.062,287.957
146.0,25.0,0.0,176.019,428.345,915.169,1498.84
146.0,46.0,0.0,1.95098,67.055,1284.21,1920.0
147.0,2.0,0.0,561.167,775.405,846.823,1353.56
147.0,5.0,3.0,149.375,1196.88,1406.09,1920.0
147.0,12.0,3.0,1698.41,1867.74,164.062,287.957
147.0,25.0,0.0,180.761,427.468,908.472,1488.74
147.0,46.0,0.0,3.32718,65.876,1268.63,1915.96
148.0,2.0,0.0,560.484,779.642,843.528,1335.39
148.0,5.0,3.0,149.688,1198.75,1402.02,1920.0
148.0,12.0,3.0,1704.62,1858.46,160.493,290.373
148.0,25.0,0.0,186.657,428.74,900.613,1473.0
148.0,46.0,0.0,2.48776,71.6554,1253.83,1908.15
