2.0,1.0,3.0,355.938,1265.0,1251.19,1920.0
2.0,2.0,3.0,1683.56,1891.83,147.476,284.639
2.0,3.0,0.0,1581.73,1787.5,269.784,449.062
2.0,6.0,4.0,1547.88,1573.65,115.493,237.584
3.0,1.0,3.0,371.562,1265.0,1234.54,1920.0
3.0,2.0,3.0,1701.83,1861.25,146.827,288.462
3.0,3.0,0.0,1512.98,1720.87,266.899,443.87
3.0,6.0,4.0,1545.58,1574.42,118.341,235.889
4.0,1.0,3.0,385.0,1265.0,1205.92,1920.0
4.0,2.0,3.0,1702.93,1860.14,158.618,289.94
4.0,3.0,0.0,1442.79,1649.52,268.341,436.659
4.0,6.0,4.0,1545.26,1573.2,114.447,239.495
5.0,1.0,3.0,412.5,1262.5,1178.59,1920.0
5.0,2.0,3.0,1700.91,1859.09,158.257,290.012
5.0,3.0,0.0,1340.87,1552.98,260.625,431.683
5.0,6.0,4.0,1547.99,1573.55,118.413,237.26
6.0,1.0,3.0,419.375,1260.62,1165.72,1920.0
6.0,2.0,3.0,1696.92,1869.23,161.142,287.127
6.0,3.0,0.0,1268.75,1480.48,253.269,426.923
6.0,6.0,4.0,1548.0,1572.0,121.406,234.555
6.0,13.0,3.0,1589.04,1786.35,130.096,246.346
7.0,1.0,3.0,437.188,1262.5,1156.65,1920.0
7.0,2.0,3.0,1702.26,1860.82,157.897,290.084
7.0,3.0,0.0,1193.46,1406.54,243.317,425.913
7.0,6.0,4.0,1546.96,1574.58,122.957,237.332
7.0,13.0,3.0,1584.04,1791.35,129.483,246.959
7.0,14.0,0.0,1580.12,1914.4,1500.33,1918.08
8.0,1.0,3.0,457.812,1267.5,1145.28,1920.0
8.0,2.0,3.0,1702.88,1860.19,157.825,290.156
8.0,3.0,0.0,1093.65,1307.88,244.255,414.014
8.0,6.0,4.0,1551.33,1577.9,122.957,237.332
8.0,13.0,3.0,1584.04,1791.35,129.483,246.959
8.0,14.0,0.0,1567.43,1901.88,1430.85,1919.77
9.0,1.0,3.0,462.5,1268.75,1124.07,1920.0
9.0,2.0,3.0,1702.64,1860.43,158.618,289.651
9.0,6.0,4.0,1556.51,1581.95,128.942,245.769
9.0,14.0,0.0,1559.81,1889.56,1390.51,1916.46
10.0,1.0,3.0,471.25,1273.75,1115.14,1920.0
10.0,2.0,3.0,1703.61,1859.47,158.87,289.399
10.0,6.0,4.0,1557.91,1583.63,120.793,238.918
10.0,14.0,0.0,1561.38,1883.42,1355.14,1915.69
11.0,1.0,3.0,476.562,1272.5,1100.71,1920.0
11.0,2.0,3.0,1697.5,1871.73,161.575,286.406
11.0,6.0,4.0,1560.86,1583.76,131.466,245.841
11.0,14.0,0.0,1552.2,1868.08,1302.2,1920.0
12.0,1.0,3.0,484.375,1271.88,1091.08,1920.0
12.0,2.0,3.0,1697.5,1871.73,161.43,286.551
12.0,6.0,4.0,1561.54,1583.07,133.558,247.788
12.0,14.0,0.0,1547.68,1854.29,1271.51,1917.8
13.0,1.0,3.0,494.375,1273.12,1087.64,1920.0
13.0,2.0,3.0,1697.6,1871.63,161.827,285.865
13.0,6.0,4.0,1572.04,1597.19,129.05,247.103
13.0,14.0,0.0,1543.47,1837.91,1241.86,1912.18
14.0,1.0,3.0,499.062,1268.75,1082.24,1912.57
14.0,2.0,3.0,1696.44,1872.79,162.656,286.19
14.0,6.0,4.0,1570.94,1598.29,128.906,252.728
14.0,14.0,0.0,1527.83,1814.74,1208.44,1880.48
15.0,1.0,3.0,507.5,1272.5,1072.9,1912.4
15.0,2.0,3.0,1696.15,1873.08,162.007,286.262
15.0,6.0,4.0,1572.85,1599.46,129.231,252.115
15.0,14.0,0.0,1531.96,1807.35,1176.48,1857.52
16.0,1.0,3.0,508.75,1276.25,1063.91,1910.0
16.0,2.0,3.0,1696.25,1872.98,162.296,286.262
16.0,6.0,4.0,1574.3,1601.08,129.7,250.204
16.0,14.0,0.0,1526.26,1802.99,1162.73,1812.5
17.0,1.0,3.0,531.25,1283.75,1035.53,1911.03
17.0,2.0,3.0,1696.39,1872.84,161.827,286.731
17.0,6.0,4.0,1579.28,1602.25,131.538,250.962
17.0,14.0,0.0,1516.64,1785.64,1136.35,1760.7
18.0,1.0,3.0,535.625,1285.0,1035.21,1910.71
18.0,2.0,3.0,1697.88,1874.42,161.755,286.803
18.0,6.0,4.0,1576.67,1598.71,131.394,252.26
18.0,14.0,0.0,1508.67,1773.63,1117.02,1738.94
19.0,1.0,3.0,539.688,1287.5,1030.51,1912.02
19.0,2.0,3.0,1696.11,1873.12,160.457,287.524
19.0,6.0,4.0,1574.72,1597.58,130.096,252.404
19.0,14.0,0.0,1495.15,1760.25,1102.85,1718.79
20.0,1.0,3.0,537.812,1287.5,1031.0,1911.22
20.0,2.0,3.0,1686.25,1892.21,146.899,286.37
20.0,6.0,4.0,1572.31,1596.92,127.752,253.594
20.0,14.0,0.0,1488.5,1743.06,1077.23,1694.53
21.0,1.0,3.0,537.188,1285.0,1034.79,1906.88
21.0,2.0,3.0,1695.48,1873.75,160.673,287.885
21.0,6.0,4.0,1573.21,1599.1,132.945,253.305
21.0,14.0,0.0,1471.22,1735.53,1066.78,1666.22
22.0,1.0,3.0,536.875,1282.5,1036.8,1903.8
22.0,2.0,3.0,1696.54,1872.69,160.781,288.065
22.0,6.0,4.0,1573.19,1599.12,136.046,257.416
22.0,14.0,0.0,1460.54,1731.39,1052.72,1660.64
23.0,1.0,3.0,536.875,1282.5,1035.0,1905.82
23.0,2.0,3.0,1696.49,1875.82,159.88,289.255
23.0,6.0,4.0,1576.23,1602.24,134.567,254.279
23.0,14.0,0.0,1449.33,1718.47,1041.83,1643.21
24.0,1.0,3.0,538.125,1282.5,1034.88,1905.27
24.0,2.0,3.0,1686.63,1885.67,151.37,283.341
24.0,6.0,4.0,1573.35,1602.03,130.204,255.757
24.0,14.0,0.0,1436.59,1706.51,1033.87,1639.08
25.0,1.0,3.0,538.125,1282.5,1033.63,1906.15
25.0,2.0,3.0,1693.65,1872.5,162.043,286.803
25.0,6.0,4.0,1575.5,1606.03,128.726,255.793
25.0,14.0,0.0,1435.58,1704.45,1031.02,1638.49
25.0,19.0,0.0,1586.92,1794.62,273.966,455.841
26.0,1.0,3.0,536.562,1282.5,1033.22,1905.73
26.0,2.0,3.0,1704.76,1858.32,158.149,291.851
26.0,6.0,4.0,1572.81,1611.8,126.094,256.118
26.0,14.0,0.0,1436.44,1702.43,1025.68,1641.1
26.0,17.0,0.0,1072.88,1307.11,276.473,490.201
27.0,1.0,3.0,537.812,1285.0,1035.09,1902.51
27.0,2.0,3.0,1703.94,1859.13,157.608,291.526
27.0,6.0,4.0,1575.1,1606.44,131.106,257.74
27.0,14.0,0.0,1437.12,1703.38,1026.14,1641.49
27.0,17.0,0.0,1176.83,1415.48,289.471,490.529
28.0,1.0,3.0,537.5,1282.5,1035.5,1902.07
28.0,2.0,3.0,1702.69,1860.38,157.861,291.274
28.0,6.0,4.0,1575.14,1609.47,130.06,257.344
28.0,14.0,0.0,1437.4,1705.75,1028.52,1640.94
28.0,17.0,0.0,1290.0,1526.92,291.779,495.721
29.0,1.0,3.0,536.875,1282.5,1035.86,1902.01
29.0,2.0,3.0,1700.62,1859.38,142.212,293.077
29.0,6.0,4.0,1575.53,1606.01,129.159,263.438
29.0,14.0,0.0,1438.08,1705.91,1031.07,1641.03
29.0,17.0,0.0,1437.21,1675.1,297.981,504.519
30.0,1.0,3.0,536.562,1282.5,1034.96,1903.23
30.0,2.0,3.0,1702.45,1860.62,143.149,292.716
30.0,6.0,4.0,1579.54,1608.15,133.053,263.582
30.0,14.0,0.0,1437.55,1706.81,1033.57,1639.82
30.0,17.0,0.0,1548.85,1792.69,307.5,513.462
31.0,1.0,3.0,536.562,1282.5,1036.49,1901.79
31.0,2.0,3.0,1684.23,1894.23,149.964,283.594
31.0,6.0,4.0,1578.1,1609.59,129.916,267.296
31.0,14.0,0.0,1445.47,1715.13,1037.44,1634.07
31.0,17.0,0.0,1668.59,1901.55,310.144,522.935
32.0,1.0,3.0,536.25,1282.5,1035.21,1902.21
32.0,2.0,3.0,1682.79,1892.6,147.981,284.135
32.0,6.0,4.0,1580.24,1610.53,135.613,268.81
32.0,14.0,0.0,1445.34,1716.45,1036.43,1635.91
32.0,17.0,0.0,1812.98,2042.4,332.812,529.688
33.0,1.0,3.0,536.875,1282.5,1034.09,1903.63
33.0,2.0,3.0,1696.54,1875.77,159.447,289.976
33.0,6.0,4.0,1577.81,1609.88,132.151,265.637
33.0,13.0,3.0,1597.02,1796.83,133.413,247.067
33.0,14.0,0.0,1446.99,1716.39,1036.14,1635.8
33.0,17.0,0.0,1812.98,2042.4,332.812,529.688
34.0,1.0,3.0,537.5,1282.5,1034.65,1903.34
34.0,2.0,3.0,1696.35,1872.88,160.457,288.389
34.0,6.0,4.0,1580.62,1610.14,131.322,269.928
34.0,13.0,3.0,1597.02,1796.83,133.413,247.067
34.0,14.0,0.0,1445.27,1717.84,1038.2,1633.52
35.0,1.0,3.0,537.188,1281.25,1034.18,1903.3
35.0,2.0,3.0,1695.19,1874.04,158.005,289.976
35.0,6.0,4.0,1580.62,1610.14,132.115,265.096
35.0,14.0,0.0,1447.0,1717.59,1036.78,1634.8
36.0,1.0,3.0,537.5,1280.0,1034.47,1902.73
36.0,2.0,3.0,1701.97,1861.11,141.635,294.519
36.0,6.0,4.0,1580.54,1610.23,131.178,270.072
36.0,14.0,0.0,1446.66,1717.64,1036.75,1634.83
37.0,1.0,3.0,536.875,1282.5,1034.8,1902.64
37.0,2.0,3.0,1697.26,1875.05,158.582,289.976
37.0,6.0,4.0,1580.28,1610.49,131.863,270.252
37.0,14.0,0.0,1447.15,1716.8,1036.53,1635.86
38.0,1.0,3.0,536.562,1282.5,1034.62,1902.89
38.0,2.0,3.0,1694.71,1874.52,157.752,290.517
38.0,6.0,4.0,1582.03,1608.74,137.56,270.325
38.0,14.0,0.0,1446.06,1716.78,1036.63,1634.9
39.0,1.0,3.0,536.25,1282.5,1034.35,1903.04
39.0,2.0,3.0,1695.1,1874.13,156.851,290.841
39.0,6.0,4.0,1582.42,1608.35,135.757,271.551
39.0,14.0,0.0,1444.94,1717.77,1036.39,1634.91
40.0,1.0,3.0,535.625,1282.5,1034.89,1901.46
40.0,2.0,3.0,1696.78,1875.53,158.329,290.228
40.0,6.0,4.0,1580.0,1610.77,139.832,278.149
40.0,14.0,0.0,1444.94,1717.51,1036.28,1635.25
41.0,1.0,3.0,536.562,1283.75,1036.82,1899.17
41.0,2.0,3.0,1695.43,1873.8,157.284,290.697
41.0,6.0,4.0,1582.44,1611.41,139.291,278.978
41.0,14.0,0.0,1444.65,1717.09,1037.33,1634.18
42.0,1.0,3.0,536.25,1282.5,1036.27,1899.89
42.0,2.0,3.0,1702.45,1860.62,155.012,293.257
42.0,6.0,4.0,1580.41,1610.36,138.93,279.339
42.0,14.0,0.0,1437.07,1708.05,1032.79,1640.52
43.0,1.0,3.0,536.562,1283.75,1035.83,1900.71
43.0,2.0,3.0,1697.26,1875.05,158.798,289.183
43.0,6.0,4.0,1581.53,1612.32,139.002,273.786
43.0,14.0,0.0,1436.81,1708.32,1032.7,1640.8
44.0,1.0,3.0,535.625,1285.0,1035.61,1903.45
44.0,2.0,3.0,1695.77,1873.46,159.483,288.498
44.0,6.0,4.0,1580.36,1610.41,140.048,277.644
44.0,14.0,0.0,1435.57,1709.75,1034.82,1639.73
45.0,1.0,3.0,535.938,1283.75,1036.14,1901.87
45.0,2.0,3.0,1695.58,1873.65,160.312,287.668
45.0,6.0,4.0,1579.83,1610.94,139.796,278.474
45.0,14.0,0.0,1444.23,1716.4,1039.46,1633.69
46.0,1.0,3.0,535.625,1282.5,1035.77,1901.49
46.0,2.0,3.0,1695.72,1873.51,159.591,288.389
46.0,6.0,4.0,1582.61,1611.24,143.329,278.978
46.0,14.0,0.0,1444.59,1716.89,1039.44,1634.03
47.0,1.0,3.0,535.312,1282.5,1035.59,1902.16
47.0,2.0,3.0,1695.24,1873.99,159.303,288.678
47.0,6.0,4.0,1580.34,1610.43,142.067,281.971
47.0,14.0,0.0,1445.11,1716.75,1039.22,1634.83
48.0,1.0,3.0,535.312,1282.5,1034.5,1904.03
48.0,2.0,3.0,1696.11,1873.12,159.05,288.93
48.0,6.0,4.0,1584.45,1612.48,155.877,296.142
48.0,14.0,0.0,1446.31,1716.63,1041.23,1635.17
49.0,1.0,3.0,535.625,1282.5,1037.45,1901.06
49.0,2.0,3.0,1694.81,1874.42,157.68,290.589
49.0,6.0,4.0,1586.01,1613.99,159.014,296.466
49.0,14.0,0.0,1446.4,1716.2,1040.97,1635.64
50.0,1.0,3.0,536.25,1282.5,1036.34,1902.91
50.0,2.0,3.0,1694.9,1874.33,157.788,290.192
50.0,6.0,4.0,1585.46,1614.54,154.579,298.882
50.0,14.0,0.0,1446.64,1715.9,1040.33,1635.94
51.0,1.0,3.0,536.562,1282.5,1036.8,1902.1
51.0,2.0,3.0,1695.82,1876.49,158.546,289.435
51.0,6.0,4.0,1585.35,1614.65,154.111,297.043
51.0,14.0,0.0,1446.64,1716.3,1039.61,1636.53
52.0,1.0,3.0,535.0,1282.5,1037.65,1901.68
52.0,2.0,3.0,1695.82,1876.49,157.788,289.904
52.0,6.0,4.0,1585.02,1614.98,155.048,298.125
52.0,14.0,0.0,1447.25,1715.99,1041.71,1636.67
53.0,1.0,3.0,534.375,1280.0,1036.65,1902.79
53.0,2.0,3.0,1695.77,1876.54,158.654,289.615
53.0,6.0,4.0,1583.65,1613.27,156.022,298.305
53.0,13.0,3.0,1586.54,1791.92,131.899,247.139
53.0,14.0,0.0,1447.32,1716.06,1037.67,1637.74
54.0,1.0,3.0,535.938,1281.25,1036.75,1902.48
54.0,2.0,3.0,1696.15,1876.15,158.329,289.94
54.0,6.0,4.0,1585.17,1614.83,154.688,298.486
54.0,13.0,3.0,1595.38,1795.38,131.899,247.139
54.0,14.0,0.0,1447.38,1715.73,1040.5,1637.02
55.0,1.0,3.0,536.25,1282.5,1037.6,1901.21
55.0,2.0,3.0,1696.01,1876.3,158.654,289.615
55.0,6.0,4.0,1586.03,1613.97,161.142,289.724
55.0,13.0,3.0,1587.12,1803.65,131.43,249.05
55.0,14.0,0.0,1447.67,1715.49,1038.37,1636.9
56.0,1.0,3.0,536.562,1282.5,1038.76,1900.27
56.0,2.0,3.0,1694.42,1874.81,158.69,289.579
56.0,6.0,4.0,1585.02,1611.9,159.736,298.053
56.0,13.0,3.0,1583.65,1807.12,130.601,249.591
56.0,14.0,0.0,1447.99,1715.81,1038.36,1637.4
57.0,1.0,3.0,536.875,1280.0,1036.4,1902.55
57.0,2.0,3.0,1694.52,1874.71,158.51,289.76
57.0,6.0,4.0,1590.24,1618.99,163.305,301.695
57.0,13.0,3.0,1569.81,1808.65,129.195,249.844
57.0,14.0,0.0,1447.3,1716.17,1038.42,1637.46
58.0,1.0,3.0,536.25,1280.0,1037.51,1901.55
58.0,2.0,3.0,1694.81,1874.42,159.303,289.543
58.0,6.0,4.0,1593.21,1622.18,163.486,299.784
58.0,13.0,3.0,1569.81,1808.65,130.168,250.024
58.0,14.0,0.0,1447.79,1715.74,1037.97,1639.35
59.0,1.0,3.0,537.812,1285.0,1037.06,1901.1
59.0,2.0,3.0,1702.69,1860.38,156.635,291.923
59.0,6.0,4.0,1595.43,1626.11,161.755,299.784
59.0,13.0,3.0,1570.77,1801.54,130.925,249.267
59.0,14.0,0.0,1448.81,1716.24,1034.22,1640.06
60.0,1.0,3.0,537.812,1287.5,1036.91,1901.37
60.0,2.0,3.0,1702.79,1860.29,156.202,292.356
60.0,6.0,4.0,1598.29,1629.4,170.625,298.99
60.0,13.0,3.0,1567.21,1808.17,130.709,248.329
60.0,14.0,0.0,1452.52,1718.78,1033.01,1639.63
61.0,1.0,3.0,537.812,1286.25,1037.54,1900.73
61.0,2.0,3.0,1704.52,1861.63,156.058,292.5
61.0,6.0,4.0,1601.35,1632.5,168.678,294.88
61.0,13.0,3.0,1570.1,1814.52,129.736,248.438
61.0,14.0,0.0,1454.56,1720.42,1038.69,1640.0
62.0,1.0,3.0,537.188,1286.25,1037.9,1900.25
62.0,2.0,3.0,1704.52,1861.63,156.094,292.464
62.0,6.0,4.0,1610.87,1647.6,158.906,295.998
62.0,13.0,3.0,1569.33,1815.29,131.791,248.69
62.0,14.0,0.0,1453.05,1720.87,1038.36,1637.62
63.0,1.0,3.0,537.812,1287.5,1038.09,1900.44
63.0,2.0,3.0,1704.71,1861.44,157.428,291.707
63.0,6.0,4.0,1611.08,1644.3,161.755,294.591
63.0,13.0,3.0,1572.88,1820.96,132.079,247.536
63.0,14.0,0.0,1453.7,1719.83,1037.99,1639.3
64.0,1.0,3.0,538.125,1287.5,1038.4,1899.91
64.0,2.0,3.0,1704.76,1861.39,156.202,292.067
64.0,6.0,4.0,1615.2,1649.41,166.478,294.195
64.0,13.0,3.0,1565.77,1818.85,123.822,240.505
64.0,14.0,0.0,1454.32,1719.41,1036.25,1641.54
65.0,1.0,3.0,539.375,1287.5,1037.69,1900.46
65.0,2.0,3.0,1702.4,1860.67,155.913,292.067
65.0,6.0,4.0,1622.54,1657.46,170.156,296.286
65.0,13.0,3.0,1566.54,1811.92,123.894,240.721
65.0,14.0,0.0,1453.53,1720.96,1036.2,1641.78
66.0,1.0,3.0,539.062,1287.5,1036.85,1901.31
66.0,2.0,3.0,1703.37,1859.71,157.32,291.526
66.0,6.0,4.0,1626.15,1663.08,154.579,274.075
66.0,13.0,3.0,1564.81,1813.65,130.24,249.663
66.0,14.0,0.0,1455.21,1723.43,1037.07,1642.91
67.0,1.0,3.0,538.75,1287.5,1038.75,1898.58
67.0,2.0,3.0,1694.33,1871.83,159.772,288.498
67.0,6.0,4.0,1634.17,1667.37,164.82,297.296
67.0,13.0,3.0,1572.4,1833.75,130.673,250.096
67.0,14.0,0.0,1466.53,1714.63,1036.38,1646.28
68.0,1.0,3.0,539.062,1288.75,1035.15,1902.57
68.0,2.0,3.0,1668.46,1894.62,147.62,285.938
68.0,6.0,4.0,1638.85,1671.92,166.37,295.168
68.0,13.0,3.0,1585.96,1820.19,129.627,250.853
68.0,14.0,0.0,1468.13,1715.32,1032.56,1646.04
69.0,1.0,3.0,538.125,1290.0,1034.85,1903.54
69.0,2.0,3.0,1671.44,1894.71,146.827,287.019
69.0,6.0,4.0,1644.82,1675.18,170.264,293.293
69.0,13.0,3.0,1582.02,1814.9,128.87,248.726
69.0,14.0,0.0,1467.57,1715.97,1031.22,1644.7
70.0,1.0,3.0,538.75,1288.75,1036.0,1901.72
70.0,2.0,3.0,1669.23,1893.85,146.863,287.56
70.0,6.0,4.0,1658.55,1692.22,165.505,297.764
70.0,13.0,3.0,1582.02,1814.9,128.87,248.726
70.0,14.0,0.0,1457.83,1726.96,1035.41,1639.74
71.0,1.0,3.0,538.438,1290.0,1036.88,1901.34
71.0,2.0,3.0,1663.27,1890.58,144.339,290.373
71.0,6.0,4.0,1669.09,1700.14,175.962,299.712
71.0,14.0,0.0,1458.71,1726.93,1034.59,1641.32
72.0,1.0,3.0,538.75,1290.0,1036.31,1901.19
72.0,2.0,3.0,1670.29,1883.56,144.88,289.543
72.0,6.0,4.0,1676.67,1704.87,176.575,295.637
72.0,14.0,0.0,1466.71,1716.75,1029.78,1618.03
73.0,1.0,3.0,538.75,1288.75,1036.23,1902.38
73.0,2.0,3.0,1677.5,1879.42,144.591,290.986
73.0,6.0,4.0,1683.35,1710.49,173.87,298.341
73.0,14.0,0.0,1467.03,1716.25,1027.59,1618.72
73.0,24.0,4.0,1891.94,1932.68,187.139,340.745
74.0,1.0,3.0,534.688,1287.5,1037.32,1901.77
74.0,2.0,3.0,1667.21,1886.63,140.12,295.457
74.0,6.0,4.0,1689.9,1719.33,173.942,303.75
74.0,13.0,3.0,1583.08,1810.77,127.031,253.738
74.0,14.0,0.0,1468.49,1716.4,1027.36,1617.91
74.0,24.0,4.0,1884.92,1927.39,184.76,341.106
74.0,25.0,0.0,1358.66,1638.44,1431.01,1918.45
75.0,1.0,3.0,535.312,1287.5,1036.88,1902.18
75.0,2.0,3.0,1622.12,1870.19,132.62,283.918
75.0,6.0,4.0,1704.03,1732.9,181.55,302.776
75.0,13.0,3.0,1583.08,1810.77,127.031,253.738
75.0,14.0,0.0,1468.99,1718.54,1027.97,1616.8
75.0,24.0,4.0,1884.92,1927.39,184.76,341.106
75.0,25.0,0.0,1326.72,1650.56,1409.41,1916.45
76.0,1.0,3.0,535.625,1285.0,1036.9,1901.78
76.0,2.0,3.0,1667.88,1892.12,137.308,297.692
76.0,6.0,4.0,1706.49,1733.51,181.262,303.353
76.0,13.0,3.0,1574.04,1816.73,127.825,252.368
76.0,14.0,0.0,1469.55,1719.07,1027.93,1615.61
76.0,24.0,4.0,1874.0,1907.54,183.642,316.55
76.0,25.0,0.0,1297.01,1633.92,1399.59,1913.23
77.0,1.0,3.0,535.938,1286.25,1038.1,1901.29
77.0,2.0,3.0,1687.88,1875.19,157.067,291.202
77.0,6.0,4.0,1717.36,1747.26,172.356,296.683
77.0,13.0,3.0,1573.65,1826.35,127.32,254.026
77.0,14.0,0.0,1468.18,1719.2,1029.51,1613.19
77.0,24.0,4.0,1866.27,1896.8,184.832,311.322
77.0,25.0,0.0,1302.39,1626.55,1371.13,1915.63
78.0,1.0,3.0,535.938,1285.0,1038.53,1900.45
78.0,2.0,3.0,1692.74,1873.41,150.361,299.351
78.0,6.0,4.0,1719.72,1741.81,178.161,305.012
78.0,13.0,3.0,1578.17,1812.6,128.582,252.188
78.0,14.0,0.0,1468.31,1718.78,1028.33,1611.15
78.0,24.0,4.0,1866.27,1896.8,184.832,311.322
78.0,25.0,0.0,1300.51,1622.47,1356.6,1913.87
79.0,1.0,3.0,536.25,1285.0,1038.34,1900.27
79.0,2.0,3.0,1688.99,1880.24,153.065,296.935
79.0,6.0,4.0,1717.55,1740.91,182.812,303.822
79.0,13.0,3.0,1573.94,1819.9,128.041,253.017
79.0,14.0,0.0,1466.27,1717.86,1028.93,1614.32
79.0,25.0,0.0,1301.91,1617.87,1343.47,1915.36
80.0,1.0,3.0,535.938,1286.25,1039.45,1899.28
80.0,2.0,3.0,1704.18,1892.74,165.252,287.344
80.0,6.0,4.0,1717.55,1740.91,182.812,303.822
80.0,13.0,3.0,1569.42,1824.42,130.962,248.365
80.0,14.0,0.0,1466.74,1718.32,1028.56,1614.52
80.0,25.0,0.0,1301.0,1624.22,1334.26,1905.31
81.0,1.0,3.0,535.312,1285.0,1039.07,1899.32
81.0,2.0,3.0,1711.54,1903.85,162.837,290.048
81.0,13.0,3.0,1568.94,1821.83,131.394,248.798
81.0,14.0,0.0,1472.04,1715.67,1037.52,1642.08
81.0,24.0,4.0,1817.98,1843.56,180.433,307.356
81.0,25.0,0.0,1306.17,1617.61,1324.79,1909.67
82.0,1.0,3.0,536.25,1285.0,1040.5,1897.39
82.0,2.0,3.0,1703.27,1887.5,162.62,291.418
82.0,13.0,3.0,1564.04,1814.42,131.538,248.365
82.0,14.0,0.0,1475.03,1718.51,1035.9,1642.23
82.0,24.0,4.0,1815.88,1842.58,183.606,314.856
82.0,25.0,0.0,1312.16,1614.31,1310.86,1913.45
83.0,1.0,3.0,534.688,1285.0,1038.97,1899.22
83.0,2.0,3.0,1698.46,1910.77,148.413,287.74
83.0,13.0,3.0,1565.58,1815.96,131.719,247.608
83.0,14.0,0.0,1476.7,1720.86,1037.8,1641.77
83.0,24.0,4.0,1794.36,1824.1,185.12,316.226
83.0,25.0,0.0,1313.54,1605.82,1289.4,1914.32
84.0,1.0,3.0,534.375,1285.0,1039.1,1899.35
84.0,2.0,3.0,1697.02,1906.06,153.029,284.567
84.0,13.0,3.0,1568.46,1813.08,131.827,248.077
84.0,14.0,0.0,1479.6,1722.6,1033.04,1642.94
84.0,24.0,4.0,1795.5,1822.96,184.111,313.774
84.0,25.0,0.0,1307.52,1615.03,1282.47,1915.57
85.0,1.0,3.0,534.062,1283.75,1038.95,1900.03
85.0,2.0,3.0,1689.9,1907.02,146.394,286.875
85.0,13.0,3.0,1566.35,1818.27,132.404,246.923
85.0,14.0,0.0,1478.58,1723.54,1035.47,1640.62
85.0,24.0,4.0,1798.57,1826.05,181.334,313.089
85.0,25.0,0.0,1309.61,1604.34,1279.13,1915.09
86.0,1.0,3.0,534.375,1285.0,1038.64,1899.72
86.0,2.0,3.0,1685.0,1896.54,141.815,286.839
86.0,13.0,3.0,1563.17,1815.29,131.575,248.618
86.0,14.0,0.0,1468.37,1738.3,1030.54,1647.91
86.0,24.0,4.0,1814.33,1844.13,183.245,316.082
86.0,25.0,0.0,1307.71,1602.15,1275.05,1915.14
87.0,1.0,3.0,534.375,1285.0,1038.05,1900.4
87.0,2.0,3.0,1692.21,1904.71,139.183,286.298
87.0,13.0,3.0,1563.08,1818.46,130.781,249.411
87.0,14.0,0.0,1471.64,1738.55,1030.89,1651.51
87.0,24.0,4.0,1821.51,1846.18,183.065,314.82
87.0,25.0,0.0,1311.34,1605.48,1275.58,1915.17
88.0,1.0,3.0,534.375,1285.0,1037.71,1900.48
88.0,2.0,3.0,1696.92,1903.08,145.457,289.543
88.0,13.0,3.0,1565.58,1812.88,131.322,249.159
88.0,14.0,0.0,1470.6,1744.64,1033.91,1647.01
88.0,24.0,4.0,1826.78,1853.22,185.481,310.385
88.0,25.0,0.0,1317.34,1603.41,1276.78,1917.81
89.0,1.0,3.0,535.0,1281.25,1038.41,1900.76
89.0,2.0,3.0,1685.58,1908.27,132.837,302.163
89.0,13.0,3.0,1564.33,1820.29,130.276,250.493
89.0,14.0,0.0,1478.9,1752.67,1026.31,1649.67
89.0,24.0,4.0,1833.79,1861.6,178.738,308.474
89.0,25.0,0.0,1321.83,1605.26,1275.38,1915.55
90.0,1.0,3.0,535.625,1282.5,1038.44,1901.21
90.0,2.0,3.0,1705.43,1897.64,154.76,298.413
90.0,13.0,3.0,1562.31,1831.54,129.88,250.889
90.0,14.0,0.0,1482.69,1755.39,1021.51,1651.72
90.0,24.0,4.0,1846.31,1873.69,183.786,312.368
90.0,25.0,0.0,1323.01,1602.87,1272.28,1915.58
91.0,1.0,3.0,535.312,1282.5,1038.18,1901.37
91.0,2.0,3.0,1680.1,1886.06,152.957,300.505
91.0,6.0,4.0,1716.83,1744.71,184.651,309.772
91.0,13.0,3.0,1568.08,1847.31,127.897,256.623
91.0,14.0,0.0,1488.98,1757.33,1014.65,1655.21
91.0,24.0,4.0,1852.48,1882.91,185.445,316.767
91.0,25.0,0.0,1324.36,1600.69,1269.59,1916.6
92.0,1.0,3.0,535.938,1282.5,1036.4,1903.39
92.0,2.0,3.0,1682.6,1892.79,149.423,300.865
92.0,6.0,4.0,1717.96,1743.58,188.185,303.93
92.0,13.0,3.0,1564.62,1823.08,128.51,254.567
92.0,14.0,0.0,1492.82,1760.38,1018.86,1650.8
92.0,24.0,4.0,1870.96,1901.35,181.442,312.981
92.0,25.0,0.0,1317.89,1602.71,1269.11,1915.8
93.0,1.0,3.0,535.625,1282.5,1038.24,1901.85
93.0,2.0,3.0,1686.63,1888.75,154.579,294.267
93.0,6.0,4.0,1707.54,1732.46,181.514,301.37
93.0,13.0,3.0,1580.1,1826.06,130.24,254.567
93.0,14.0,0.0,1491.94,1764.12,1026.9,1649.65
93.0,24.0,4.0,1875.46,1906.08,180.541,308.401
93.0,25.0,0.0,1317.71,1597.98,1269.1,1915.24
94.0,1.0,3.0,535.312,1282.5,1038.7,1901.47
94.0,2.0,3.0,1606.15,1864.62,132.692,285.0
94.0,6.0,4.0,1701.48,1729.29,172.825,297.368
94.0,13.0,3.0,1580.1,1826.06,130.24,254.567
94.0,14.0,0.0,1488.44,1763.28,1030.42,1650.33
94.0,24.0,4.0,1884.51,1918.57,169.904,330.577
94.0,25.0,0.0,1315.78,1598.04,1272.35,1914.71
95.0,1.0,3.0,535.312,1282.5,1038.37,1901.57
95.0,2.0,3.0,1615.67,1867.4,135.721,290.625
95.0,6.0,4.0,1686.33,1713.67,178.486,303.245
95.0,14.0,0.0,1490.29,1766.62,1031.0,1652.76
95.0,24.0,4.0,1884.51,1918.57,169.904,330.577
95.0,25.0,0.0,1314.92,1597.1,1272.64,1913.83
96.0,1.0,3.0,536.25,1282.5,1038.38,1901.15
96.0,2.0,3.0,1623.17,1869.13,139.255,286.514
96.0,6.0,4.0,1680.87,1709.9,173.293,296.322
96.0,14.0,0.0,1486.04,1764.67,1036.32,1652.72
96.0,25.0,0.0,1314.49,1598.68,1275.64,1914.13
97.0,1.0,3.0,535.312,1285.0,1037.79,1901.41
97.0,2.0,3.0,1672.79,1893.37,148.089,288.065
97.0,6.0,4.0,1671.55,1703.83,172.644,293.221
97.0,14.0,0.0,1486.25,1762.04,1035.62,1653.64
97.0,25.0,0.0,1316.16,1600.84,1277.28,1914.25
98.0,1.0,3.0,535.625,1285.0,1038.25,1900.6
98.0,2.0,3.0,1682.5,1895.96,148.81,286.478
98.0,6.0,4.0,1632.37,1656.86,171.418,285.505
98.0,14.0,0.0,1483.47,1761.22,1035.4,1653.12
98.0,25.0,0.0,1316.44,1604.69,1277.66,1915.18
99.0,1.0,3.0,535.0,1283.75,1038.16,1900.93
99.0,2.0,3.0,1677.02,1898.37,149.423,285.0
99.0,6.0,4.0,1634.54,1660.84,172.356,290.337
99.0,14.0,0.0,1484.31,1759.02,1039.08,1652.7
99.0,25.0,0.0,1315.62,1600.93,1277.91,1913.91
100.0,1.0,3.0,534.688,1281.25,1037.84,1901.03
100.0,2.0,3.0,1680.29,1895.1,149.062,286.226
100.0,6.0,4.0,1631.12,1658.11,169.615,287.885
100.0,13.0,3.0,1574.42,1825.58,129.014,250.889
100.0,14.0,0.0,1483.3,1758.68,1038.69,1653.39
100.0,25.0,0.0,1316.02,1598.76,1277.86,1913.24
101.0,1.0,3.0,533.75,1282.5,1037.48,1901.94
101.0,2.0,3.0,1697.98,1877.4,160.06,288.209
101.0,6.0,4.0,1633.2,1659.11,168.425,286.19
101.0,13.0,3.0,1565.96,1840.19,133.269,250.096
101.0,14.0,0.0,1483.64,1759.02,1037.95,1654.95
101.0,25.0,0.0,1318.91,1599.18,1275.68,1913.0
102.0,1.0,3.0,534.375,1282.5,1039.27,1899.52
102.0,2.0,3.0,1699.23,1876.15,160.565,287.993
102.0,6.0,4.0,1633.2,1659.11,168.425,286.19
102.0,13.0,3.0,1567.12,1839.04,134.603,249.916
102.0,14.0,0.0,1484.59,1760.51,1038.56,1655.25
102.0,25.0,0.0,1318.03,1596.93,1275.52,1913.35
103.0,1.0,3.0,535.0,1281.25,1040.44,1898.17
103.0,2.0,3.0,1700.05,1863.03,144.231,293.365
103.0,6.0,4.0,1619.4,1651.37,169.255,287.957
103.0,13.0,3.0,1565.58,1834.42,133.882,250.925
103.0,14.0,0.0,1486.87,1762.99,1036.82,1656.84
103.0,25.0,0.0,1318.63,1596.31,1274.26,1913.92
104.0,1.0,3.0,535.312,1282.5,1036.29,1902.86
104.0,2.0,3.0,1704.62,1858.46,157.644,291.49
104.0,6.0,4.0,1618.0,1649.69,166.767,285.541
104.0,13.0,3.0,1570.38,1820.38,134.099,248.978
104.0,14.0,0.0,1485.61,1764.91,1038.73,1661.56
104.0,25.0,0.0,1315.0,1600.93,1276.31,1913.44
105.0,1.0,3.0,535.312,1282.5,1036.31,1902.88
105.0,2.0,3.0,1696.35,1869.81,164.495,284.928
105.0,6.0,4.0,1617.21,1650.48,164.243,287.776
105.0,13.0,3.0,1571.15,1819.62,133.053,248.293
105.0,14.0,0.0,1486.45,1763.72,1035.28,1660.84
105.0,25.0,0.0,1316.42,1599.99,1276.83,1912.33
106.0,1.0,3.0,535.312,1282.5,1036.07,1903.48
106.0,2.0,3.0,1697.12,1872.12,163.558,285.577
106.0,6.0,4.0,1612.52,1649.01,161.647,292.103
106.0,13.0,3.0,1572.31,1824.62,133.846,248.654
106.0,14.0,0.0,1487.93,1763.58,1035.29,1661.02
106.0,25.0,0.0,1318.73,1599.13,1272.67,1913.55
107.0,1.0,3.0,535.938,1281.25,1038.08,1902.12
107.0,2.0,3.0,1697.98,1871.25,162.873,285.974
107.0,6.0,4.0,1604.9,1635.1,166.046,287.704
107.0,13.0,3.0,1565.48,1822.21,132.115,247.788
107.0,14.0,0.0,1489.09,1763.39,1035.91,1661.09
107.0,25.0,0.0,1318.24,1600.36,1276.41,1913.26
108.0,1.0,3.0,537.188,1281.25,1039.42,1900.93
108.0,2.0,3.0,1705.0,1858.08,157.392,291.743
108.0,6.0,4.0,1601.88,1631.97,169.399,292.139
108.0,13.0,3.0,1570.38,1811.15,129.772,248.69
108.0,14.0,0.0,1488.59,1763.17,1035.81,1660.77
108.0,25.0,0.0,1320.17,1598.66,1280.23,1913.25
109.0,1.0,3.0,536.25,1281.25,1041.03,1898.76
109.0,2.0,3.0,1704.47,1858.61,157.067,292.067
109.0,6.0,4.0,1599.33,1628.37,165.397,287.488
109.0,13.0,3.0,1570.38,1801.92,129.736,246.995
109.0,14.0,0.0,1486.28,1762.4,1036.48,1660.75
109.0,25.0,0.0,1318.41,1600.87,1278.43,1913.85
110.0,1.0,3.0,537.188,1280.0,1040.36,1898.92
110.0,2.0,3.0,1703.32,1859.76,157.175,291.671
110.0,6.0,4.0,1592.74,1622.64,169.183,293.221
110.0,13.0,3.0,1567.21,1802.02,129.916,248.834
110.0,14.0,0.0,1488.4,1759.38,1036.73,1661.69
110.0,25.0,0.0,1319.78,1600.05,1274.72,1913.99
111.0,1.0,3.0,536.562,1280.0,1039.19,1900.28
111.0,2.0,3.0,1696.92,1872.31,159.736,288.534
111.0,6.0,4.0,1589.0,1617.15,164.387,295.132
111.0,13.0,3.0,1567.21,1802.02,129.916,248.834
111.0,14.0,0.0,1485.88,1756.33,1034.92,1663.7
111.0,25.0,0.0,1317.3,1605.47,1274.86,1913.7
112.0,1.0,3.0,536.25,1280.0,1038.67,1901.01
112.0,2.0,3.0,1697.36,1871.87,160.637,288.209
112.0,6.0,4.0,1586.9,1616.18,164.026,289.435
112.0,14.0,0.0,1484.02,1752.24,1030.26,1664.29
112.0,25.0,0.0,1317.19,1604.94,1276.25,1914.2
113.0,1.0,3.0,536.562,1280.0,1038.7,1900.63
113.0,2.0,3.0,1695.38,1870.77,160.889,287.38
113.0,6.0,4.0,1586.53,1613.47,151.118,271.19
113.0,14.0,0.0,1478.45,1749.3,1027.78,1661.26
113.0,25.0,0.0,1316.87,1602.66,1275.61,1915.12
114.0,1.0,3.0,536.25,1277.5,1038.65,1900.58
114.0,2.0,3.0,1703.85,1859.23,157.608,291.526
114.0,6.0,4.0,1587.28,1615.79,149.207,275.986
114.0,14.0,0.0,1475.92,1744.4,1031.63,1661.07
114.0,25.0,0.0,1315.26,1605.84,1279.28,1915.12
115.0,1.0,3.0,536.25,1277.5,1038.44,1899.95
115.0,2.0,3.0,1696.49,1869.66,161.286,287.272
115.0,6.0,4.0,1584.42,1615.58,147.332,281.611
115.0,14.0,0.0,1469.08,1742.46,1031.11,1663.79
115.0,25.0,0.0,1311.92,1605.49,1278.15,1915.74
116.0,1.0,3.0,536.875,1279.38,1039.26,1899.5
116.0,2.0,3.0,1704.18,1858.89,157.644,291.202
116.0,6.0,4.0,1584.59,1615.41,158.978,293.618
116.0,14.0,0.0,1467.65,1740.09,1033.18,1661.88
116.0,25.0,0.0,1316.14,1603.47,1279.61,1914.91
117.0,1.0,3.0,536.875,1280.0,1040.44,1899.0
117.0,2.0,3.0,1704.09,1858.99,158.654,290.769
117.0,6.0,4.0,1587.62,1612.38,150.541,267.44
117.0,14.0,0.0,1464.59,1735.05,1034.08,1660.26
117.0,25.0,0.0,1317.55,1604.19,1283.39,1915.06
118.0,1.0,3.0,535.938,1280.0,1039.15,1900.24
118.0,2.0,3.0,1704.18,1858.89,159.7,290.301
118.0,6.0,4.0,1585.81,1614.19,149.531,276.238
118.0,14.0,0.0,1463.5,1728.33,1030.63,1664.08
118.0,25.0,0.0,1314.35,1604.65,1286.84,1914.36
119.0,1.0,3.0,535.312,1280.0,1039.88,1899.29
119.0,2.0,3.0,1696.2,1873.03,163.125,288.029
119.0,6.0,4.0,1586.49,1616.59,155.841,295.601
119.0,14.0,0.0,1461.8,1724.18,1031.9,1663.38
119.0,25.0,0.0,1314.63,1607.34,1282.65,1914.7
120.0,1.0,3.0,534.688,1280.0,1040.94,1898.26
120.0,2.0,3.0,1696.35,1872.88,161.611,288.389
120.0,6.0,4.0,1586.35,1613.65,149.351,277.284
120.0,14.0,0.0,1458.94,1720.17,1030.01,1662.48
120.0,25.0,0.0,1311.96,1608.42,1281.9,1914.65
121.0,1.0,3.0,534.688,1280.0,1040.97,1897.87
121.0,2.0,3.0,1696.06,1873.17,162.692,287.596
121.0,6.0,4.0,1586.27,1613.73,150.0,274.615
121.0,14.0,0.0,1459.38,1716.57,1030.2,1657.42
121.0,25.0,0.0,1312.45,1606.66,1288.86,1913.74
122.0,1.0,3.0,535.312,1281.25,1040.84,1898.57
122.0,2.0,3.0,1695.38,1873.85,161.611,288.101
122.0,6.0,4.0,1586.44,1616.63,160.781,292.392
122.0,14.0,0.0,1458.06,1717.77,1037.36,1657.46
122.0,25.0,0.0,1313.57,1605.0,1288.41,1913.64
123.0,1.0,3.0,535.312,1282.5,1042.66,1896.62
123.0,2.0,3.0,1693.7,1872.45,160.385,289.038
123.0,6.0,4.0,1586.03,1617.04,148.341,279.159
123.0,14.0,0.0,1458.63,1718.08,1034.95,1658.81
123.0,25.0,0.0,1314.07,1604.93,1286.5,1914.51
124.0,1.0,3.0,535.938,1281.25,1042.44,1897.24
124.0,2.0,3.0,1694.42,1871.73,160.853,288.281
124.0,6.0,4.0,1587.0,1616.08,148.413,275.913
124.0,14.0,0.0,1458.95,1718.03,1034.9,1658.1
124.0,25.0,0.0,1312.12,1605.69,1284.79,1914.11
125.0,1.0,3.0,535.625,1280.0,1042.42,1897.23
125.0,2.0,3.0,1694.57,1871.59,162.945,287.055
125.0,6.0,4.0,1587.01,1616.07,146.971,272.163
125.0,14.0,0.0,1459.26,1717.83,1035.79,1659.11
125.0,25.0,0.0,1313.41,1604.13,1282.6,1914.58
126.0,1.0,3.0,535.625,1278.12,1041.88,1897.93
126.0,2.0,3.0,1694.81,1871.35,162.404,287.308
126.0,6.0,4.0,1587.72,1618.44,145.565,275.589
126.0,14.0,0.0,1459.81,1716.62,1035.17,1660.59
126.0,25.0,0.0,1313.76,1601.93,1281.07,1914.47
127.0,1.0,3.0,535.938,1278.75,1041.01,1898.74
127.0,2.0,3.0,1693.56,1872.6,161.971,286.875
127.0,6.0,4.0,1586.44,1616.63,145.745,279.736
127.0,14.0,0.0,1458.48,1717.43,1032.21,1659.95
127.0,25.0,0.0,1315.03,1602.08,1281.92,1915.13
128.0,1.0,3.0,536.562,1278.75,1040.94,1898.26
128.0,2.0,3.0,1694.42,1871.73,161.322,287.812
128.0,6.0,4.0,1586.5,1613.5,140.264,267.043
128.0,14.0,0.0,1455.6,1720.43,1030.61,1659.39
128.0,25.0,0.0,1314.81,1602.21,1277.31,1915.41
129.0,1.0,3.0,535.938,1280.0,1041.28,1898.59
129.0,2.0,3.0,1703.27,1859.81,158.365,291.058
129.0,6.0,4.0,1586.36,1616.72,141.274,271.803
129.0,14.0,0.0,1457.0,1720.67,1028.24,1660.92
129.0,25.0,0.0,1310.3,1606.75,1278.7,1915.01
130.0,1.0,3.0,536.25,1281.25,1038.73,1900.66
130.0,2.0,3.0,1694.23,1871.92,160.349,288.498
130.0,6.0,4.0,1584.25,1615.75,142.428,272.957
130.0,14.0,0.0,1457.63,1720.91,1029.21,1661.18
130.0,25.0,0.0,1309.76,1606.65,1280.41,1914.31
131.0,1.0,3.0,537.188,1282.5,1040.47,1898.62
131.0,2.0,3.0,1694.71,1871.44,161.394,287.452
131.0,6.0,4.0,1586.8,1616.27,142.608,269.026
131.0,14.0,0.0,1456.91,1719.43,1027.57,1662.91
131.0,25.0,0.0,1309.08,1603.8,1284.93,1913.64
132.0,1.0,3.0,536.875,1280.0,1040.98,1898.3
132.0,2.0,3.0,1694.52,1871.63,161.358,287.488
132.0,6.0,4.0,1583.86,1613.06,140.625,268.99
132.0,14.0,0.0,1457.72,1720.36,1028.29,1662.24
132.0,25.0,0.0,1307.75,1604.71,1281.01,1913.56
133.0,1.0,3.0,537.188,1280.0,1041.01,1899.16
133.0,2.0,3.0,1695.77,1873.46,161.07,287.488
133.0,6.0,4.0,1585.48,1614.52,140.517,266.791
133.0,14.0,0.0,1458.05,1720.05,1031.64,1660.85
133.0,25.0,0.0,1311.5,1603.86,1281.68,1914.39
134.0,1.0,3.0,537.812,1280.0,1036.99,1899.34
134.0,2.0,3.0,1695.91,1873.32,159.014,289.255
134.0,6.0,4.0,1584.47,1612.45,140.481,271.154
134.0,14.0,0.0,1457.82,1720.72,1032.33,1660.34
134.0,25.0,0.0,1309.38,1603.53,1284.67,1913.49
135.0,1.0,3.0,538.75,1280.0,1039.33,1896.64
135.0,2.0,3.0,1696.44,1872.79,160.457,288.389
135.0,6.0,4.0,1585.94,1610.99,142.139,263.149
135.0,14.0,0.0,1457.66,1721.07,1033.26,1661.16
135.0,25.0,0.0,1305.63,1606.46,1282.61,1913.24
136.0,1.0,3.0,537.812,1280.0,1037.76,1895.91
136.0,2.0,3.0,1702.5,1860.58,157.788,291.058
136.0,6.0,4.0,1580.91,1606.78,137.56,259.651
136.0,14.0,0.0,1457.67,1720.69,1035.81,1660.42
136.0,25.0,0.0,1309.18,1606.93,1279.09,1914.51
137.0,1.0,3.0,539.062,1278.75,1037.58,1896.99
137.0,2.0,3.0,1696.25,1872.98,160.817,287.74
137.0,6.0,4.0,1575.81,1602.66,136.839,264.988
137.0,14.0,0.0,1458.1,1720.35,1033.17,1660.3
137.0,25.0,0.0,1309.06,1604.43,1276.48,1916.65
138.0,1.0,3.0,540.312,1278.75,1038.67,1895.15
138.0,2.0,3.0,1696.63,1872.6,161.214,287.344
138.0,6.0,4.0,1573.95,1601.43,132.224,267.007
138.0,14.0,0.0,1457.51,1720.16,1032.17,1659.73
138.0,25.0,0.0,1307.24,1601.88,1279.12,1915.08
139.0,1.0,3.0,540.312,1278.75,1039.99,1893.54
139.0,2.0,3.0,1695.14,1871.01,162.332,286.226
139.0,6.0,4.0,1571.78,1597.45,129.952,256.298
139.0,14.0,0.0,1456.99,1719.24,1033.14,1659.78
139.0,25.0,0.0,1305.55,1604.91,1279.74,1915.9
140.0,1.0,3.0,540.312,1278.75,1037.46,1896.87
140.0,2.0,3.0,1696.73,1872.5,162.476,286.37
140.0,6.0,4.0,1562.13,1585.56,142.031,260.373
140.0,14.0,0.0,1456.75,1719.14,1038.04,1658.25
140.0,25.0,0.0,1306.32,1605.54,1283.38,1915.43
141.0,1.0,3.0,541.562,1278.75,1037.97,1895.7
141.0,2.0,3.0,1694.81,1874.42,160.421,288.137
141.0,6.0,4.0,1561.61,1583.0,145.276,257.416
141.0,14.0,0.0,1456.5,1719.4,1039.33,1656.93
141.0,25.0,0.0,1306.13,1605.64,1283.19,1914.86
142.0,1.0,3.0,540.625,1278.12,1039.31,1894.95
142.0,2.0,3.0,1694.95,1874.28,160.529,288.029
142.0,6.0,4.0,1555.47,1576.84,146.538,257.308
142.0,14.0,0.0,1455.28,1719.99,1039.67,1655.77
142.0,25.0,0.0,1307.51,1604.83,1282.7,1915.38
143.0,1.0,3.0,540.938,1278.75,1039.47,1895.11
143.0,2.0,3.0,1694.66,1874.57,159.736,288.245
143.0,6.0,4.0,1544.48,1567.82,145.493,260.084
143.0,14.0,0.0,1453.25,1718.86,1041.3,1653.95
143.0,25.0,0.0,1307.67,1603.83,1282.18,1915.23
143.0,33.0,3.0,1580.96,1812.88,130.817,247.933
144.0,1.0,3.0,540.625,1279.38,1039.74,1894.55
144.0,2.0,3.0,1696.25,1876.06,159.663,288.894
144.0,6.0,4.0,1534.09,1556.68,142.32,254.026
144.0,14.0,0.0,1452.21,1718.6,1040.44,1655.19
144.0,25.0,0.0,1307.41,1603.57,1281.47,1914.99
144.0,33.0,3.0,1587.02,1806.83,131.575,246.022
145.0,1.0,3.0,540.938,1278.75,1041.57,1893.87
145.0,2.0,3.0,1696.68,1875.62,159.916,288.642
145.0,6.0,4.0,1528.87,1554.21,142.067,255.721
145.0,14.0,0.0,1453.47,1717.91,1039.17,1655.04
145.0,25.0,0.0,1309.93,1602.79,1283.43,1914.98
145.0,33.0,3.0,1580.58,1810.19,132.873,245.012
146.0,1.0,3.0,541.562,1280.0,1039.25,1894.89
146.0,2.0,3.0,1696.2,1876.11,159.591,288.678
146.0,6.0,4.0,1528.87,1554.21,142.067,255.721
146.0,14.0,0.0,1455.09,1718.24,1038.38,1655.83
146.0,25.0,0.0,1309.6,1603.75,1285.12,1914.18
146.0,33.0,3.0,1575.67,1812.02,132.548,244.76
147.0,1.0,3.0,541.562,1280.0,1038.89,1895.36
147.0,2.0,3.0,1701.44,1861.63,158.005,291.418
147.0,14.0,0.0,1456.25,1718.38,1040.38,1657.27
147.0,25.0,0.0,1309.55,1604.27,1282.65,1914.47
147.0,33.0,3.0,1573.08,1808.46,131.611,245.12
148.0,1.0,3.0,541.875,1278.12,1038.69,1895.17
148.0,2.0,3.0,1701.06,1862.02,159.7,290.012
148.0,6.0,4.0,1501.13,1526.56,138.245,257.812
148.0,14.0,0.0,1456.72,1718.72,1039.92,1657.37
148.0,25.0,0.0,1311.69,1603.4,1282.01,1914.26
148.0,33.0,3.0,1571.35,1810.19,132.728,246.022
148.0,31.0,0.0,1388.17,1622.6,302.668,488.87
