2.0,27.0,1.0,0.0,725.0,588.206,1280.95
3.0,27.0,1.0,0.0,729.375,579.977,1276.63
4.0,27.0,1.0,0.0,730.0,579.998,1267.19
5.0,27.0,1.0,0.0,735.0,574.446,1255.46
6.0,27.0,1.0,0.3125,738.75,574.864,1245.64
7.0,27.0,1.0,0.3125,756.25,571.292,1233.93
8.0,27.0,1.0,0.9375,761.25,571.409,1226.49
9.0,27.0,1.0,4.375,763.75,569.459,1221.67
10.0,27.0,1.0,24.6875,787.5,548.859,1213.77
11.0,27.0,1.0,34.0625,788.75,548.198,1208.74
12.0,27.0,1.0,56.5625,785.0,548.623,1193.78
13.0,27.0,1.0,64.375,790.625,546.196,1182.05
14.0,27.0,1.0,72.8125,802.5,546.599,1173.44
15.0,27.0,1.0,85.625,819.375,538.474,1166.69
16.0,27.0,1.0,97.8125,817.5,536.414,1160.96
17.0,27.0,1.0,108.125,831.875,532.072,1155.71
18.0,27.0,1.0,119.062,835.0,529.135,1145.43
19.0,27.0,1.0,130.938,838.75,521.093,1140.1
20.0,27.0,1.0,147.812,848.75,512.939,1130.36
21.0,27.0,1.0,159.375,853.125,504.751,1119.99
22.0,27.0,1.0,183.75,862.5,501.767,1112.97
23.0,27.0,1.0,189.688,870.0,499.238,1102.06
24.0,27.0,1.0,197.188,880.0,492.117,1093.69
25.0,27.0,1.0,213.75,885.0,489.738,1077.88
26.0,27.0,1.0,230.625,900.625,482.432,1075.04
27.0,27.0,1.0,241.875,905.0,475.669,1061.52
28.0,27.0,1.0,251.875,906.875,471.241,1053.88
29.0,27.0,1.0,271.562,923.75,470.023,1044.54
30.0,27.0,1.0,286.25,930.0,465.342,1030.19
31.0,27.0,1.0,297.188,936.25,467.354,1019.8
32.0,27.0,1.0,307.5,962.5,460.413,1006.42
33.0,27.0,1.0,318.75,968.75,451.998,1002.15
34.0,27.0,1.0,336.562,978.75,446.902,990.878
35.0,27.0,1.0,358.75,990.0,441.237,978.679
36.0,27.0,1.0,370.0,992.5,439.925,969.908
37.0,27.0,1.0,384.375,1005.0,435.874,959.29
38.0,27.0,1.0,395.938,1016.25,430.796,950.036
39.0,27.0,1.0,402.5,1023.75,427.338,943.135
40.0,27.0,1.0,424.688,1030.0,421.525,928.286
41.0,27.0,1.0,441.25,1031.25,416.445,913.854
42.0,27.0,1.0,458.75,1045.0,407.612,901.852
43.0,27.0,1.0,470.938,1053.75,406.589,898.346
44.0,27.0,1.0,481.875,1063.12,401.689,894.196
45.0,27.0,1.0,494.375,1070.0,392.598,879.086
46.0,27.0,1.0,500.778,1059.04,381.286,875.246
47.0,27.0,1.0,520.587,1086.25,380.395,867.529
48.0,27.0,1.0,529.762,1094.6,373.689,860.942
49.0,27.0,1.0,542.133,1097.0,369.392,852.853
50.0,27.0,1.0,558.44,1106.7,361.682,841.849
51.0,27.0,1.0,564.145,1114.02,355.209,838.198
52.0,27.0,1.0,579.693,1127.15,343.539,824.88
53.0,27.0,1.0,588.795,1135.32,340.504,817.866
54.0,27.0,1.0,603.736,1138.38,335.979,810.784
55.0,27.0,1.0,620.169,1143.45,327.482,798.822
56.0,27.0,1.0,633.847,1163.3,322.337,795.522
57.0,27.0,1.0,651.414,1167.09,322.102,778.383
58.0,27.0,1.0,663.143,1171.44,322.979,769.234
59.0,27.0,1.0,674.872,1176.51,317.205,763.46
60.0,27.0,1.0,689.54,1188.01,311.978,753.358
61.0,27.0,1.0,705.821,1191.91,306.513,744.138
62.0,27.0,1.0,717.614,1205.25,298.173,730.805
63.0,27.0,1.0,726.081,1218.14,292.653,727.72
64.0,27.0,1.0,734.369,1222.36,288.868,722.875
65.0,27.0,1.0,750.807,1239.4,288.371,711.6
66.0,27.0,1.0,762.8,1242.76,284.214,704.971
67.0,27.0,1.0,780.962,1240.36,288.718,687.003
68.0,27.0,1.0,792.005,1245.45,285.213,679.917
69.0,27.0,1.0,800.316,1253.23,280.473,674.792
70.0,27.0,1.0,820.115,1253.06,272.116,665.089
71.0,27.0,1.0,827.544,1260.7,268.93,658.654
72.0,27.0,1.0,839.631,1263.24,263.073,648.633
73.0,27.0,1.0,847.031,1268.47,259.69,645.722
74.0,27.0,1.0,851.895,1274.39,257.026,639.306
75.0,27.0,1.0,863.076,1277.23,254.158,624.224
76.0,27.0,1.0,866.77,1278.7,252.202,620.286
77.0,27.0,1.0,876.819,1298.42,240.69,618.24
78.0,27.0,1.0,882.675,1299.79,241.218,613.277
79.0,27.0,1.0,893.527,1301.16,241.801,605.951
80.0,27.0,1.0,905.642,1309.71,234.935,599.53
81.0,27.0,1.0,910.395,1318.62,232.233,588.818
82.0,27.0,1.0,920.738,1319.27,225.575,583.818
83.0,27.0,1.0,932.332,1318.98,223.938,577.488
84.0,27.0,1.0,936.409,1324.8,223.259,572.435
85.0,27.0,1.0,946.561,1336.52,221.11,562.364
86.0,27.0,1.0,952.48,1336.72,215.471,559.402
87.0,27.0,1.0,961.08,1343.64,210.386,552.057
88.0,27.0,1.0,971.661,1346.18,203.143,548.672
89.0,27.0,1.0,979.697,1348.95,200.789,545.812
90.0,27.0,1.0,984.315,1354.92,197.52,533.976
91.0,27.0,1.0,985.335,1355.22,195.479,533.169
92.0,27.0,1.0,1006.59,1362.74,193.052,525.588
93.0,27.0,1.0,1007.85,1368.99,191.131,522.371
94.0,27.0,1.0,1012.17,1367.02,187.507,518.585
95.0,27.0,1.0,1021.5,1376.78,191.382,507.839
96.0,27.0,1.0,1029.41,1382.79,187.426,504.076
97.0,27.0,1.0,1035.09,1386.49,183.225,497.257
98.0,27.0,1.0,1042.25,1385.09,183.308,490.703
99.0,27.0,1.0,1051.35,1386.77,172.866,493.553
100.0,27.0,1.0,1060.75,1385.93,164.866,486.377
101.0,27.0,1.0,1066.56,1391.11,171.393,481.153
102.0,27.0,1.0,1076.17,1396.86,165.852,473.502
103.0,27.0,1.0,1087.75,1401.01,163.0,469.04
104.0,27.0,1.0,1089.55,1402.73,159.529,467.705
105.0,27.0,1.0,1092.22,1409.87,146.275,461.298
106.0,27.0,1.0,1094.29,1409.08,147.28,454.592
107.0,27.0,1.0,1106.48,1419.28,135.427,445.528
108.0,27.0,1.0,1113.39,1422.4,131.805,443.614
109.0,27.0,1.0,1116.38,1422.61,135.113,436.151
110.0,27.0,1.0,1124.06,1420.73,133.26,431.227
111.0,27.0,1.0,1136.82,1437.56,131.033,429.509
112.0,27.0,1.0,1152.48,1438.47,131.655,422.435
113.0,27.0,1.0,1148.81,1443.59,132.37,419.412
114.0,27.0,1.0,1157.3,1446.95,134.49,413.926
115.0,27.0,1.0,1159.79,1453.42,127.006,408.359
116.0,27.0,1.0,1163.25,1457.38,123.612,407.171
117.0,27.0,1.0,1183.3,1458.2,120.054,398.876
118.0,27.0,1.0,1189.81,1461.91,116.47,393.055
119.0,27.0,1.0,1198.76,1461.33,111.135,392.076
120.0,27.0,1.0,1199.81,1471.11,104.941,385.881
121.0,27.0,1.0,1211.32,1476.01,103.639,383.553
122.0,27.0,1.0,1213.41,1485.24,102.22,379.481
123.0,27.0,1.0,1224.98,1477.8,97.6568,379.628
124.0,27.0,1.0,1224.86,1493.06,94.0491,373.485
125.0,27.0,1.0,1224.14,1495.58,93.8272,369.873
126.0,27.0,1.0,1229.58,1505.36,96.203,365.985
127.0,27.0,1.0,1230.64,1513.44,94.6076,360.727
128.0,27.0,1.0,1230.64,1513.44,94.6076,360.727
131.0,27.0,1.0,1267.79,1512.85,66.2074,346.737
132.0,27.0,1.0,1265.35,1520.58,78.47,336.527
133.0,27.0,1.0,1276.06,1515.82,68.1659,333.247
134.0,27.0,1.0,1288.3,1516.67,68.181,330.751
135.0,27.0,1.0,1290.82,1515.66,64.8727,326.483
136.0,27.0,1.0,1283.58,1529.74,60.2583,320.594
137.0,27.0,1.0,1292.59,1524.49,57.9915,316.49
138.0,27.0,1.0,1299.16,1529.04,40.0684,311.9
139.0,27.0,1.0,1310.48,1534.08,13.7886,309.256
140.0,27.0,1.0,1314.52,1541.99,13.8649,307.929
141.0,27.0,1.0,1316.0,1539.48,21.6889,304.418
142.0,27.0,1.0,1315.88,1546.01,47.6269,296.041
143.0,27.0,1.0,1314.83,1553.46,30.1328,294.826
144.0,27.0,1.0,1316.15,1555.38,33.0621,291.12
145.0,27.0,1.0,1315.81,1561.52,31.2615,287.561
146.0,27.0,1.0,1309.76,1569.08,21.7144,289.593
147.0,27.0,1.0,1335.36,1568.54,1.21691,278.952
148.0,27.0,1.0,1334.85,1567.23,1.68983,277.937
