2.0,4.0,0.0,1440.72,1542.36,275.553,485.986
3.0,4.0,0.0,1445.34,1546.97,269.495,483.389
4.0,4.0,0.0,1447.6,1550.87,265.745,468.678
5.0,4.0,0.0,1450.62,1563.22,262.212,462.981
6.0,4.0,0.0,1457.88,1569.81,258.389,460.457
7.0,4.0,0.0,1470.96,1573.65,251.466,452.957
8.0,4.0,0.0,1474.69,1573.0,248.293,442.861
9.0,4.0,0.0,1486.25,1581.44,243.245,437.524
10.0,4.0,0.0,1492.02,1591.06,234.014,427.139
11.0,4.0,0.0,1498.65,1592.12,233.293,423.245
12.0,4.0,0.0,1509.09,1601.68,227.308,413.077
13.0,4.0,0.0,1514.16,1604.3,224.423,409.038
14.0,4.0,0.0,1519.06,1608.63,220.817,408.606
15.0,4.0,0.0,1524.18,1615.82,208.486,396.707
16.0,4.0,0.0,1538.8,1621.2,211.587,388.99
17.0,4.0,0.0,1545.26,1630.12,203.654,382.5
18.0,4.0,0.0,1550.0,1631.54,196.587,378.029
19.0,4.0,0.0,1554.01,1636.75,196.947,371.899
20.0,4.0,0.0,1563.63,1642.52,194.856,363.029
21.0,4.0,0.0,1571.85,1649.69,192.115,352.5
22.0,4.0,0.0,1579.35,1660.65,182.74,345.433
23.0,4.0,0.0,1584.28,1671.11,182.236,324.303
24.0,4.0,0.0,1588.49,1673.05,178.486,316.514
25.0,4.0,0.0,1605.22,1674.78,178.413,294.952
26.0,4.0,0.0,1606.2,1686.11,168.245,304.255
27.0,4.0,0.0,1619.11,1688.58,169.543,290.264
28.0,4.0,0.0,1615.17,1695.6,166.01,302.452
29.0,4.0,0.0,1628.85,1694.23,166.623,283.377
30.0,4.0,0.0,1628.85,1694.23,166.623,283.377
31.0,4.0,0.0,1639.95,1713.89,148.45,285.397
32.0,4.0,0.0,1644.4,1721.75,139.183,278.798
33.0,4.0,0.0,1645.53,1726.78,138.714,275.805
34.0,4.0,0.0,1645.53,1726.78,138.714,275.805
35.0,4.0,0.0,1658.27,1735.58,130.385,273.75
36.0,4.0,0.0,1661.47,1738.53,130.817,269.279
37.0,4.0,0.0,1674.35,1744.11,126.058,272.019
38.0,4.0,0.0,1678.77,1748.92,122.596,265.385
39.0,4.0,0.0,1682.74,1754.18,122.055,263.618
40.0,4.0,0.0,1693.03,1765.43,116.034,259.255
41.0,4.0,0.0,1701.97,1771.88,108.786,252.656
42.0,4.0,0.0,1707.55,1775.53,105.469,248.762
43.0,4.0,0.0,1713.41,1775.82,110.697,239.784
44.0,4.0,0.0,1717.12,1781.35,106.55,236.43
45.0,4.0,0.0,1721.42,1786.27,101.502,229.363
46.0,4.0,0.0,1722.04,1788.73,99.988,224.531
47.0,4.0,0.0,1726.75,1796.32,96.0216,217.248
48.0,4.0,0.0,1731.71,1800.6,95.3005,213.93
49.0,4.0,0.0,1734.66,1803.8,89.8558,211.875
50.0,4.0,0.0,1744.47,1806.3,82.8966,205.853
51.0,4.0,0.0,1742.88,1807.88,81.5985,203.69
52.0,4.0,0.0,1746.68,1810.24,80.0481,197.885
53.0,4.0,0.0,1749.18,1810.82,78.3534,194.243
54.0,4.0,0.0,1750.96,1812.12,73.125,193.125
55.0,4.0,0.0,1757.16,1812.07,73.3053,191.358
56.0,4.0,0.0,1759.66,1812.64,71.7188,187.175
57.0,4.0,0.0,1760.24,1815.14,65.625,183.173
58.0,4.0,0.0,1759.52,1815.87,63.1731,178.413
59.0,4.0,0.0,1762.55,1818.99,60.7211,177.837
60.0,4.0,0.0,1761.01,1817.45,57.6202,172.139
61.0,4.0,0.0,1762.86,1818.68,58.5577,168.894
62.0,4.0,0.0,1765.84,1818.77,55.3486,157.392
63.0,4.0,0.0,1765.24,1819.38,51.1298,157.716
64.0,4.0,0.0,1766.78,1820.91,50.0841,158.329
65.0,4.0,0.0,1760.05,1821.49,43.5938,153.858
66.0,4.0,0.0,1760.87,1820.67,43.7019,153.317
67.0,4.0,0.0,1761.18,1820.36,41.5024,146.575
68.0,4.0,0.0,1763.51,1821.11,36.3461,145.673
69.0,4.0,0.0,1768.89,1821.88,31.1178,138.065
70.0,4.0,0.0,1768.89,1821.88,31.1178,138.065
73.0,4.0,0.0,1767.72,1826.13,22.5361,113.474
74.0,4.0,0.0,1769.18,1827.74,20.8774,117.584
75.0,4.0,0.0,1773.17,1823.75,15.8654,114.519
76.0,4.0,0.0,1771.3,1822.55,14.7837,114.014
77.0,4.0,0.0,1768.89,1821.88,13.5577,109.976
78.0,4.0,0.0,1775.19,1824.81,11.0697,108.714
79.0,4.0,0.0,1778.68,1827.48,9.77163,107.2
80.0,4.0,0.0,1782.6,1829.71,4.9399,104.82
81.0,4.0,0.0,1780.77,1831.54,4.25481,100.601
82.0,4.0,0.0,1784.71,1833.75,2.48798,97.8245
83.0,4.0,0.0,1788.89,1841.88,2.45193,95.7692
84.0,4.0,0.0,1792.64,1844.28,1.18991,97.0312
85.0,4.0,0.0,1795.79,1850.36,3.10096,93.5336
86.0,4.0,0.0,1798.82,1850.41,0.612978,90.5409
87.0,4.0,0.0,1804.83,1853.63,0.144231,87.0433
88.0,4.0,0.0,1808.39,1856.23,1.26202,83.4736
89.0,4.0,0.0,1809.9,1857.79,1.08173,83.5817
90.0,4.0,0.0,1814.28,1865.72,0.288459,81.7789
91.0,4.0,0.0,1814.09,1865.91,0.901444,78.9303
92.0,4.0,0.0,1817.67,1868.49,2.27163,74.8197
93.0,4.0,0.0,1824.78,1870.6,3.44351,74.8017
94.0,4.0,0.0,1830.17,1871.37,3.73197,72.4219
95.0,4.0,0.0,1833.69,1874.0,1.91106,63.2452
96.0,4.0,0.0,1833.22,1874.47,1.98317,61.2981
97.0,4.0,0.0,1837.98,1878.94,2.66827,61.1899
98.0,4.0,0.0,1837.62,1879.3,1.02764,62.3618
99.0,4.0,0.0,1839.11,1880.89,1.29807,62.3438
100.0,4.0,0.0,1838.63,1878.29,0.0,58.3774
101.0,4.0,0.0,1837.06,1876.79,0.0,54.6635
102.0,4.0,0.0,1840.62,1879.38,0.0,53.6358
103.0,4.0,0.0,1840.62,1879.38,0.0,53.6358
105.0,4.0,0.0,1842.03,1881.05,0.0,47.2356
106.0,4.0,0.0,1841.53,1881.55,0.0,45.9195
107.0,4.0,0.0,1844.74,1884.5,0.0,42.3678
108.0,4.0,0.0,1844.74,1884.5,0.0,42.3678
