2,1,0,1433.46,1548.08,8.79807,156.779
2,2,3,1895.58,2227.5,2.74038,153.606
2,3,3,2261.25,2529.52,0,100.998
2,4,3,1625.19,1993.27,1.11779,118.882
2,5,1,1664.86,2239.37,481.645,1320.26
2,6,3,650.807,1038.06,0,170.647
3,1,0,1433.32,1546.68,6.49038,158.221
3,2,3,1897.6,2225.48,0.649037,155.553
3,3,3,2257.98,2523.56,0,100.024
3,4,3,1626.63,1991.83,0.576922,117.909
3,5,1,1682.73,2247.3,442.603,1234.46
3,6,3,586.003,968.002,0,179.386
4,1,0,1432.64,1547.36,6.70673,158.293
4,2,3,1896.92,2226.15,0.144231,156.49
4,3,3,2259.71,2527.98,0,101.25
4,4,3,1619.42,1992.88,0,120.577
4,5,1,1715.34,2274.96,398.983,1149.25
4,6,3,499.262,909.187,0,184.421
4,7,0,41.2981,163.51,188.077,421.731
5,1,0,1435.58,1545.96,6.41827,156.418
5,2,3,1896.15,2226.92,0,155.913
5,3,3,2261.63,2526.06,0,102.188
5,4,3,1619.81,1992.5,0,121.623
5,5,1,1743.97,2276.66,357.179,1064.74
5,6,3,423.27,838.458,1.99141,196.053
5,7,0,1.875,111.106,197.452,445.24
6,1,0,1435.24,1546.3,6.63462,157.644
6,2,3,1899.04,2224.04,0,157.5
6,3,3,2256.25,2525.29,0,102.332
6,4,3,1621.54,1987.69,0,121.154
6,5,1,1778.18,2282.27,326.381,1027.33
6,6,3,370.581,758.974,0,204.94
6,7,0,0.697117,56.1298,214.543,488.726
7,1,0,1435.91,1544.09,5.76922,157.5
7,2,3,1900.77,2219.23,1.00962,157.067
7,3,3,2255,2514.23,0,103.305
7,4,3,1612.98,1990.1,0,121.731
7,5,1,1806.56,2303.94,296.46,951.651
7,6,3,338.993,679.664,5.65543,214.336
7,7,0,0.697117,56.1298,214.543,488.726
8,1,0,1435.96,1544.04,8.04086,154.796
8,2,3,1899.52,2223.56,0,155.913
8,3,3,2258.27,2517.12,0,103.918
8,4,3,1612.21,1990.87,0,122.163
8,5,1,1841.64,2323.83,260.878,895.6
8,6,3,209.945,595.458,9.95802,214.104
9,1,0,1435.77,1542.69,6.92307,155.337
9,2,3,1896.63,2226.44,0,154.327
9,3,3,2256.25,2512.98,0,102.728
9,4,3,1607.88,1989.04,0,122.019
9,5,1,1874.35,2344.8,230.363,849.247
9,6,3,41.5421,520.267,15.8824,232.558
10,1,0,1435.87,1542.6,5.625,155.625
10,2,3,1896.92,2229.23,0,156.635
10,3,3,2257.79,2514.52,0,102.151
10,4,3,1611.63,1988.37,0,120.577
10,5,1,1904.03,2373.33,202.312,801.424
10,6,3,6.43488,428.47,26.5214,246.502
11,1,0,1436.35,1543.65,7.86058,154.832
11,2,3,1897.5,2228.65,0,156.923
11,3,3,2258.75,2513.56,0,100.493
11,4,3,1613.85,1989.23,0.216343,120.793
11,5,1,1939.17,2400.96,177.836,770.402
11,6,3,6.97251,324.823,26.847,257.751
12,1,0,1436.92,1544.62,7.71635,155.264
12,2,3,1897.98,2225.1,0,157.788
12,3,3,2261.92,2513.46,0,103.738
12,4,3,1617.12,1985.96,0.432694,120.865
12,5,1,1979.31,2431.68,154.601,715.905
12,6,3,0,246.266,42.1258,270.864
13,1,0,1436.63,1544.9,6.5625,154.543
13,2,3,1898.27,2227.88,0,158.654
13,3,3,2254.71,2526.83,0,101.034
13,4,3,1616.73,1983.27,0,120.974
13,5,1,2013.67,2464.55,129.36,688.885
13,6,3,0.961542,150.192,54.5192,259.904
14,1,0,1434.95,1545.05,7.78846,156.779
14,2,3,1896.73,2229.42,0,157.428
14,3,3,2261.44,2532.4,0,109.579
14,4,3,1612.5,1984.42,0,121.875
14,5,1,2052.48,2506.56,118.963,633.856
14,6,3,0.961542,150.192,54.5192,259.904
15,1,0,1435,1545,7.86057,155.697
15,2,3,1894.71,2231.44,0,157.716
15,3,3,2266.25,2542.98,0,108.281
15,4,3,1610.58,1989.42,0,123.281
15,5,1,2101.64,2548.24,89.8915,605.162
16,1,0,1435.72,1542.74,7.21154,156.923
16,2,3,1894.23,2231.92,0,155.841
16,3,3,2286.73,2485.58,0,89.2067
16,4,3,1598.46,1995.38,0,121.947
16,5,1,2130.75,2560,75.8099,568.085
17,1,0,1433.99,1542.93,6.41827,157.861
17,2,3,1895.38,2230.77,0,157.067
17,3,3,2227.98,2452.02,0,87.6562
17,4,3,1600.58,1993.27,0,121.478
17,5,1,2186.9,2560,61.0815,539.377
18,1,0,1433.89,1543.03,7.28366,156.707
18,2,3,1898.08,2225,0,156.707
18,3,3,2252.69,2451.92,0,62.7764
18,4,3,1601.15,1998.85,0,122.668
18,5,1,2242.87,2556.59,46.5063,502.963
19,1,0,1435.34,1543.12,6.41827,157.428
19,2,3,1896.54,2226.54,0,156.923
19,3,3,2252.69,2451.92,0,62.7764
19,4,3,1602.79,1994.13,0,120.865
19,5,1,2287.77,2560,26.3558,479.703
20,1,0,1435.67,1542.79,7.5,157.933
20,2,3,1898.85,2224.23,0,156.635
20,4,3,1602.79,1991.06,0,119.639
20,5,1,2336.97,2560,19.3905,455.37
21,1,0,1435.43,1543.03,8.14904,158.293
21,2,3,1895.77,2227.31,0,155.986
21,3,3,2254.09,2444.38,0,102.007
21,4,3,1604.9,1985.87,0,120.829
21,5,1,2393.56,2560,15.1901,440.343
22,1,0,1435,1543.46,6.85096,158.582
22,2,3,1897.31,2225.77,0,156.346
22,3,3,2258.08,2495.77,0,103.954
22,4,3,1609.71,1981.06,0,120.865
22,5,1,2451.49,2558.36,0,392.745
23,1,0,1435.48,1542.98,8.00481,158.005
23,2,3,1899.52,2223.56,0.504806,155.553
23,3,3,2240.67,2463.94,0,100.132
23,4,3,1613.08,1980.77,0,120.901
23,5,1,2451.49,2558.36,0,392.745
24,1,0,1434.52,1545.48,8.72596,157.716
24,2,3,1897.6,2225.48,0,155.264
24,3,3,2249.81,2534.81,0,100.745
24,4,3,1613.85,1983.08,0,120.252
25,1,0,1434.52,1545.48,8.29327,156.418
25,2,3,1895.77,2224.23,0.0721121,154.111
25,3,3,2245.19,2539.42,0,101.214
25,4,3,1607.4,1983.37,0,119.423
26,1,0,1435.38,1544.62,7.93269,156.923
26,2,3,1896.73,2223.27,0.865381,153.894
26,3,3,2248.65,2529.81,0,100.276
26,4,3,1597.88,1989.81,0,121.731
27,1,0,1434.62,1543.85,8.4375,156.851
27,2,3,1898.46,2221.54,0.9375,154.976
27,3,3,2247.4,2534.13,0,99.6274
27,4,3,1597.12,1993.65,0,122.704
28,1,0,1433.08,1543.85,7.78846,156.923
28,2,3,1898.46,2221.54,0.0721192,156.13
28,3,3,2253.08,2531.54,0,100.349
28,4,3,1599.04,1988.65,0,121.695
29,1,0,1435.82,1544.18,8.29327,157.428
29,2,3,1899.52,2220.48,1.29807,155.337
29,3,3,2245.38,2526.92,0,101.827
29,4,3,1590.77,1990.77,0,124.255
30,1,0,1436.15,1543.85,7.35577,156.923
30,2,3,1897.88,2222.12,0.793269,155.12
30,3,3,2247.69,2515.38,0,100.998
30,4,3,1595.58,1939.81,0.685093,124.363
31,1,0,1435.77,1545.77,7.64423,158.365
31,2,3,1894.13,2225.87,1.08173,155.553
31,3,3,2251.15,2518.08,0,103.63
31,4,1,1578.85,2005.77,2.05529,120.757
31,9,0,1449.45,1743.66,1506.72,1917.99
32,1,0,1435.77,1545.77,7.57212,158.005
32,2,3,1898.85,2224.23,0.576918,155.192
32,3,3,2254.04,2527.5,0,101.502
32,4,3,1588.27,1999.42,1.83894,123.57
32,9,0,1487.47,1747.74,1388.07,1918.73
33,1,0,1435.58,1544.42,7.35577,158.221
33,2,3,1900.29,2219.71,2.01923,154.615
33,3,3,2247.02,2537.6,0,101.106
33,4,1,1579.04,2008.65,0,121.55
33,9,0,1520.17,1755.69,1275.1,1849.72
34,1,0,1434.38,1545.62,7.86057,157.428
34,2,3,1898.56,2221.44,1.08173,153.678
34,3,3,2236.25,2526.83,0,99.1947
34,4,1,1587.69,1996.92,0,128.257
34,9,0,1546.82,1775.57,1163.83,1719.55
35,1,0,1434.09,1544.38,7.64423,157.067
35,2,3,1900.29,2219.71,0.360575,154.976
35,3,3,2237.02,2529.13,0,97.7164
35,4,3,1595.48,1921.44,5.26442,115.745
35,9,0,1574.18,1792.16,1079.76,1602.07
36,1,0,1436.39,1545.14,6.63462,157.356
36,2,3,1900.77,2219.23,0.9375,156.995
36,3,3,2235.29,2524.71,0,99.2668
36,4,1,1592.5,1909.04,2.59616,123.606
36,9,0,1605.02,1820.7,994.645,1494.62
37,1,0,1436.15,1545.38,8.72596,157.284
37,2,3,1900.96,2215.96,1.44231,156.346
37,3,3,2234.81,2522.12,0,98.4736
37,4,3,1632.12,1964.81,0.108175,122.993
37,9,0,1639.02,1841.76,925.898,1396.96
38,1,0,1436.68,1543.32,7.42789,157.139
38,2,3,1902.5,2214.42,0.793269,156.851
38,3,3,2230.96,2525.96,0,100.529
38,4,3,1632.12,1964.81,0.108175,122.993
38,9,0,1664.52,1867.91,857.368,1302.27
39,1,0,1437.6,1545.48,6.12981,156.851
39,2,3,1899.9,2220.1,0.288463,156.923
39,3,3,2226.73,2524.04,0,100.889
39,9,0,1691.91,1893.61,789.893,1227.9
40,1,0,1436.39,1545.14,6.41827,155.697
40,2,3,1899.42,2220.58,0,156.202
40,3,3,2231.44,2525.48,0,99.3389
40,4,3,1577.2,2030.82,0,135.386
40,9,0,1728.71,1916.5,734.759,1150.72
40,12,1,1583.75,2557.5,1366.94,1920
41,1,0,1440.96,1545.19,5.84135,154.399
41,2,3,1896.35,2220.58,0,155.264
41,3,3,2230.77,2523.08,0,98.5817
41,4,3,1607.21,1977.4,0,120.757
41,9,0,1764.8,1948.02,681.667,1079.89
41,12,1,1582.5,2557.5,1282.85,1906.26
42,1,0,1440.19,1544.42,8.29327,156.418
42,2,3,1895.1,2221.83,0,154.615
42,3,3,2193.85,2510.77,0,102.873
42,4,3,1610.58,1974.04,0,123.642
42,9,0,1796.42,1972.66,636.199,1024.11
42,12,1,1556.25,2560,1154.53,1920
42,13,0,1638.03,1749.66,0,159.447
43,1,0,1441.35,1543.27,8.65384,156.635
43,2,3,1897.02,2222.98,0,156.274
43,3,3,2197.88,2506.73,0,102.079
43,4,3,1611.54,1973.08,0,125.481
43,9,0,1834.39,1998.5,594.267,964.436
43,12,1,1558.75,2556.25,1091.97,1918.13
43,13,0,1642.19,1739.35,0.432694,163.99
44,1,0,1439.66,1543.41,7.57211,157.139
44,2,3,1897.02,2219.9,0,156.418
44,3,3,2194.23,2507.31,0,103.269
44,4,3,1605.48,1972.98,0,127.428
44,9,0,1867.58,2028.21,543.796,912.05
44,12,1,1565,2543.75,1019.34,1917.99
44,13,0,1637.36,1738.03,0,162.692
45,1,0,1437.5,1542.5,7.78846,158.942
45,2,3,1899.81,2214.04,0.576925,156.779
45,3,3,2226.92,2523.85,0,100.493
45,4,3,1603.75,1974.71,0,130.565
45,9,0,1907.21,2060.02,523.569,866.966
45,12,1,1552.5,2485,977.376,1920
45,13,0,1635.05,1737.26,0,163.846
46,1,0,1435.87,1541.06,8.22115,159.087
46,2,3,1900,2216.92,0.865388,156.49
46,3,3,2226.92,2523.85,0,100.493
46,4,3,1602.79,1975.67,0,129.195
46,9,0,1937.17,2093.8,488.203,820.852
46,12,1,1542.5,2443.75,901.211,1920
46,13,0,1632.02,1731.06,0.721157,162.26
47,1,0,1435.58,1542.88,8.58173,160.601
47,2,3,1897.5,2216.35,0.216343,155.12
47,4,3,1600.77,1977.69,0,129.231
47,9,0,1981.58,2124.13,454.687,772.801
47,12,1,1547.5,2411.25,847.367,1915.39
47,13,0,1632.5,1733.65,1.65865,162.764
48,1,0,1437.88,1542.12,8.07693,158.798
48,2,3,1898.65,2215.19,0,155.12
48,4,3,1604.13,1977.4,0,128.906
48,9,0,2019.83,2162.13,430.857,735.034
48,12,1,1545,2355,780.507,1920
48,13,0,1631.83,1734.33,0.793269,161.034
49,1,0,1439.76,1541.78,10.8173,159.952
49,2,3,1903.27,2210.58,0.576925,155.913
49,4,3,1603.46,1978.08,0,127.788
49,9,0,2054.81,2204.27,401.761,699.4
49,12,1,1535,2317.5,744.136,1858.03
49,13,0,1630.19,1732.88,3.38943,162.909
50,1,0,1438.41,1543.12,10.601,159.447
50,2,3,1902.31,2211.54,0.360575,155.697
50,4,3,1604.52,1973.94,0,127.356
50,9,0,2104.6,2239.3,373.989,670.722
50,12,1,1553.75,2271.25,700.996,1751.95
50,13,0,1630.43,1729.57,4.25481,161.899
51,1,0,1440.24,1548.99,11.0336,160.024
51,2,3,1901.54,2212.31,0.216343,155.841
51,4,3,1607.5,1970.96,0,126.382
51,9,0,2160.1,2279.9,341.394,635.337
51,12,1,1547.5,2245,648.919,1678.85
51,13,0,1632.62,1730.46,5.91346,162.26
52,1,0,1439.23,1545.38,6.92308,161.106
52,2,3,1902.21,2211.63,0.649045,156.418
52,4,3,1600.29,1981.25,0.0721121,129.447
52,9,0,2200.58,2322.5,315.072,603.389
52,12,1,1550,2217.5,612.926,1608.07
52,13,0,1630.05,1733.03,5.04808,164.567
52,15,3,62.1441,777.906,1661.36,1920
53,1,0,1438.65,1544.42,5.69711,157.572
53,2,3,1901.15,2215.77,0.576925,157.5
53,3,3,2215.58,2479.81,0,103.413
53,4,3,1615.48,1969.13,0,133.918
53,9,0,2251.01,2367.45,292.284,575.409
53,12,1,1561.4,2197.94,566.872,1528.35
53,13,0,1632.31,1730.77,1.65866,165.505
53,15,3,96.4667,791.903,1595.05,1916.85
54,1,0,1438.51,1543.03,5.69712,156.995
54,2,3,1899.04,2217.88,0.360575,157.284
54,3,3,2215,2483.46,0,103.125
54,4,3,1611.35,1970.19,0,134.243
54,9,0,2301.59,2415.34,270.577,535.385
54,12,1,1548.27,2175.24,527.923,1460.27
54,13,0,1634.83,1731.32,1.44231,164.279
54,15,3,117.812,822.5,1535.04,1920
54,16,0,58.8072,296.643,190.985,431.639
55,1,0,1439.13,1543.94,5.12019,157.572
55,2,3,1900.38,2216.54,1.00961,157.212
55,3,3,2218.56,2470.67,0,102.476
55,4,3,1611.44,1970.1,0,131.827
55,9,0,2350.38,2465,248.87,517.861
55,12,1,1560.12,2159.85,482.476,1403.29
55,13,0,1632.12,1730.96,1.73077,163.558
55,15,3,150.625,831.875,1472.2,1920
55,16,0,153.598,383.049,188.366,429.844
55,17,3,1275,2032.5,1495.3,1920
56,1,0,1438.65,1544.42,4.97596,157.716
56,2,3,1900.87,2216.06,0.288463,157.212
56,3,3,2219.33,2460.67,0,102.007
56,4,3,1614.52,1970.1,0,132.8
56,9,0,2400.34,2516.59,228.822,490.601
56,12,1,1567.76,2153.6,468.925,1334.58
56,13,0,1631.88,1731.2,1.29807,163.413
56,15,3,182.188,842.5,1417.89,1920
56,16,0,253.79,486.628,208.184,462.117
56,17,3,1291.25,2010,1405.85,1920
57,1,0,1439.23,1543.85,4.97596,156.13
57,2,3,1897.98,2222.02,0.504806,154.832
57,3,3,2224.23,2458.85,0,99.7716
57,4,3,1607.12,1974.42,0,127.933
57,9,0,2456.88,2555.43,209.928,464.495
57,12,1,1577.63,2148.22,418.783,1283.17
57,13,0,1630.62,1735.53,1.15384,162.26
57,15,3,228.125,863.75,1368.66,1920
57,16,0,379.088,584.918,176.358,402.983
57,17,3,1297.5,1993.75,1322.97,1917.61
58,1,0,1437.12,1542.88,3.96635,156.851
58,2,3,1898.94,2221.06,0.504806,155.409
58,3,3,2224.42,2458.65,0,100.962
58,4,3,1608.27,1973.27,0,128.762
58,9,0,2456.88,2555.43,209.928,464.495
58,12,1,1582.85,2147.96,412.597,1228.19
58,13,0,1630.72,1735.43,1.51442,162.332
58,15,3,251.406,881.25,1320.16,1915.16
58,16,0,424.636,669.244,169.245,408.843
58,17,3,1308.75,1982.5,1256.25,1847.34
59,1,0,1437.69,1543.85,6.63462,157.644
59,2,3,1902.5,2214.42,1.58654,157.788
59,3,3,2224.52,2449.33,0,99.988
59,4,3,1608.85,1972.69,0,130.889
59,12,1,1595.54,2139.53,369.75,1188.94
59,13,0,1631.83,1731.25,2.95673,164.784
59,15,3,283.096,904.587,1274.8,1880.38
59,16,0,500.362,748.549,169.074,404.211
59,17,3,1325,1975,1190.64,1742.71
59,18,0,2348.09,2560,1537.42,1918.64
60,1,0,1438.7,1544.37,5.98557,158.149
60,2,3,1900.29,2213.56,1.08173,157.428
60,3,3,2222.5,2451.35,0,100.889
60,4,3,1611.06,1970.48,0,130.889
60,12,1,1602.99,2156.77,346.736,1117.8
60,13,0,1630,1733.08,1.37019,162.188
60,15,3,311.094,913.125,1244.61,1795.07
60,16,0,585.761,820.453,172.213,398.175
60,17,3,1340,1966.25,1135.53,1661.56
60,18,0,2321.27,2560,1460.85,1918.65
61,1,0,1438.65,1544.42,6.12981,159.159
61,2,3,1902.12,2211.73,1.22596,157.572
61,3,3,2224.13,2452.79,0,101.142
61,4,3,1614.81,1969.81,0,132.043
61,12,1,1622.37,2158.33,329.351,1098.91
61,13,0,1630.14,1732.93,1.58654,161.971
61,15,3,335.674,929.864,1200.26,1768.25
61,16,0,657.842,892.448,160.981,393.377
61,17,3,1362.5,1961.25,1071.64,1572.36
61,18,0,2300.39,2560,1402.02,1918.75
62,1,0,1436.92,1543.08,3.31731,159.375
62,2,3,1903.27,2207.5,1.37019,157.861
62,3,3,2224.13,2452.79,0,101.142
62,4,3,1600.38,1978.08,0,130.673
62,12,1,1641,2164.03,300.204,1053.4
62,13,0,1626.83,1733.17,3.89423,162.837
62,15,3,365.642,937.907,1159.25,1717.48
62,16,0,733.798,962.746,158.773,386.063
62,17,3,1381.25,1968.75,1016.87,1495.76
62,18,0,2275.93,2557.02,1328.43,1903.96
63,1,0,1435.72,1544.28,8.14904,158.149
63,2,3,1902.12,2205.58,1.94712,156.13
63,3,3,2223.46,2447.31,0,100.024
63,4,3,1607.69,1970.77,0,129.663
63,12,1,1655.56,2176.68,272.888,993.792
63,13,0,1626.15,1733.85,2.66827,162.043
63,15,3,386.095,954.809,1133.6,1685.19
63,16,0,806.509,1032.27,153.765,379.231
63,17,3,1395,1990,961.945,1426.27
63,18,0,2257.71,2544.9,1260.46,1820.4
64,1,0,1435.72,1542.74,9.01443,156.274
64,2,3,1899.52,2195.87,2.66827,152.524
64,3,3,2226.63,2444.13,0,100.096
64,4,3,1622.79,1967.98,0,125.805
64,12,1,1672.14,2181.56,257.43,980.097
64,13,0,1637.14,1732.09,1.15384,162.26
64,15,3,410.959,973.871,1101.88,1635.59
64,16,0,875.802,1101.78,149.829,378.847
64,17,3,1418.63,1963.69,902.228,1364.45
64,18,0,2244.16,2507.31,1194.35,1734.03
65,1,0,1434.13,1544.33,7.42789,158.438
65,2,3,1896.92,2220,0.0721121,153.389
65,3,3,2223.65,2440.96,0,100.709
65,4,3,1615.67,1975.1,0,127.356
65,12,1,1689.21,2198.38,213.451,938.858
65,13,0,1631.11,1731.97,2.74038,164.567
65,15,3,421.601,989.205,1075.77,1596.09
65,16,0,939.008,1165.43,149.156,373.798
65,17,3,1442.94,1972,844.802,1302.2
65,18,0,2214.61,2480.86,1143.14,1649.75
65,24,0,481.449,735.444,140.091,360.819
66,1,0,1432.6,1544.33,3.96634,158.293
66,2,3,1895.38,2224.62,0.649037,152.38
66,3,3,2221.92,2442.69,0,99.6635
66,4,3,1608.65,1979.04,0,127.897
66,12,1,1707.41,2214.35,197.733,911.545
66,13,0,1628.51,1731.49,2.45193,165
66,15,3,445.729,1006.45,1048.73,1564.88
66,16,0,1011.22,1230.54,148.12,371.232
66,17,3,1463.39,1965.89,800.397,1242.32
66,18,0,2202.11,2451.18,1089.1,1589.56
66,24,0,571.626,825.745,129.737,358.811
66,25,0,2237.6,2529.74,1491.87,1917.96
67,1,0,1432.64,1544.28,3.31731,158.221
67,2,3,1895.77,2221.15,1.08173,152.957
67,3,3,2222.98,2450.87,0,101.25
67,4,3,1619.23,1974.62,0,125.192
67,12,1,1719.45,2231.98,182.807,873.981
67,13,0,1630.96,1732.12,2.59615,163.125
67,15,3,470.339,1007.34,1020.39,1533.9
67,16,0,1080.44,1298.58,144.504,362.023
67,17,3,1487.23,1955.04,740.075,1169.65
67,18,0,2185.08,2438.08,1042.29,1514.74
67,24,0,658.509,907.911,122.361,353.682
67,25,0,2219.04,2492.47,1415.89,1920
68,1,0,1433.56,1544.9,2.30769,158.221
68,2,3,1895.77,2227.31,0.432694,154.471
68,3,3,2222.31,2442.31,0,100.493
68,4,3,1617.88,1975.96,0.144231,126.058
68,12,1,1753.77,2244.87,176.377,797.874
68,13,0,1632.16,1730.91,2.88461,163.413
68,15,3,484.968,1025.13,997.676,1496.61
68,16,0,1151.69,1363.28,136.096,358.555
68,17,3,1498.67,1962.16,714.267,1112.07
68,18,0,2175.42,2410.66,997.85,1442.21
68,24,0,750.63,988.989,123.556,350.625
68,25,0,2217.39,2463.43,1356.69,1915.68
69,1,0,1435.87,1544.13,1.08173,160.168
69,2,3,1897.12,2225.96,0.144224,157.5
69,3,3,2222.69,2432.69,0,98.6178
69,4,3,1614.81,1972.88,0,127.752
69,12,1,1769.94,2261.76,173.003,799.259
69,13,0,1634.21,1728.87,2.8125,166.659
69,15,3,500.889,1034.75,975.343,1475.37
69,16,0,1219.99,1425.67,138.376,357.494
69,17,3,1508.36,1962.49,680.189,1052.16
69,18,0,2159.18,2397.36,953.867,1380.84
69,24,0,834.269,1070.54,118.996,348.181
69,25,0,2203.04,2446.1,1294.3,1851.66
70,1,0,1433.32,1545.14,1.00961,158.51
70,2,3,1894.23,2228.85,0.504813,156.851
70,3,3,2220.77,2434.62,0,98.1851
70,4,3,1623.08,1970.77,0,127.572
70,12,1,1789.17,2284.6,153.287,771.379
70,13,0,1631.25,1731.83,1.80289,165.072
70,15,3,517.039,1046.75,955.936,1452.92
70,16,0,1292.24,1494.97,128.147,351.368
70,17,3,1517.77,1963.95,637.089,1016.3
70,18,0,2145.13,2370.94,907.149,1328.63
70,24,0,918.085,1153.64,115.604,341.236
70,25,0,2189.49,2426.46,1227.26,1777.59
70,27,3,0,288.555,167.134,449.312
71,1,0,1432.55,1542.84,1.80288,158.005
71,2,3,1900,2220,0,137.56
71,3,3,2220.29,2441.25,0,100.024
71,4,3,1624.42,1969.42,0,129.519
71,12,1,1813.53,2308.24,121.861,742.789
71,13,0,1629.66,1733.41,1.58654,162.981
71,15,3,528.31,1064.13,937.165,1435
71,16,0,1363.43,1549.3,116.752,347.509
71,17,3,1530.65,1957.87,607.448,948.285
71,18,0,2135.86,2367.62,865.058,1271.44
71,24,0,1004.67,1235.38,112.819,339.003
71,25,0,2183.75,2410.77,1163.86,1702.36
71,27,3,0,288.555,167.134,449.312
72,1,0,1432.5,1544.42,2.16346,160.817
72,2,3,1900.38,2222.69,0,132.512
72,3,3,2221.25,2440.29,0,99.5192
72,4,3,1621.54,1972.31,0,130.565
72,12,1,1844.05,2332.52,118.506,723.017
72,13,0,1629.86,1730.14,2.88462,163.269
72,15,3,547.253,1068.5,921.997,1406.64
72,16,0,1431.97,1609.57,128.942,338.365
72,17,3,1540.79,1954.49,572.207,920.446
72,18,0,2141.4,2356.89,826.35,1221
72,24,0,1085.33,1307.66,114.503,335.015
72,25,0,2174.82,2397.05,1113.45,1637.29
73,1,0,1434.95,1545.05,1.875,159.663
73,2,3,1909.04,2241.73,1.91106,130.06
73,3,3,2220.48,2441.06,0,99.8798
73,4,3,1633.65,1966.35,0.288463,127.284
73,12,1,1867.35,2363.51,102.643,689.593
73,13,0,1633.94,1729.13,2.66827,162.909
73,15,3,561.889,1078.45,908.187,1390.35
73,16,0,1494.04,1669.04,125.192,333.462
73,17,3,1557.63,1952.53,547.441,870.968
73,18,0,2131.86,2348.25,790.582,1171.32
73,24,0,1166.69,1377.71,99.3389,326.463
73,25,0,2174.07,2390.86,1063.43,1567.7
73,27,3,11.7832,560.309,158.04,410.257
74,1,0,1433.32,1543.61,3.46154,159.231
74,2,3,1908.08,2211.92,1.15384,137.308
74,3,3,2219.9,2447.79,0,102.909
74,4,3,1623.27,1973.65,0.396638,127.608
74,12,1,1901.04,2393.71,89.8375,669.596
74,13,0,1633.94,1729.13,2.66827,162.909
74,15,3,580.985,1086.07,891.939,1371.87
74,16,0,1549.76,1724.09,111.779,325.817
74,17,3,1568.02,1963.3,509.033,811.109
74,18,0,2127.53,2341.85,749.531,1122.53
74,24,0,1237.35,1450.5,98.5472,323.959
74,25,0,2168.56,2379.89,1012.09,1514.14
74,27,3,26.427,663.35,159.872,405.241
75,1,0,1438.61,1542.93,0.144231,160.096
75,2,3,1905.48,2205.29,2.01923,137.308
75,3,3,2227.12,2437.5,0,104.135
75,4,3,1623.27,1973.65,0.396638,127.608
75,12,1,1923.79,2425.19,78.9691,631.368
75,15,3,585.959,1093.52,875.123,1356.46
75,16,0,1607.26,1771.2,112.284,322.716
75,17,3,1584.52,1983.87,487.034,784.681
75,18,0,2128.49,2339,718.437,1091.42
75,24,0,1305.55,1515.29,102.152,319.777
75,25,0,2146.35,2364.3,973.639,1449.21
75,27,3,116.833,762.839,169.178,389.858
76,1,0,1438.61,1542.93,0.144231,160.096
76,2,3,1902.12,2205.58,0.721157,141.058
76,3,3,2227.12,2437.5,0,104.135
76,12,1,1965.08,2455.82,66.4739,614.24
76,15,3,596.99,1103.06,865.698,1336.12
76,16,0,1652.98,1817.79,106.01,317.163
76,17,3,1598.64,1982.6,458.369,759.93
76,18,0,2130.51,2337.55,681.65,1044
76,24,0,1381.5,1580.42,95.9434,320.148
76,25,0,2154.4,2358.48,930.303,1392.25
76,27,3,209.496,853.298,161.276,394.873
77,1,0,1439.13,1547.02,0,166.587
77,2,3,1898.56,2258.37,1.26202,134.243
77,4,1,1496.32,1993.96,0,145.69
77,12,1,2003.81,2485.18,55.5184,595.847
77,15,3,613.581,1107.93,853.638,1320.85
77,16,0,1706.88,1859.28,103.486,311.611
77,17,3,1612.11,2008.07,432.859,720.399
77,18,0,2134.49,2338.87,655.49,998.677
77,24,0,1442.57,1641.39,92.8861,319.014
77,25,0,2152.23,2352.41,876.261,1331.83
77,27,3,267.559,944.568,153.222,391.397
78,1,0,1438.65,1536.73,1.73077,157.933
78,2,3,1901.73,2190.58,0.649037,136.947
78,4,1,1496.32,1993.96,0,145.69
78,12,1,2040.74,2507.98,48.5182,576.716
78,15,3,621.794,1121.36,839.85,1311.77
78,16,0,1746.83,1893.17,101.322,305.986
78,17,3,1630.39,2022.07,407.984,702.235
78,18,0,2139.66,2340.74,622.104,958.305
78,24,0,1498.9,1696.8,88.2464,314.54
78,25,0,2156.58,2354.79,841.009,1279.66
78,27,3,386.962,1032.34,149.148,386.352
79,1,0,1436.49,1540.43,0.504806,160.889
79,2,3,1896.44,2217.4,2.30769,150.288
79,12,1,2082.28,2546.68,25.2609,547.242
79,15,3,629.409,1128.12,827.477,1294.69
79,16,0,1790.62,1941.68,95.5529,299.062
79,17,3,1654.63,2037.28,382.736,678.139
79,18,0,2145.8,2344.3,597.484,920.016
79,24,0,1554.62,1738.68,77.7146,308.923
79,25,0,2160.89,2352.52,796.253,1231.43
79,27,3,490.408,1121.45,143.669,378.639
80,1,0,1434.62,1542.31,1.80288,158.005
80,2,3,1899.42,2208.27,1.73077,152.596
80,4,3,1602.5,1979.04,0,123.57
80,12,1,2107.02,2560,18.8131,528.578
80,15,3,641.411,1138.54,821.641,1280.83
80,16,0,1834.18,1978.12,93.3173,293.221
80,17,3,1683.03,2064.01,360.073,640.405
80,18,0,2163.07,2342.61,572.876,859.917
80,24,0,1608.08,1779.62,90.5048,300.649
80,25,0,2165.53,2348.57,763.419,1178.01
80,27,3,575.025,1210.08,135.781,374.735
81,1,0,1438.17,1540.29,2.8125,157.139
81,2,3,1897.6,2207.02,2.45192,151.442
81,4,3,1597.4,1977.98,0,125.769
81,12,1,2146.2,2560,5.83772,507.087
81,15,3,649.53,1138.72,815.489,1274.79
81,16,0,1872.88,2019.42,84.0144,280.889
81,17,3,1710.39,2095.57,340.928,617.588
81,18,0,2167.53,2353.54,546.559,829.288
81,24,0,1647.98,1825.87,87.9808,294.808
81,25,0,2186.13,2353.19,729.584,1135.37
81,27,3,648.319,1289.61,137.207,377.287
82,1,0,1437.5,1542.5,4.54327,159.159
82,2,3,1897.88,2215.96,1.08173,154.832
82,4,1,1603.56,1987.21,0.829325,128.978
82,12,1,2200.27,2560,6.85204,488.193
82,13,0,1628.56,1734.52,0,163.413
82,15,3,659.734,1140.98,808.788,1252
82,16,0,1909.66,2059.57,82.2837,283.197
82,17,3,1747.05,2125.24,318.434,590.605
82,18,0,2182.36,2365.88,518.603,784.722
82,24,0,1696.35,1857.5,92.1635,291.49
82,25,0,2189.42,2357.87,694.539,1095.74
82,27,3,741.114,1364.04,132.821,369.461
83,1,0,1438.12,1541.88,4.03846,159.087
83,2,3,1896.63,2207.98,0.721149,159.663
83,4,3,1582.65,2026.21,2.86406,152.165
83,12,1,2240.96,2560,0,477.172
83,13,0,1630.96,1735.19,2.23557,167.812
83,15,3,663.331,1150.61,805.943,1245.6
83,16,0,1946.06,2087.79,77.4519,279.375
83,17,3,1779.61,2155.87,296.832,564.825
83,18,0,2201.55,2375.91,501.075,762.493
83,24,0,1732.55,1882.84,67.1394,285.361
83,25,0,2197.4,2359.56,661.535,1058.11
83,27,3,814.925,1449.36,131.59,363.455
84,1,0,1441.49,1540.05,5.48077,159.231
84,2,3,1908.37,2171.63,2.59616,151.154
84,4,3,1582.65,2026.21,2.86406,152.165
84,12,1,2286.1,2560,0,457.89
84,13,0,1633.61,1729.47,3.02884,166.01
84,15,3,668.789,1154.17,799.047,1241.94
84,16,0,1982.88,2130.96,79.1827,276.49
84,17,3,1819.51,2192.57,270.537,537.175
84,18,0,2217.99,2386.81,472.7,740.644
84,24,0,1764.52,1918.56,72.476,284.062
84,25,0,2203.12,2363.31,634.655,1017.91
84,27,3,894.299,1517.68,131.128,364.726
85,1,0,1452.43,1539.88,7.13943,161.178
85,2,3,1915,2189.62,0.793269,137.38
85,3,3,2204.52,2392.4,0,97.7164
85,4,3,1629.04,1964.81,1.91106,129.411
85,12,1,2338.81,2560,4.01354,424.881
85,13,0,1635.84,1730.31,2.52404,167.524
85,15,3,671.887,1157.15,794.391,1237.71
85,16,0,2015.87,2168.75,79.1106,268.774
85,17,3,1862.93,2231.01,254.558,507.592
85,18,0,2231.39,2405.07,451.735,703.753
85,24,0,1800.05,1938.41,75,278.942
85,25,0,2211.57,2371.17,602.879,979.59
85,27,3,960.657,1574.38,123.18,362.339
86,1,0,1449.3,1543,8.29327,159.303
86,2,3,1913.65,2197.12,0,142.284
86,3,3,2203.27,2402.88,0,102.764
86,4,3,1625,1971.92,0.576925,124.904
86,12,1,2393.48,2558.27,2.00767,419.039
86,13,0,1635.7,1730.46,6.41827,164.928
86,15,3,677.229,1158.36,790.093,1232.98
86,16,0,2052.69,2193.46,78.2452,249.447
86,17,3,1909.02,2279.9,232.514,488.343
86,18,0,2258.1,2418.57,437.299,688.089
86,24,0,1834.23,1971.92,65.8414,268.486
86,25,0,2224.28,2374.99,577.583,939.487
86,27,3,1036.87,1633.89,124.035,360.501
86,36,0,2253.01,2512.08,1390.95,1920
87,1,0,1443.37,1544.33,5.91346,161.971
87,2,3,1897.12,2225.96,1.29808,151.731
87,3,3,2223.56,2434.9,0,103.125
87,4,3,1623.56,1973.37,0,123.714
87,12,1,2441.41,2558.16,0,390.779
87,13,0,1627.69,1735.38,2.09135,163.774
87,15,3,681.893,1162.67,784.054,1231.29
87,16,0,2089.13,2221.63,75.7933,240.072
87,17,3,1964.38,2324.73,211.207,466.615
87,18,0,2272.88,2432.95,407.18,679.211
87,24,0,1861.63,1999.9,67.9327,268.413
87,25,0,2230.89,2394,559.73,900.184
87,27,3,1090.22,1689.14,119.193,353.876
87,36,0,2212.65,2461.93,1312.78,1874.91
88,1,0,1443.37,1544.33,5.91346,161.971
88,2,3,1892.6,2227.4,0.649037,157.428
88,3,3,2223.56,2434.9,0,103.125
88,4,3,1625.29,1968.56,0,125.769
88,12,1,2494.85,2558.38,0,398.511
88,13,0,1631.78,1734.38,0.288463,162.404
88,15,3,684.399,1159.81,782.677,1224.81
88,16,0,2120.1,2261.44,76.7308,230.192
88,17,3,2015.41,2378.76,199.329,436.866
88,18,0,2303.53,2452.05,388.706,663.407
88,24,0,1892.74,2030.34,60.649,264.159
88,25,0,2249.12,2392.19,529.123,863.584
88,27,3,1149.63,1731.26,119.892,350.149
88,36,0,2176.68,2416.65,1234.46,1790.46
89,2,3,1896.15,2220.77,2.95673,161.034
89,4,3,1612.31,1972.31,1.33413,125.589
89,12,1,2494.85,2558.38,0,398.511
89,13,0,1631.78,1734.38,0.288463,162.404
89,15,3,686.859,1161.11,774.94,1216.64
89,16,0,2152.45,2293.7,65.7332,204.7
89,17,3,2071.58,2430.43,179.962,423.972
89,18,0,2328.88,2479.84,372.018,637.748
89,24,0,1921.44,2066.25,58.8462,259.904
89,25,0,2259.6,2403.65,502.731,844.518
89,27,3,1212.18,1777.02,116.305,347.068
89,36,0,2160.81,2383.07,1168.39,1707.81
90,2,3,1897.21,2256.63,4.11057,163.774
90,4,3,1610.38,1977.31,1.33413,126.887
90,15,3,688.483,1161.81,774.957,1215.69
90,16,0,2152.45,2293.7,65.7332,204.7
90,17,3,2127.58,2489.6,157.728,407.052
90,18,0,2350.79,2504.48,351.047,627.362
90,24,0,1948.61,2085.24,53.0769,256.442
90,25,0,2272.3,2414.33,486.205,817.679
90,27,3,1264.47,1825.59,112.958,343.214
90,36,0,2124.77,2349.65,1106.77,1624.76
90,37,3,1350,2136.25,1457.46,1920
91,2,3,1914.42,2248.65,4.54327,158.005
91,4,3,1608.65,1979.04,1.875,128.005
91,15,3,690,1161.94,774.215,1214.95
91,17,3,2183.62,2532.97,148.877,373.059
91,18,0,2383.43,2524.6,318.889,619.926
91,24,0,1980.87,2123.75,57.1875,252.909
91,25,0,2289.01,2423.94,461.26,786.044
91,27,3,1320.22,1865.28,111.368,340.279
91,36,0,2101.37,2323.87,1053.26,1554.46
91,37,3,1351.25,2087.5,1358.88,1917.39
92,1,0,1436.44,1545.1,2.45193,155.048
92,2,3,1900.96,2259.04,0.360575,136.01
92,4,1,1470.94,2009.12,0,140.086
92,15,3,688.834,1164.13,773.986,1212.25
92,17,1,2231.63,2560,49.2201,334.383
92,18,0,2424.57,2544.66,311.178,596.899
92,24,0,2004.81,2152.12,48.3173,243.606
92,25,0,2303.18,2442.84,442.432,763.864
92,27,3,1379.63,1910.5,108.488,341.516
92,36,0,2089.84,2297.38,1000.9,1484.91
92,37,3,1330,2036.25,1268.62,1852.26
93,1,0,1436.97,1546.11,0,162.837
93,2,3,1859.8,2384.65,2.6052,152.931
93,4,1,1445.48,2010.45,0,142.225
93,15,3,691.206,1166.96,774.103,1213.55
93,16,0,2258.56,2390.67,51.4904,230.048
93,17,1,2274.78,2560,29.4463,342.208
93,18,0,2449.33,2559.9,294.519,571.442
93,24,0,2035.38,2186.15,45.4327,237.404
93,25,0,2325.1,2462.86,423.162,732.658
93,27,3,1436.69,1946.01,110.31,337.635
93,36,0,2081.95,2286.86,942.282,1415.88
93,37,3,1327.5,2007.5,1190.75,1729.6
94,1,0,1437.88,1545.19,0,165
94,2,3,1897.5,2262.5,1.73077,152.885
94,4,1,1556.68,2028.99,0,140.046
94,15,3,692.464,1165.79,772.805,1213
94,16,0,2290.53,2414.09,56.1779,247.284
94,17,3,2358.46,2555.38,108.029,306.779
94,18,0,2484.28,2558.8,273.606,556.586
94,24,0,2065.67,2211.25,40.7452,245.697
94,25,0,2345.1,2487.44,402.147,701.645
94,27,3,1474.44,2000.44,92.8342,328.81
94,36,0,2069.27,2280.19,894.926,1363.46
94,37,3,1338.75,1977.5,1106.8,1631.53
94,40,5,17.1875,621.875,6.07853,408.236
95,1,0,1437.02,1546.06,2.88461,160.962
95,2,3,1894.13,2225.87,1.22596,155.986
95,4,1,1487.7,1996.27,6.08562,175.101
95,15,3,689.769,1164.02,772.599,1213.01
95,16,0,2316.68,2431.01,46.226,235.889
95,17,3,2430.34,2560,86.3942,303.029
95,18,0,2519.11,2557.81,248.293,536.322
95,24,0,2094.9,2246.63,38.0769,246.635
95,25,0,2363.87,2497.72,375.375,678.922
95,27,3,1535.97,2041.95,90.7755,328.573
95,36,0,2062.94,2255.42,852.515,1301.13
95,37,3,1336.25,1960,1036.94,1525.53
95,40,5,17.1875,621.875,6.07853,408.236
96,1,0,1434.28,1544.18,0.649037,159.736
96,2,3,1895.77,2221.15,1.44231,157.212
96,4,1,1566.94,2029.81,5.18371,163.959
96,15,3,691.516,1164.38,772.948,1212.07
96,16,0,2340.34,2456.59,41.1779,230.409
96,17,3,2430.34,2560,86.3942,303.029
96,18,0,2519.11,2557.81,248.293,536.322
96,24,0,2117.16,2270.53,51.3461,250.096
96,25,0,2381.55,2526.27,368.469,654.112
96,27,3,1574.65,2087.34,90.3026,326.365
96,36,0,2057.63,2258.96,812.172,1245.29
96,37,3,1343.75,1937.5,969.664,1451.69
96,40,5,8.125,830,4.42029,410.623
97,1,0,1436.11,1543.89,1.08173,158.726
97,2,3,1900.96,2255.96,2.88462,161.683
97,3,3,2237.12,2547.5,0.324519,121.262
97,4,1,1577.58,2027.21,0,144.2
97,15,3,692.139,1165.46,772.982,1211.03
97,16,0,2368.22,2481.01,30.0721,232.139
97,24,0,2148.08,2295,39.8077,242.885
97,25,0,2399.28,2542.84,337.108,625.59
97,27,3,1626.81,2126.28,87.5814,319.644
97,36,0,2076.51,2267.72,772.124,1194.07
97,37,3,1345,1922.5,908.682,1361.47
97,40,5,2.8125,916.25,9.88709,408.964
98,1,0,1435.43,1546.11,4.47116,160.529
98,2,3,1900.46,2313.6,6.41316,173.134
98,3,3,2219.04,2537.88,0,113.654
98,4,1,1593.99,2005.21,4.895,163.787
98,15,3,690.002,1168.44,773.832,1212.63
98,16,0,2392.21,2500.1,31.0817,227.091
98,24,0,2174.13,2333.56,38.9423,239.135
98,25,0,2435,2555.77,320.337,604.471
98,27,3,1664.82,2153.92,86.1826,316.13
98,36,0,2082.33,2264.7,732.178,1146.32
98,37,3,1359.27,1907.27,846.079,1296.49
98,40,5,13.125,986.875,5.85747,416.498
99,1,0,1435.58,1547.5,6.20193,160.962
99,2,3,1894.47,2318.44,6.82464,174.034
99,3,3,2149.33,2447.6,0,129.195
99,4,3,1615.58,1978.27,2.59616,124.183
99,13,0,1625.14,1737.93,0.9375,164.207
99,15,3,686.777,1166.27,774.266,1210.29
99,16,0,2421.01,2523.61,17.0192,224.712
99,24,0,2203.8,2362.36,27.476,237.332
99,25,0,2459.23,2553.08,298.99,594.664
99,27,3,1722.31,2186.76,81.2479,309.713
99,36,0,2089.26,2268.27,699.386,1103.88
99,37,3,1375.4,1904.46,792.824,1240.17
99,40,5,5.625,1045.62,12.3074,411.286
100,1,0,1439.47,1545.14,9.80769,159.519
100,2,3,1910.48,2252.6,2.45192,123.894
100,3,3,2162.88,2434.04,0.252407,128.401
100,4,3,1622.88,1970.96,0,127.716
100,13,0,1633.1,1729.98,2.23558,162.332
100,15,3,692.649,1168.52,774.549,1209.94
100,16,0,2445.1,2551.83,23.5096,213.606
100,24,0,2243.27,2393.65,47.8846,236.25
100,25,0,2492.91,2559.4,284.856,559.183
100,27,3,1754.02,2221.68,81.5753,305.402
100,36,0,2106.39,2272.64,665.367,1054.51
100,37,3,1388.62,1914.21,745.261,1162.44
100,40,5,0.9375,1137.5,5.38286,426.018
101,1,0,1441.39,1544.76,14.4231,160.24
101,2,3,1904.81,2270.58,2.30769,116.971
101,3,3,2170.38,2426.54,1.04568,113.113
101,4,3,1614.13,1973.56,0.973556,128.834
101,13,0,1631.68,1731.39,6.85096,165.505
101,15,3,692.419,1166.44,774.276,1212.65
101,16,0,2473.03,2557.74,21.9231,209.423
101,24,0,2260.77,2422.31,35.9135,237.548
101,25,0,2492.91,2559.4,284.856,559.183
101,27,3,1786.97,2263.71,75.7207,303.323
101,36,0,2117.01,2286.53,633.47,1014.3
101,37,3,1398.79,1918.09,703.516,1106.89
101,40,5,0,1236.25,2.32927,411.119
102,1,0,1441.44,1546.25,8.50961,159.952
102,2,3,1906.73,2268.65,2.05529,112.608
102,3,3,2217.6,2465.48,0.288463,106.587
102,4,3,1615.1,1975.67,0,126.887
102,13,0,1635.6,1733.63,4.83173,165.361
102,15,3,690.75,1165.46,773.915,1213.36
102,16,0,2494.42,2557.88,28.3413,201.707
102,25,0,2527.45,2558.7,274.832,555.361
102,24,0,2292.55,2455.14,35.3365,229.183
102,27,3,1825.14,2299.15,71.8247,297.986
102,36,0,2131.41,2299.33,602.974,975.569
102,37,3,1434.1,1928.05,662.192,1046.72
102,40,5,26.25,1281.25,2.95966,406.395
103,1,0,1443.12,1543.03,4.11057,157.428
103,2,3,1903.94,2265.29,0.97356,116.142
103,3,3,2223.27,2549.04,0,115.745
103,4,3,1620.77,1970,0,124.904
103,13,0,1632.79,1733.37,1.65865,164.062
103,15,3,694.078,1166.25,773.645,1212.34
103,16,0,2512.76,2558,17.8846,187.644
103,24,0,2327.84,2481.39,26.8269,226.442
103,27,3,1871.65,2326.98,72.0485,291.761
103,36,0,2149.53,2310.08,576.774,928.765
103,37,3,1459.4,1945.1,622.231,994.109
103,40,5,73.75,1362.5,19.1916,389.089
104,1,0,1439.23,1545.38,4.39904,160.601
104,2,3,1908.65,2254.42,1.875,124.76
104,3,3,2220.96,2542.12,0,107.163
104,4,3,1613.27,1971.35,0,127.392
104,13,0,1633.41,1732.74,4.61539,163.99
104,15,3,691.295,1165.78,773.555,1213.21
104,16,0,2512.76,2558,17.8846,187.644
104,24,0,2363.65,2522.5,32.8125,223.197
104,27,3,1902.65,2357.31,69.4807,291.647
104,36,0,2169.18,2322.56,549.161,900.69
104,37,3,1488.9,1967.6,586.318,952.251
104,40,5,11.875,1497.5,15.7658,382.964
105,1,0,1473.63,1547.91,4.83173,162.332
105,2,3,1905.67,2257.4,2.45193,136.226
105,3,3,2214.04,2465.96,0.576922,107.885
105,4,3,1604.42,1974.04,0.46875,125.3
105,13,0,1630.96,1735.19,3.82211,164.351
105,15,3,689.062,1164.7,773.006,1212.99
105,24,0,2400.67,2547.02,30.2164,220.312
105,27,3,1956.07,2391.02,60.6787,288.031
105,36,0,2195.68,2342.29,518.426,865.871
105,37,3,1517.21,1988.95,555.327,899.93
105,40,5,101.25,1526.25,1.63128,387.204
106,1,0,1473.63,1547.91,4.83173,162.332
106,2,3,1900.96,2259.04,1.29808,136.442
106,3,3,2220.77,2459.23,0.288463,110.625
106,4,3,1603.46,1975,0.180287,126.526
106,13,0,1633.7,1735.53,4.32692,164.856
106,15,3,692.56,1164.5,773.425,1211.9
106,24,0,2442.21,2560,31.9471,217.716
106,27,3,1980.59,2421.21,63.3144,281.663
106,36,0,2212.33,2361.5,495.609,843.616
106,37,3,1552.67,2014.82,526.296,858.508
106,40,5,108.125,1585,3.50105,390.299
107,2,3,1900.29,2219.71,0,140.264
107,3,3,2221.83,2461.25,0,97.7524
107,4,3,1625.67,1968.17,1.94712,123.534
107,13,0,1633.7,1735.53,4.32692,164.856
107,15,3,691.95,1164.12,773.408,1212.85
107,24,0,2481.15,2558.85,21.4904,216.635
107,27,3,2021.41,2455.54,52.0097,277.455
107,36,0,2241.01,2378.83,473.239,799.773
107,37,3,1585.3,2037.9,494.526,826.008
107,40,5,94.375,1697.5,4.12328,390.544
108,2,3,1892.31,2233.85,1.29807,152.163
108,3,3,2221.83,2461.25,0,97.7524
108,4,3,1625.67,1968.17,1.94712,123.534
108,15,3,689.253,1164.2,772.89,1213.84
108,24,0,2481.15,2558.85,21.4904,216.635
108,27,3,2047.2,2472.13,52.4847,275.766
108,36,0,2259.15,2404.83,452.377,775.343
108,37,3,1622.7,2062.59,464.409,796.621
108,40,5,83.125,1765,0,409.981
109,2,3,1898.94,2248.75,2.23557,153.389
109,15,3,690.192,1164.91,772.884,1212.54
109,27,3,2078.79,2525.2,54.8973,273.78
109,36,0,2291.47,2426.11,433.498,754.891
109,37,3,1654.37,2095.29,441.391,765.392
109,40,5,503.438,1771.25,2.33148,381.556
110,2,3,1894.62,2253.08,2.52404,156.274
110,15,3,691.8,1164.2,772.76,1210.06
110,27,3,2124.8,2533.37,54.0371,268.398
110,36,0,2317.39,2463.5,417.001,720.919
110,37,3,1695.23,2123.15,417.244,726.937
110,40,5,594.062,1833.75,8.39303,359.546
111,2,3,1906.73,2237.88,0,159.519
111,15,3,689.668,1166.36,773.258,1213.13
111,27,3,2149.23,2553.19,54.4167,264.657
111,36,0,2350.2,2491.09,393.928,692.878
111,37,3,1726.54,2149.6,394.287,709.241
111,40,5,671.25,1890,11.0376,361.763
112,2,3,1899.04,2227.12,0,159.014
112,15,3,690.532,1164.32,772.553,1213.61
112,27,3,2167.3,2552.3,45.5118,264.181
112,36,0,2381.24,2518.49,371.018,669.859
112,37,3,1760.95,2188.25,376.379,682.426
112,40,5,703.125,1952.5,10.659,360.7
113,2,3,1935.29,2237.02,0,160.889
113,15,3,692.418,1165.86,771.403,1212.68
113,27,1,2140.38,2557.22,28.1234,277.421
113,36,0,2405.22,2547.77,356.402,644.603
113,37,3,1795.53,2224.92,356.428,649.138
113,40,5,916.875,1982.5,12.9731,353.323
114,2,3,1987.4,2224.9,0,161.25
114,15,3,689.935,1167.91,773.331,1213.96
114,27,3,2241.77,2557.69,34.9719,268.227
114,36,0,2449.09,2560,335.769,616.154
114,37,3,1830.42,2246.55,340.535,632.924
114,40,5,1002.5,2037.5,9.88096,357.792
114,45,5,0,1401.25,0,340.551
115,2,3,1987.4,2224.9,0,161.25
115,15,3,690.509,1165.34,772.138,1214.38
115,27,1,2245.8,2555.91,12.1783,244.638
115,36,0,2483.32,2559.76,315.649,598.197
115,37,3,1866.69,2280.86,321.133,616.284
115,40,5,1040,2075,9.7785,352.797
115,45,5,0,1401.25,0,340.551
116,15,3,691.394,1168.9,773.396,1213.81
116,27,3,2315.38,2558.46,31.0817,235.745
116,36,0,2512.56,2558.21,290.697,568.341
116,37,3,1898.41,2316.26,307.654,590.736
116,40,5,1050,2150,4.51501,354.043
116,45,5,2.02139,566.993,2.73675,375.068
117,3,3,2222.12,2464.04,0,105.325
117,15,3,692.278,1166.41,773.718,1213.59
117,27,3,2338.65,2560,28.4856,229.688
117,36,0,2512.56,2558.21,290.697,568.341
117,37,3,1933.49,2350.66,294.309,570.395
117,40,5,1101.88,2192.5,4.77366,350.736
117,45,5,16.0938,596.25,16.8569,417.495
118,3,3,2219.23,2445.38,0,103.413
118,15,3,691.986,1165.31,773.181,1213.81
118,27,3,2375.26,2558.69,0.440311,250.253
118,37,3,1970.1,2382.53,278.261,556.105
118,40,5,1136.25,2317.5,10.487,344.743
118,45,5,15.625,671.875,15.4922,403.709
119,3,3,2219.23,2445.38,0,103.413
119,15,3,692.851,1167.33,772.142,1211.91
119,27,3,2397.79,2559.13,18.0288,229.76
119,37,3,2009.36,2419.48,263.09,539.716
119,40,5,1187.5,2310,7.69814,341.058
119,45,5,0.625,735,14.6516,385.725
120,15,3,691.557,1167.55,771.804,1212.65
120,27,3,2425.29,2559.33,18.3894,224.784
120,37,3,2046.83,2453.27,250.167,526.254
120,40,5,1273.75,2400,4.69437,344.878
120,45,5,0,818.125,10.4763,366.985
121,15,3,688.938,1168.31,773.081,1214.68
121,27,1,2446.92,2560,2.66827,209.207
121,37,3,2084.19,2496.17,240.341,513.878
121,40,5,1325,2456.25,7.26598,340.137
121,45,5,0,881.875,11.301,374.842
122,15,3,691.432,1167.31,772.779,1213.62
122,27,1,2446.92,2560,2.66827,209.207
122,37,3,2121.05,2536.16,226.441,494.156
122,40,5,1391.25,2486.25,7.05206,334.443
122,45,5,0,951.25,13.7658,366.208
123,15,3,694.181,1167.62,773.933,1213.7
123,37,3,2160.34,2559.41,223.888,478.642
123,40,5,1463.75,2527.5,0.845861,328.557
123,45,5,0,991.25,11.9341,382.283
124,1,0,1440.1,1550.67,4.6875,157.284
124,15,3,691.454,1167.21,773.201,1213.83
124,37,3,2207.95,2556.69,210.652,470.637
124,40,5,1537.5,2560,3.13967,326.322
124,45,5,0,1048.75,8.84761,386.593
125,1,0,1440.1,1550.67,4.6875,157.284
125,15,3,690.947,1165.31,774.189,1211.49
125,37,3,2249.61,2555.06,205.378,456.152
125,40,5,1590,2560,4.44208,325.971
125,45,5,29.0625,1166.25,8.79514,381.23
126,1,0,1438.56,1549.13,5.19231,156.635
126,15,3,691.262,1165.28,772.666,1210.29
126,37,3,2287.94,2560,189.708,442.404
126,40,5,1665,2560,0,326.861
126,45,5,24.0625,1192.5,8.63646,369.26
127,1,0,1438.61,1547.55,6.12981,157.284
127,13,0,1627.64,1741.59,0,167.019
127,15,3,688.471,1166.67,773.653,1210.64
127,37,3,2327.02,2559.41,177.537,436.098
127,40,5,1722.5,2560,0,329.015
127,45,5,12.1875,1247.5,7.59909,360.127
128,1,0,1440.19,1544.42,2.66827,158.87
128,13,0,1628.75,1731.25,0.865388,168.462
128,15,3,687.554,1163.43,774.147,1213.7
128,37,3,2374.41,2560,173.365,429.727
128,40,5,1782.5,2560,0,333.504
128,45,5,52.8125,1316.25,13.2737,371.615
129,1,0,1437.16,1538.22,5.19231,158.077
129,13,0,1627.84,1732.16,0,168.462
129,15,3,691.92,1164.55,774.144,1211.66
129,37,3,2427.69,2560,153.606,406.875
129,40,5,1860.61,2559.8,0,314.449
129,45,5,152.5,1391.25,16.3775,358.477
130,1,0,1460.17,1539.83,6.49038,161.971
130,13,0,1617.88,1717.5,1.73077,165.288
130,15,3,691.823,1164.23,774.639,1211.84
130,37,3,2477.67,2559.25,141.058,407.885
130,40,5,1899.65,2559.21,0,289.985
130,45,5,147.5,1463.75,6.8911,359.247
131,1,0,1460.17,1539.83,6.49038,161.971
131,4,3,1626.54,1970.38,2.48797,125.156
131,13,0,1612.88,1716.35,5.19231,165.865
131,15,3,687.602,1164.87,773.235,1213.32
131,37,3,2524.62,2558.46,158.51,380.913
131,40,5,1984.86,2560,0,324.915
131,45,5,89.375,1542.5,6.13711,359.268
132,4,3,1562.18,2048.18,0,144.277
132,13,0,1598.75,1708.94,2.37981,165.505
132,15,3,691.99,1164.62,773.835,1210.61
132,37,3,2524.62,2558.46,158.51,380.913
132,40,5,2027.23,2558.88,0,292.796
132,45,5,22.5,1633.75,2.11358,363.972
133,2,3,1848.27,2120.96,7.13943,161.466
133,4,3,1562.11,2051.73,0,144.838
133,13,0,1598.75,1708.94,2.37981,165.505
133,15,3,693.109,1162.75,773.666,1211.18
133,40,5,2074.04,2555.2,0,320.489
133,45,5,432.812,1647.5,19.2307,331.782
133,48,0,2338.54,2555.46,1322.27,1893.54
134,2,3,1837.02,2150.67,6.41827,161.755
134,4,1,1572.89,2051.01,0,137.319
134,15,3,688.747,1163.35,772.527,1211.44
134,40,5,2129.82,2558.48,0,287.791
134,45,5,540.312,1721.25,9.83688,343.278
134,48,0,2318.69,2547.22,1258.2,1796.3
135,2,3,1829.71,2151.83,6.05769,165.433
135,4,1,1572.89,2051.01,0,137.319
135,15,3,690.345,1166.1,773.134,1210.76
135,40,5,2193.08,2559.01,0,275.539
135,45,5,415.625,1827.5,13.4215,327.733
135,48,0,2290.85,2539.12,1200.94,1724.02
136,2,3,1821.06,2142.02,6.27404,168.101
136,15,3,691.565,1166.51,773.238,1211.93
136,40,5,2266.95,2555.75,0,270.979
136,45,5,681.25,1852.5,16.7197,322.105
136,48,0,2272.33,2512.85,1142.77,1654.23
137,2,3,1867.21,2132.79,2.52404,172.572
137,15,3,688.526,1163.82,772.998,1211.69
137,40,5,2328.95,2556.33,0,274.546
137,45,5,917.5,1907.5,6.15485,330.998
137,48,0,2250.57,2494.76,1094.39,1594
138,2,3,1877.79,2119.13,6.99519,174.88
138,3,3,2203.41,2390.43,0,104.531
138,15,3,687.969,1164.42,772.792,1212.88
138,40,5,2384.71,2554.94,0,282.056
138,45,5,966.25,1972.5,13.3354,315.31
138,48,0,2243.16,2468.42,1047.52,1528.69
139,2,3,1877.79,2119.13,6.99519,174.88
139,3,3,2200.38,2402.69,0,105.469
139,15,3,691.28,1165.42,772.495,1212.69
139,40,5,2413.13,2554.88,0,274.957
139,45,5,992.5,2092.5,11.2347,314.688
139,48,0,2239.53,2453.77,1001.88,1466.54
140,3,3,2200.38,2402.69,0,105.469
140,15,3,689.89,1163.68,772.502,1211.09
140,40,5,2474.71,2556.06,0,271.298
140,45,5,1072.5,2137.5,0.920849,322.529
140,48,0,2229.61,2432.59,961.362,1412.5
141,3,3,2183.08,2392.31,0,105.144
141,15,3,688.207,1164.55,773.374,1212.93
141,40,5,2474.71,2556.06,0,271.298
141,45,5,1157.5,2210,16.1129,309.226
141,48,0,2214.13,2430.58,921.775,1361.71
142,3,3,2183.08,2392.31,0,105.144
142,15,3,691.926,1163.98,771.933,1212.77
142,45,5,1237.5,2272.5,9.16248,312.319
142,48,0,2215.73,2418.94,873.379,1313.21
143,15,3,691.16,1164.95,771.764,1212.61
143,45,5,1320,2365,16.9866,297.635
143,48,0,2209.48,2416.19,844.167,1265.5
144,13,0,1356.83,1443.17,19.7596,217.5
144,15,3,688.731,1165.3,773.493,1212.19
144,45,5,1430,2415,19.2379,291.517
144,48,0,2208.65,2402.73,806.441,1224.08
144,1,0,1069.13,1181.63,10.1683,233.582
145,13,0,1317.21,1452.02,33.3173,215.913
145,15,3,688.667,1165.71,773.993,1212.9
145,45,5,1521.25,2533.75,7.97034,300.369
145,48,0,2205.65,2401.83,775.713,1177.5
145,1,0,1033.46,1146.54,68.2933,245.264
146,13,0,1273.8,1421.59,41.899,221.466
146,15,3,689.292,1165.86,773.036,1212.48
146,45,5,1590,2560,11.2539,297.158
146,48,0,2205.97,2390.03,740.878,1136.1
146,1,0,987.163,1109.76,24.8798,253.486
147,13,0,1233.12,1380.72,36.3462,229.904
147,15,3,688.108,1165.15,773.732,1212.64
147,45,5,1665,2560,3.77965,303.991
147,48,0,2202.94,2385.03,713.345,1100.76
147,1,0,945.288,1065.48,44.7837,261.851
148,13,0,1193.51,1334.18,40.601,235.168
148,4,3,1469.15,1977.23,0,178.167
148,15,3,688.74,1166.59,773.614,1211.99
148,45,5,1817.49,2560,0,283.263
148,48,0,2198.51,2383.74,685.644,1062.84
148,1,0,899.904,1021.63,59.1346,272.308
