2,1,3,2104.63,2507.02,309.994,638.174
2,2,0,2326.09,2556.78,1266.75,1868.95
2,3,0,926.202,1070.72,65.4087,286.226
2,4,3,233.573,822.63,149.085,386.043
2,5,3,1444.89,1789.74,6.19366,193.78
2,6,3,1933.94,2256.83,2.09134,156.418
2,7,0,1132.07,1240.24,4.25481,207.188
3,1,3,2134.48,2536.77,289.666,613.351
3,2,0,2310.82,2551.16,1195.12,1769.19
3,3,0,898.173,1035.67,77.0192,276.346
3,4,3,319.075,931.448,136.7,383.767
3,5,3,1423.02,1769.06,7.16202,200.986
3,6,3,1929.42,2258.27,1.80288,156.707
3,7,0,1113.41,1215.82,17.9567,220.601
4,1,3,2168.26,2554.01,270.172,592.831
4,2,0,2294.88,2549.06,1127.94,1689.26
4,3,0,898.173,1035.67,77.0192,276.346
4,4,3,494.314,1055.85,131.687,378.257
4,5,3,1398.03,1747.38,3.39663,206.424
4,6,3,1923.75,2251.63,0.432694,158.51
4,7,0,1087.84,1186.01,32.6683,222.764
5,1,3,2206.88,2557.67,249.455,566.415
5,2,0,2279.65,2537.83,1064.6,1608.38
5,4,3,601.557,1163.09,123.22,376.1
5,5,3,1377.28,1727.05,9.77936,210.564
5,6,3,1909.08,2266.89,0,175.564
5,7,0,1059.28,1159.18,43.5577,219.808
5,8,0,1903.14,2122.14,1257.89,1871.37
5,9,3,683.75,1060.87,0,109.327
6,1,3,2240.48,2560,235.768,549.716
6,2,0,2272.2,2515.61,1014.47,1534.23
6,4,3,721.352,1278.92,126.51,367.912
6,5,3,1357.21,1700.47,11.8249,217.17
6,6,3,1905.7,2264.64,0,176.457
6,7,0,1059.28,1159.18,43.5577,219.808
6,8,0,1887.55,2111.44,1184.84,1761.71
6,9,3,595.975,1054.12,0,161.586
6,10,0,353.706,678.57,1554.38,1920
7,1,3,2277.49,2559.6,217.686,533.479
7,2,0,2267.36,2504.88,956.027,1468.48
7,4,3,803.544,1384.18,115.166,370.294
7,5,3,1332.77,1671.62,9.93823,230.969
7,6,3,1895.21,2274.14,0,180.303
7,8,0,1901.56,2096.4,1111.28,1675.07
7,9,3,523.63,936.745,0,173.785
7,10,0,384.011,685.417,1468.36,1919.39
8,1,3,2317.54,2560,201.172,509.913
8,2,0,2262.4,2481.91,911.732,1396.92
8,3,0,723.269,864.423,98.7981,337.067
8,4,3,925.45,1470.77,115.212,365.222
8,5,3,1307.43,1651.61,10.3373,235.727
8,6,3,1889.66,2267.21,0,182.99
8,8,0,1904.38,2105.42,1050.24,1590.45
8,9,3,433.915,837.436,0,173.989
8,10,0,404.92,671.299,1396.84,1920
9,1,3,2358.22,2556.69,189.154,505.719
9,2,0,2250.18,2465.6,866.921,1328.08
9,3,0,688.558,829.904,117.476,338.582
9,4,3,1019.14,1567.67,118.023,361.572
9,5,3,1273.4,1631.64,11.0205,222.806
9,6,3,1889.85,2230.52,0,185.502
9,7,0,951.154,1059.62,47.0192,259.038
9,8,0,1898.74,2108.01,987.867,1509.28
9,9,3,341.366,791.086,0,182.846
9,10,0,432.462,668.073,1318.81,1914.58
10,1,3,2397.49,2560,185.172,477.446
10,2,0,2246.56,2458.25,819.154,1270.4
10,3,0,657.74,794.567,118.702,348.029
10,4,3,1123.24,1655.4,117.101,354.841
10,5,3,1243.98,1593.41,20.1402,217.643
10,6,3,1881.09,2224.01,0,187.975
10,7,0,925.793,1023.44,50.9135,270.721
10,8,0,1905.08,2105.06,930.735,1442.19
10,9,3,335.135,699.108,2.8564,203.151
10,10,0,435.948,661.567,1251.61,1841.01
11,1,3,2438.24,2560,156.048,466.187
11,2,0,2237.51,2455.92,780.314,1214.97
11,3,0,616.49,780.433,129.447,354.014
11,4,3,1225.02,1746.54,106.1,351.034
11,5,3,1243.98,1593.41,20.1402,217.643
11,6,3,1868.47,2224.01,0,184.455
11,7,0,896.587,1000.34,60.8654,276.923
11,8,0,1914.37,2101.06,879.323,1366.29
11,9,3,122.055,582.131,0,196.288
11,10,0,438.718,658.868,1190.55,1757.09
11,12,0,555.865,670.288,20.625,239.279
11,13,3,2176.92,2429.23,0,103.341
12,1,3,2475.41,2558.44,127.5,440.769
12,2,0,2237.04,2445.19,739.852,1160.87
12,3,0,580.288,718.942,133.558,366.923
12,4,3,1300.49,1837.62,106.002,346.889
12,5,3,1190.91,1534.09,18.1664,265.414
12,6,3,1861.22,2228.76,0,187.568
12,7,0,869.135,975.481,62.5961,288.173
12,8,0,1927.4,2086.66,829.478,1296.42
12,9,3,122.055,582.131,0,196.288
12,10,0,448.628,664.494,1140.03,1683.67
12,12,0,513.654,622.5,42.1875,242.957
12,13,3,2165.38,2443.85,0.396634,106.262
13,1,3,2518.5,2558.43,113.942,421.442
13,2,0,2240.02,2446.23,707.842,1119.01
13,3,0,550.24,675.144,143.149,382.139
13,4,3,1384.9,1909.87,97.2584,339.843
13,5,3,1171.37,1533.04,38.824,268.884
13,6,3,1850.77,2215.81,0.380659,189.577
13,7,0,836.01,945.529,98.9423,299.423
13,8,0,1923.95,2101.1,781.335,1241.15
13,9,3,5.92539,418.839,23.2863,241.209
13,10,0,450.166,673.893,1089.71,1617.79
13,12,0,466.923,580,47.3077,264.231
13,13,3,2163.08,2440,0,106.046
14,1,3,2518.5,2558.43,113.942,421.442
14,2,0,2233.57,2442.26,672.909,1072.84
14,3,0,519.278,691.56,137.712,389.545
14,4,3,1480.78,1980.86,102.873,331.115
14,5,3,1140.09,1489.69,45.288,278.287
14,6,3,1841.37,2211.25,3.89542,191.07
14,7,0,810.144,916.01,101.827,306.346
14,8,0,1927.49,2119.03,734.96,1179
14,9,3,5.96154,305.962,39.8798,227.812
14,10,0,472.091,670.931,1041.03,1566.67
14,12,0,420.048,535.337,54.8077,270.577
14,13,3,2163.85,2433.08,0,103.377
15,2,0,2240.02,2429.65,640.592,1036.01
15,3,0,486.106,625.433,152.091,394.832
15,4,3,1567.27,2051.4,101.737,328.839
15,5,3,1112.28,1458.9,57.6948,299.879
15,6,3,1835.44,2196.41,3.3336,184.749
15,7,0,769.808,880.962,108.534,312.332
15,8,0,1938.42,2113.28,694.011,1123.86
15,9,3,0,230.481,46.1538,231.346
15,10,0,468.528,682.923,1009.69,1514.2
15,12,0,380.913,488.317,56.4664,275.841
15,13,3,2163.85,2433.08,0,103.377
16,2,0,2244.49,2421.24,611.223,992.491
16,3,0,454.663,591.49,166.803,393.678
16,4,3,1640.58,2121.14,97.9838,329.17
16,5,3,1084.94,1434.88,53.7795,314.4
16,6,3,1821.83,2156.63,7.21154,155.769
16,7,0,734.375,853.317,109.832,324.303
16,8,0,1943.89,2103.03,659.164,1066.14
16,9,3,0.480771,128.269,57.1875,251.755
16,10,0,474.985,684.031,971.485,1470.73
16,12,0,380.913,488.317,56.4664,275.841
17,2,0,2245.95,2431.05,578.241,960.371
17,3,0,414.856,551.298,172.139,399.591
17,4,3,1722.67,2190.59,95.4069,322.731
17,5,3,1058.27,1407.11,64.4737,324.126
17,6,3,1816.25,2152.98,4.32693,114.375
17,7,0,695.144,812.548,119.207,332.236
17,8,0,1952.95,2114.71,620.946,1018.83
17,9,3,0.480771,128.269,57.1875,251.755
17,10,0,478.907,720.311,930.324,1427.99
18,2,0,2256.8,2420.59,556.022,927.164
18,3,0,388.846,514.231,174.663,433.99
18,4,3,1803.81,2255.16,86.6629,318.839
18,5,3,1034.3,1381.44,70.2447,336.314
18,6,3,1788.19,2177.72,0,184.999
18,7,0,652.74,773.413,125.337,344.567
18,8,0,1956.55,2131.42,587.125,973.005
18,10,0,490.689,723.299,895.796,1388.38
18,13,3,2128.75,2342.02,0,96.7428
18,14,0,1741.87,2028.08,1493.64,1916.1
19,2,0,2264.37,2429.65,524.479,891.97
19,3,0,359.808,468.654,183.462,439.038
19,4,3,1872.02,2314.68,81.8183,307.016
19,5,3,1009.07,1356.54,78.8202,347.189
19,6,3,1772.37,2135.9,0,201.49
19,7,0,608.51,729.183,129.663,361.298
19,8,0,1965.53,2129.08,555.351,929.358
19,10,0,501.701,719.579,880.137,1351.2
19,13,3,2118.85,2358.08,0,97.5721
19,14,0,1749.92,2005.59,1379.73,1917.57
20,2,0,2275.64,2429.73,499.504,862.768
20,3,0,359.808,468.654,183.462,439.038
20,4,3,1939.01,2369.13,77.3191,300.655
20,5,3,971.398,1328.94,88.2219,367.904
20,6,3,1763.46,2131.01,6.34975,205.766
20,7,0,566.154,686.923,133.99,368.51
20,8,0,1973.47,2146.09,524.687,897.237
20,10,0,518.53,724.335,855.263,1312.61
20,12,0,147.548,259.76,138.029,337.933
20,13,3,2113.65,2350.96,0,99.0144
20,14,0,1748.43,1981.75,1271.34,1881.84
21,2,0,2280.92,2432.92,482.582,830.133
21,4,3,2012.22,2426.32,72.1571,293.053
21,5,3,935.054,1299.56,99.3684,386.032
21,6,3,1742.4,2141.9,7.83774,207.742
21,7,0,519.135,639.327,141.779,387.548
21,8,0,1973.29,2140.72,484.768,860.193
21,10,0,540.2,712.86,819.664,1278.47
21,12,0,97.7404,216.49,141.49,350.048
21,13,3,2106.06,2364.71,0,93.6779
21,14,0,1763.57,1994.79,1179.67,1749.13
22,2,0,2294.56,2452.31,457.222,796.992
22,4,3,2062.19,2461.35,62.8995,289.172
22,5,3,899.661,1271.54,106.31,405.012
22,6,3,1729.58,2083.82,6.08407,216.35
22,7,0,475.865,598.75,153.245,393.389
22,8,0,2008.23,2151.26,462.23,821.514
22,10,0,540.023,722.612,802.352,1246.55
22,12,0,45.3365,160.817,170.12,362.38
22,13,3,2106.06,2364.71,0,93.6779
22,14,0,1775.87,1992.08,1093.4,1641.58
23,2,0,2304.79,2452.26,434.134,771.074
23,3,0,191.872,376.952,226.031,497.532
23,4,3,2118.03,2528.85,54.4881,288.342
23,5,3,861.272,1240.48,126.146,416.72
23,6,3,1712.19,2058.48,2.29901,220.009
23,7,0,425.865,548.75,157.5,396.346
23,8,0,2030.67,2165.27,443.008,776.877
23,10,0,552.889,737.856,778.185,1222.55
23,12,0,0,114.615,156.562,384.591
23,14,0,1776.12,2005.6,1021.91,1531
23,15,3,1083.75,1981.25,1478.65,1918.77
24,2,0,2314.51,2466.88,415.584,749.209
24,3,0,170.673,298.173,252.981,518.365
24,4,3,2168.13,2548.64,52.3946,281.838
24,5,3,818.518,1204.55,137.524,433.938
24,6,3,1687.11,2042.83,0.960274,229.788
24,7,0,390.144,507.548,171.635,431.827
24,8,0,2057.38,2180.27,412.831,746.843
24,10,0,565.499,768.707,757.172,1189.71
24,12,0,0,114.615,156.562,384.591
24,13,3,2063.85,2339.23,0.757209,116.935
24,14,0,1802.65,2015.11,948.276,1445.45
24,15,3,1138.75,1965,1352.57,1916.22
25,2,0,2333.38,2484.86,397.303,716.272
25,3,0,116.039,266.232,255.465,537.574
25,4,3,2247.32,2555.91,51.9912,269.994
25,5,3,778.1,1173.67,152.688,458.138
25,6,3,1662.87,2026.31,3.82295,233.238
25,7,0,359.327,463.75,178.702,436.875
25,8,0,2068.83,2208.89,393.27,713.175
25,10,0,580.183,782.624,735.437,1166.65
25,13,3,2052.69,2350.38,0.649045,121.082
25,14,0,1818.5,2026.07,884.754,1357.66
25,15,3,1167.5,1965,1241.95,1916.67
26,2,0,2347.16,2496.18,375.344,687.915
26,3,0,82.1853,238.171,268.971,546.774
26,4,3,2295.47,2557.85,41.046,264.703
26,5,3,730.412,1133.39,163.72,476.643
26,6,3,1645.53,2003.25,6.4921,236.974
26,7,0,359.327,463.75,178.702,436.875
26,8,0,2096.57,2223.1,365.219,681.128
26,10,0,595.682,800.459,721.801,1143.23
26,13,3,2042.79,2280.29,1.44231,126.923
26,14,0,1843.46,2040.92,821.977,1282.13
26,15,3,1225,1940,1158.74,1814.14
27,2,0,2362.07,2510.65,357.692,660.424
27,3,0,34.0178,199.175,279.261,564.834
27,4,3,2348.66,2557.66,36.0628,265.024
27,5,3,680.913,1097.75,176.423,495.323
27,6,3,1616.82,1983.11,5.95602,243.696
27,8,0,2132.46,2264.48,346.979,646.806
27,10,0,612.942,814.175,707.268,1121.86
27,13,3,2029.81,2271.73,0.685093,126.166
27,14,0,1859.64,2058.46,768.522,1199.48
27,15,3,1250.62,1935,1051.36,1703.41
28,2,0,2382.6,2526.3,334.416,633.914
28,3,0,3.65031,158.649,292.377,576.352
28,4,3,2390.53,2560,33.75,243.606
28,5,3,627.34,1054.64,198.465,515.038
28,6,3,1598.29,1955.92,4.00123,251.748
28,8,0,2162.54,2291.32,322.271,621.476
28,10,0,625.361,816.993,692.513,1105.49
28,13,3,2015.58,2276.73,1.15384,126.635
28,14,0,1889.24,2073.71,716.191,1140.72
28,15,3,1300.47,1931.14,968.571,1592.84
29,2,0,2398.4,2543.12,318.676,613.675
29,3,0,0,109.375,303.678,594.014
29,4,3,2433.37,2560,22.9327,232.212
29,5,3,577.864,1007.96,209.574,539.442
29,6,3,1569.3,1936.31,5.27932,254.938
29,8,0,2185.13,2330.6,309.244,590.527
29,10,0,628.571,826.395,685.746,1092.47
29,13,3,1999.9,2277.02,0.829325,131.719
29,14,0,1912.16,2099.49,669.15,1075.83
29,15,3,1310,1940,914.576,1463.42
29,19,0,2252.35,2549.3,1457.09,1920
30,2,0,2431.01,2550.53,299.062,592.861
30,3,0,0,109.375,303.678,594.014
30,4,3,2480.7,2559.3,18.1731,231.635
30,5,3,517.546,963.794,228.504,560.31
30,6,3,1543.07,1917.86,11.679,261.14
30,7,0,115.769,240.769,241.298,516.202
30,8,0,2228.59,2373.48,291.924,567.565
30,10,0,635.984,824.461,668.919,1076.49
30,13,3,1981.63,2279.9,0,131.647
30,14,0,1936.4,2116.12,628.704,1032.22
30,15,3,1348.78,1936.05,846.675,1383.32
30,19,0,2223.91,2492.77,1375.7,1915.11
31,1,3,2523.75,2559.33,24.5192,220.096
31,2,0,2444.57,2558.51,282.548,567.836
31,4,3,2480.7,2559.3,18.1731,231.635
31,5,3,465.83,916.705,243.609,583.201
31,6,3,1517.33,1891.94,17.9461,267.316
31,7,0,68.6539,195.385,255.361,535.601
31,8,0,2267.25,2407.45,269.953,547.552
31,10,0,643.223,829.004,658.93,1062.39
31,13,3,1969.33,2246.06,0,136.587
31,14,0,1966.38,2139.8,584.538,972.638
31,15,3,1375.43,1940,775.91,1304.17
31,19,0,2197.42,2473.07,1280.53,1859.72
32,1,3,2523.75,2559.33,24.5192,220.096
32,2,0,2471.71,2559.06,255.288,545.481
32,5,3,400.993,863.547,264.182,605.853
32,6,3,1497.19,1864.73,17.0548,272.354
32,7,0,10.8783,161.917,270.512,549.538
32,8,0,2303.39,2448.93,242.559,531.358
32,10,0,642.446,830.831,651.016,1047.3
32,13,3,1952.12,2254.04,0,142.067
32,14,0,1996.24,2159.15,547.204,918.414
32,15,3,1397.6,1963.13,710.909,1236.66
32,19,0,2176.87,2434.24,1186.92,1751.12
33,2,0,2494.54,2560,247.428,526.803
33,5,3,380.961,807.737,279.917,637.461
33,6,3,1467.96,1842.47,22.8784,282.142
33,7,0,1.00961,105.529,283.413,571.586
33,8,0,2344.15,2500.67,227.322,502.694
33,10,0,640.812,828.967,644.964,1035.23
33,13,3,1931.25,2241.06,0,142.32
33,14,0,2024.84,2184.6,514.135,856.047
33,15,3,1432.45,1971.03,657.344,1152.51
33,19,0,2162.63,2406.85,1114.47,1659.98
34,2,0,2519.46,2560,204.087,495.721
34,5,3,261.761,747.609,298.858,668.202
34,6,3,1442.88,1822.92,29.0207,284.382
34,7,0,2.1274,45.6611,300.577,609.808
34,8,0,2378.59,2527.91,207.829,486.924
34,10,0,640.028,828.091,638.161,1026.69
34,13,3,1910.19,2209.81,0,156.202
34,14,0,2047.55,2210.31,482.616,830.719
34,15,3,1456.24,1989.98,607.658,1084.55
34,19,0,2142.54,2376.31,1046.99,1571.6
35,2,0,2519.46,2560,204.087,495.721
35,5,3,183.537,687.661,319.637,696.634
35,6,3,1418.75,1800,28.8853,290.462
35,7,0,2.1274,45.6611,300.577,609.808
35,8,0,2441.49,2558.51,188.365,449.135
35,10,0,632.843,830.667,634.056,1027.83
35,13,3,1890.87,2186.06,0,159.591
35,14,0,2080.56,2237.54,447.216,794.64
35,15,3,1481.64,1998.58,558.224,1026.93
35,19,0,2136.07,2362.62,983.795,1484.5
36,5,3,102.806,619.957,342.851,729.731
36,6,3,1395.16,1775.76,29.4517,298.575
36,8,0,2484.66,2558.41,162.404,447.404
36,10,0,636.745,825.728,628.702,1025.86
36,13,3,1869.23,2136.92,2.74038,160.096
36,14,0,2114.93,2261.93,428.12,759.229
36,15,3,1508.12,2008.54,512.704,944.597
36,19,0,2128.41,2347.65,929.813,1398.69
37,5,3,14.9614,556.964,366.56,765.819
37,6,3,1367.74,1748.07,33.447,308.088
37,8,0,2484.66,2558.41,162.404,447.404
37,10,0,640.715,825.547,630.104,1025.42
37,13,3,1848.85,2157.31,3.67788,163.63
37,14,0,2142.53,2291.45,398.262,721.78
37,15,3,1548.92,2020.6,490.724,887.65
37,19,0,2123.18,2327.71,870.044,1335.84
38,5,3,0,483.46,402.491,794.888
38,6,3,1333.8,1727.59,44.1721,315.414
38,10,0,644.652,829.213,631.429,1029.95
38,13,3,1819.62,2140.38,3.31731,168.029
38,14,0,2178.09,2320.15,367.223,685.221
38,15,3,1573.49,2034.72,456.583,843.464
38,19,0,2119.29,2320.85,823.273,1269.16
38,25,3,1975.96,2224.04,1.20793,53.9243
39,5,3,0,409.425,417.162,834.867
39,6,3,1303.8,1700.15,50.5847,320.218
39,10,0,643.443,825.099,630.469,1027.29
39,13,3,1802.21,2111.63,3.82212,182.957
39,14,0,2213.35,2354.24,345.062,647.499
39,15,3,1606.5,2060.04,414.441,800.566
39,19,0,2114,2323.31,771.387,1214.12
39,25,3,1975.96,2224.04,1.20793,53.9243
40,5,3,0,326.661,452.163,865.243
40,6,3,1271.08,1672.54,57.3203,330.69
40,10,0,644.532,828.193,630.295,1027.16
40,13,3,1773.51,2113.27,0.480187,188.847
40,14,0,2252.96,2388.28,318.498,619.756
40,15,3,1638.15,2076.76,387.658,753.145
40,19,0,2123.22,2315.93,727.043,1153.24
41,5,3,0,246.509,479.409,920.42
41,6,3,1237.51,1639.12,62.4742,333.518
41,10,0,638.388,831.665,631.723,1026.51
41,13,3,1732.81,2077.16,3.59584,192.284
41,14,0,2285.52,2429.36,292.782,587.097
41,15,3,1666.22,2092.37,348.881,701.14
41,19,0,2119.78,2317.32,684.061,1097.04
41,28,0,1744.75,2017.99,1299.93,1915.05
42,5,3,0,166.768,516.105,933.136
42,6,3,1205.6,1608.29,67.5147,346.923
42,10,0,634.575,831.628,632.182,1026.54
42,13,3,1715.36,2047,2.33334,200.561
42,14,0,2338.17,2449.52,266.394,562.644
42,15,3,1701.17,2111.2,323.283,671.097
42,19,0,2129.03,2321.09,648.234,1043.36
42,28,0,1752.44,2002.54,1217.22,1789.88
43,5,3,0,86.5491,556.559,1024.18
43,6,3,1167.99,1572.94,70.2097,351.913
43,10,0,636.578,833.727,633.209,1026.03
43,13,3,1673.41,2020.71,2.07976,197.663
43,14,0,2379.47,2494.38,248.51,531.49
43,15,3,1734.63,2139.54,288.497,631.84
43,19,0,2137.4,2321.11,609.112,995.699
43,28,0,1756.36,1999.27,1141.34,1692.21
43,29,3,2137.88,2431.35,0,109.435
43,30,3,1584.42,1923.27,0,98.1851
44,5,3,0,86.5491,556.559,1024.18
44,6,3,1123.15,1542.44,79.2263,357.716
44,10,0,635.424,832.838,635.304,1027.55
44,13,3,1662.29,1989.35,4.95914,203.041
44,14,0,2417.02,2533.75,228.678,502.284
44,15,3,1766.15,2158.93,262.645,607.669
44,19,0,2154.13,2330.71,579.896,958.751
44,28,0,1759.75,1993.53,1072.74,1600.69
44,29,3,2126.25,2359.9,0.144231,102.837
44,30,3,1532.31,1873.85,1.26202,102.007
44,31,0,2358.51,2557.4,1491.04,1916.25
45,6,3,1086.72,1500.92,86.8969,381.939
45,10,0,636.532,832.29,637.55,1025.58
45,13,3,1652.4,1970.64,10.1703,209.83
45,14,0,2458.53,2556.85,212.596,477.404
45,15,3,1804.07,2190.29,231.237,567.611
45,19,0,2166.52,2330.79,545.348,909.49
45,28,0,1767.51,1995.12,1005.33,1514.3
45,29,3,2102.98,2380.1,1.1899,110.228
45,30,3,1455,1840.38,0.46875,111.166
45,31,0,2326.83,2558.39,1411.56,1913.37
46,2,0,2511.78,2558.99,195.144,452.163
46,6,3,1042.02,1463.77,96.4272,393.203
46,10,0,634.826,832.988,636.247,1031.18
46,13,3,1620,1945.7,11.5371,218.442
46,14,0,2458.53,2556.85,212.596,477.404
46,15,3,1842.98,2228.16,215.332,544.958
46,19,0,2176.75,2340.86,513.932,875.99
46,28,0,1773.09,1998.02,943.569,1436.64
46,29,3,2088.08,2308.85,0,115.709
46,30,3,1387.6,1738.56,1.08173,110.841
46,31,0,2304.3,2540.03,1343.46,1916.12
47,2,0,2511.78,2558.99,195.144,452.163
47,6,3,998.617,1427.11,110.397,402.002
47,10,0,632.147,830.891,637.756,1031.54
47,13,3,1585.78,1923.22,12.2498,218.676
47,15,3,1881.73,2260.48,195.922,498.921
47,19,0,2194.61,2358.52,492.437,829.645
47,28,0,1786.81,2005.09,884.8,1352.2
47,29,3,2069.23,2315.38,0.793269,117.764
47,30,3,1313.56,1694.13,0,115.998
47,31,0,2273.94,2514.29,1267.82,1848.65
48,6,3,948.446,1382.18,117.607,421.013
48,10,0,639.028,829.168,636.8,1028.57
48,13,3,1562.06,1899.18,14.9262,220.046
48,15,3,1924.82,2295.15,162.703,469.424
48,19,0,2215.65,2378.21,459.897,799.459
48,28,0,1805.92,2011.27,831.899,1276.8
48,29,3,2042.69,2326.54,0.396631,120.613
48,30,3,1253.08,1623.85,1.04568,124.002
48,31,0,2249.5,2487.25,1196.82,1768.09
49,6,3,908.68,1336.76,131.534,431.333
49,10,0,636.162,832.494,635.754,1025.73
49,13,3,1537.12,1868.69,19.0431,226.555
49,15,3,1973.38,2334.96,134.652,434.523
49,19,0,2242.12,2395.87,439.234,758.593
49,28,0,1814.78,2019.7,777.196,1211.53
49,29,3,2018.27,2338.65,0,124.615
49,30,3,1180.38,1555,1.55048,125.95
49,31,0,2229.71,2454.94,1143.3,1685.09
50,6,3,855.098,1294.03,137.089,447.311
50,10,0,635.997,833.459,635.995,1024.5
50,13,3,1513.57,1843.84,24.5461,231.401
50,15,3,2012.78,2402.41,119.607,415.876
50,19,0,2264.54,2411.44,413.605,729.282
50,28,0,1826.96,2027.34,730.588,1151.51
50,29,3,1993.85,2289.23,2.84856,129.7
50,30,3,1105,1508.85,2.12741,134.387
50,31,0,2213.01,2431.66,1090.7,1607.68
51,6,3,808.613,1246.26,153.208,463.886
51,10,0,633.882,834.821,635.51,1024.77
51,13,3,1480.82,1819.42,25.4022,236.285
51,15,3,2061.11,2455.04,99.2197,390.505
51,19,0,2292.31,2442.25,384.005,697.57
51,28,0,1843.59,2037.15,685.915,1103.97
51,29,3,1984.33,2301.83,1.65865,127.788
51,30,3,1044.08,1453.31,0.556183,155.275
51,31,0,2197.69,2412.11,1036.82,1545.79
52,6,3,749.86,1199.15,160.65,481.072
52,10,0,637.537,834.229,635.886,1026
52,13,3,1457.65,1789.53,31.8538,242.994
52,15,3,2112.51,2522.03,81.4698,372.79
52,19,0,2315.59,2466.23,359.864,665.157
52,28,0,1856.99,2053.61,648.111,1034.13
52,29,1,1999.76,2560,0,203.435
52,30,3,979.533,1364.43,0,165.103
52,31,0,2187.22,2391.97,992.139,1484.24
53,6,3,700.434,1148.54,176.91,496.395
53,10,0,642.97,835.305,639.333,1026.32
53,13,3,1420.33,1766.28,32.6839,251.914
53,15,3,2166.72,2546.58,40.9027,350.255
53,19,0,2341.74,2492.34,340.455,634.16
53,28,0,1884.17,2066.41,607.084,987.91
53,29,1,2071.28,2560,7.86419,175.892
53,30,3,905.641,1301.99,0,171.167
53,31,0,2175.3,2384.52,936.913,1419.97
54,6,3,642.146,1100.76,194.117,514.422
54,10,0,639.276,835.034,638.044,1025.81
54,13,3,1391.23,1737.18,35.9452,264.298
54,15,3,2232.55,2560,25.4607,311.383
54,19,0,2376.36,2523.04,320.183,606.175
54,28,0,1903.73,2076.3,576.307,940.337
54,29,1,2071.28,2560,7.86419,175.892
54,30,3,837.501,1237.54,0.0849366,175.576
54,31,0,2170.3,2376.45,899.757,1358.34
55,6,3,585.006,1051.64,196.848,535.28
55,10,0,642.069,834.451,637.833,1025.13
55,13,3,1364.55,1708.9,38.3571,267.912
55,15,1,2288.66,2560,0,273.457
55,19,0,2406.17,2555.82,298.661,578.438
55,28,0,1922.55,2092.66,539.246,891.99
55,30,3,772.562,1169.58,0,178.765
55,31,0,2159.14,2360.54,864.888,1299.38
55,32,3,1878.75,2280.06,0,177.633
56,6,3,532.269,994.174,213.413,551.268
56,10,0,635.21,830.05,636.272,1025.7
56,13,3,1329.91,1678.32,44.9809,272.36
56,15,3,2365.47,2560,15.7581,291.601
56,19,0,2452.74,2556.49,282.548,556.875
56,28,0,1943.59,2110.2,508.444,853.354
56,30,3,699.885,1107.02,0.879951,181.588
56,31,0,2158.07,2347.33,817.75,1257.42
56,32,3,1853.32,2304.39,0,181.689
57,6,3,481.288,947.128,230.768,570.111
57,10,0,638.719,827.703,636.564,1027.21
57,13,3,1297.17,1646.6,48.5513,280.302
57,15,1,2427.18,2557.54,0,285.776
57,19,0,2495.05,2560,252.764,528.966
57,28,0,1963.66,2129.18,476.778,815.368
57,30,3,632.896,1045.58,2.20447,181.419
57,31,0,2160.07,2340.89,785.631,1199.47
57,32,3,1837.9,2234.49,0.948522,193.688
58,6,3,422.99,894.494,242.42,591.766
58,10,0,639.639,827.61,636.018,1026.97
58,13,3,1262.91,1613.19,58.2927,286.284
58,15,3,2496.61,2558.77,0,251.178
58,19,0,2495.05,2560,252.764,528.966
58,28,0,1996.77,2153.26,448.712,777.807
58,30,3,564.868,979.726,1.12274,194.853
58,31,0,2157.69,2327.88,745.13,1155.5
58,32,3,1806.11,2193.18,2.60538,201.22
59,6,3,376.065,850.166,256.385,613.929
59,10,0,638.119,829.892,633.708,1025.42
59,13,3,1226.08,1580.4,66.2707,293.817
59,15,3,2496.61,2558.77,0,251.178
59,28,0,2025.4,2180.97,420.405,742.505
59,30,3,491.751,911.423,2.33788,200.759
59,31,0,2158.84,2328.5,714.462,1107.76
59,32,3,1780.09,2182.77,5.68809,203.746
60,6,3,396.941,796.54,275.187,629.343
60,10,0,632,828.667,637.293,1025.89
60,13,3,1188.04,1546.63,69.1761,305.96
60,28,0,2050.34,2205.72,398.85,703.51
60,30,3,409.663,848.644,3.9783,204.371
60,31,0,2162.35,2323.29,679.54,1075.1
60,32,3,1751.22,2143.19,5.95101,207.324
61,6,3,261.697,747.546,284.895,660.88
61,10,0,645.144,834.128,635.332,1026.07
61,13,3,1149.58,1511.87,75.593,312.956
61,28,0,2078.03,2224.88,378.774,672.228
61,30,3,365.048,776.126,3.35567,217.69
61,31,0,2162.07,2326.86,650.732,1033.31
61,32,3,1719.67,2116.11,8.55083,214.649
62,6,3,207.165,695.958,312.706,680.52
62,10,0,640.931,830.007,635.794,1026.15
62,13,3,1116.38,1471.4,82.2966,320.676
62,28,0,2108.92,2260.62,352.379,642.592
62,30,3,324.327,697.022,9.74523,225.418
62,31,0,2167.41,2327.29,621.452,996.351
62,32,3,1696.09,2086.96,10.4058,217.311
63,6,3,149.387,651.975,311.754,707.036
63,10,0,638.62,836.855,633.225,1026.43
63,13,3,1076.85,1439.49,94.0154,331.697
63,28,0,2142.33,2290.63,324.396,608.717
63,30,3,198.611,626.639,8.1162,231.016
63,31,0,2176.15,2335.37,594.913,956.916
63,32,3,1658.42,2061.1,7.32909,224.323
64,6,3,95.0314,601.5,339.578,726.836
64,10,0,640.722,834.188,635.764,1026.45
64,13,3,1030,1403.15,100.552,347.815
64,28,0,2172.66,2323.7,302.242,576.34
64,30,3,85.6924,551.931,12.5488,243.932
64,31,0,2186.09,2329.3,571.304,919.237
64,32,3,1635.56,2040.96,5.45395,231.478
65,6,3,47.1124,548.475,357.942,754.965
65,10,0,637.169,836.18,635.42,1027.21
65,13,3,989.815,1363.69,106.866,353.015
65,28,0,2207.35,2359.32,282.45,548.569
65,30,3,18.0824,469.604,22.5487,250.512
65,31,0,2197.18,2347.99,539.903,897.808
65,32,3,1605.67,2018.61,2.88396,232.775
66,6,3,0,498.681,374.131,777.111
66,10,0,635.709,834.38,634.597,1027.9
66,13,3,948.308,1324.38,116.253,366.064
66,28,0,2249.18,2372.36,256.731,523.846
66,30,3,6.88675,358.715,23.9432,257.655
66,31,0,2209.21,2354.81,518.607,871.857
66,32,3,1568.96,1987.08,1.39861,244.264
67,6,3,0,440.217,386.33,814.862
67,10,0,637.487,832.279,637.093,1027.93
67,13,3,905.941,1283.95,125.097,382.288
67,28,0,2289.04,2406.35,239.567,512.74
67,30,3,9.40271,320.573,41.0279,264.609
67,31,0,2222.81,2365.02,497.151,840.905
67,32,3,1543.4,1959.58,2.48314,249.822
68,6,3,0,387.521,406.704,849.27
68,10,0,636.908,833.193,637.086,1027.85
68,13,3,862.133,1243.43,135.192,394.037
68,28,0,2321.88,2435.05,220.096,479.712
68,30,3,1.63461,233.558,59.8558,251.106
68,31,0,2238.87,2381,478.884,795.836
68,32,3,1510.72,1930.65,3.4165,261.835
69,6,3,0,317.279,438.943,861.355
69,10,0,635.348,834.358,639.818,1028.25
69,13,3,816.528,1204.16,144.706,408.978
69,28,0,2351.63,2466.83,199.111,454.543
69,30,3,0.817308,150.144,51.3462,224.712
69,31,0,2259.05,2391.34,461.846,775.334
69,32,3,1473.48,1902.6,4.2169,270.562
70,6,3,0,257.153,460.492,902.258
70,10,0,634.398,835.189,638.936,1027.42
70,13,3,772.62,1158.93,152.017,423.59
70,28,0,2388.94,2506.44,175.889,439.111
70,30,3,0.240386,74.7596,61.4423,266.538
70,31,0,2279.01,2411.62,442.408,749.533
70,32,3,1445.95,1870.49,3.65676,279.137
71,6,3,0,191.837,476.344,957.871
71,10,0,632.188,832.686,637.893,1026.87
71,13,3,725.486,1121.73,169.932,438.023
71,28,0,2426.44,2536.63,153.678,420.938
71,29,3,2164.13,2429.71,0,104.603
71,30,3,0.240386,74.7596,61.4423,266.538
71,31,0,2300.78,2433,419.098,721.978
71,32,3,1409.21,1834.32,14.7522,287.755
71,34,3,1578.75,2276.25,1423.84,1920
72,6,3,0,128.449,503.737,1012.45
72,10,0,631.808,832.919,639.158,1025.86
72,13,3,679.736,1073.86,177.116,453.034
72,28,0,2457.28,2555.02,149.423,392.596
72,29,3,2116.25,2345.29,0,103.846
72,31,0,2321.19,2456.68,399.219,697.768
72,32,3,1378.2,1802.56,10.827,295.017
72,34,3,1591.25,2257.5,1341.96,1916.58
73,5,3,0,69.9963,547.074,1033.68
73,6,3,0,128.449,503.737,1012.45
73,10,0,632.998,831.669,640.798,1025.1
73,13,3,629.912,1032.94,191.506,464.509
73,28,0,2501.9,2559.64,128.221,369.663
73,29,3,2058.85,2408.85,0,120.469
73,31,0,2347.32,2480.51,384.559,674.064
73,32,3,1346.24,1772.29,11.294,302.863
73,34,3,1602.16,2234.67,1254.45,1870.77
74,5,3,0,69.9963,547.074,1033.68
74,10,0,632.983,830.975,642.547,1026.03
74,13,3,588.028,991.796,205.526,481.95
74,28,0,2533.81,2558.5,109.038,371.538
74,29,3,2019.71,2291.06,2.16346,127.716
74,31,0,2370.31,2511.58,363.356,645.672
74,32,3,1313.46,1736.86,19.022,309.03
74,34,3,1602.5,2223.75,1185.07,1742.63
75,10,0,632.639,830.729,642.716,1026.01
75,13,3,537.097,944.081,215.061,501.48
75,28,0,2533.81,2558.5,109.038,371.538
75,29,3,1973.85,2296.92,0.576925,134.351
75,31,0,2397.79,2541.17,339.831,622.836
75,32,3,1272.52,1706.17,21.2607,318.436
75,34,3,1627.66,2191.54,1116.19,1671.03
76,10,0,633.297,830.013,642.392,1026.37
76,13,3,489.681,903.478,229.605,518.906
76,29,3,1926.54,2251.92,0,144.447
76,31,0,2437.93,2552.84,321.851,611.611
76,32,3,1238.06,1672.72,33.9934,329.18
76,34,3,1630.46,2191.59,1064.01,1606.13
77,10,0,633.905,827.512,641.764,1026.89
77,13,3,451.953,859.135,241.706,535.491
77,29,3,1869.9,2194.71,0,157.861
77,31,0,2460.34,2555.05,300.938,593.293
77,32,3,1196.69,1637.28,46.3855,336.322
77,34,3,1637.77,2184.3,1005.06,1516.95
78,10,0,632.173,829.033,641.814,1026.92
78,13,3,414.219,813.965,256.726,550.152
78,29,3,1813.37,2152.79,8.22116,165.144
78,31,0,2495.38,2560,284.495,565.889
78,32,3,1161.12,1605.95,34.3691,349.477
78,34,3,1652.84,2180.74,944.339,1439.87
78,35,3,2350.19,2557.5,0,69.5733
79,10,0,631.05,826.641,643.372,1026.62
79,13,3,390.604,768.799,269.229,568.515
79,29,3,1760.97,2123.43,0.0357342,186.253
79,31,0,2529.75,2559.48,253.486,543.822
79,32,3,1120.07,1573.95,45.81,360.533
79,34,3,1666.34,2182.65,893.365,1379.9
79,35,3,2296.92,2515.38,0,83.4736
80,10,0,632.044,826.979,644.902,1026.85
80,13,3,380.7,723.624,289.683,583.79
80,29,3,1703.06,2050.11,5.12604,199.757
80,31,0,2529.75,2559.48,253.486,543.822
80,32,3,1085.9,1535.3,51.6878,369.849
80,34,3,1680.52,2185.11,844.605,1307.51
80,35,3,2246.44,2559.71,0,89.6034
81,10,0,629.64,829.21,645.145,1026.99
81,13,3,255.797,682.312,301.765,607.141
81,29,3,1643.4,2006.31,13.3719,199.726
81,32,3,1055.91,1508.5,40.9839,382.238
81,34,3,1696.53,2186.19,789.641,1256.06
81,35,3,2194.71,2516.06,0.829328,102.873
82,10,0,632.213,829.097,644.205,1027.34
82,13,3,210.454,636.604,312.137,628.864
82,29,3,1591.49,1944.18,15.9133,211.02
82,32,3,1014.37,1468.89,69.7148,393.795
82,34,3,1709.69,2186.03,752.181,1196.48
82,35,3,2149.81,2450.19,0,105.469
83,10,0,631.353,828.333,642.951,1027.4
83,13,3,159.2,596.043,330.862,656.29
83,29,3,1541.88,1894.05,21.3941,222.154
83,32,3,971.682,1432.01,73.7878,406.974
83,34,3,1719.45,2188.63,711.823,1145.3
83,35,3,2106.35,2376.73,0,102.548
84,10,0,629.866,829.169,643.24,1028.32
84,13,3,112.937,547.387,341.336,679.109
84,29,3,1484.53,1842.77,22.6938,230.485
84,32,3,933.876,1393.36,82.8854,421.732
84,34,3,1741.1,2190.68,677.93,1080.42
84,35,3,2059.23,2402.31,0.576925,115.312
85,10,0,629.39,830.845,644.506,1028.69
85,13,3,62.6019,494.672,366.536,703.321
85,29,3,1426.69,1788.45,34.8694,239.314
85,32,3,893.432,1356.86,90.9459,430.869
85,34,3,1762.64,2200.28,645.864,1029.64
85,35,3,2013.94,2290.67,2.59616,128.654
86,10,0,629.902,832.195,643.342,1028.09
86,13,3,11.776,450.007,389.377,719.003
86,29,3,1374.87,1742.86,45.2878,256.454
86,32,3,852.319,1324.37,97.0081,443.636
86,34,3,1776.28,2208.83,614.722,991.627
86,35,3,1979.04,2288.65,1.04568,132.656
87,10,0,630.548,830.704,642.251,1027.59
87,13,3,0,426.418,397.524,751.939
87,29,3,1320.58,1687.23,54.2743,261.457
87,32,3,812.045,1283.89,105.73,457.816
87,34,3,1802.36,2213.43,577.27,965.664
87,35,3,1915.77,2259.62,0,143.005
88,10,0,631.964,831.121,642.925,1025.68
88,13,3,5.28973,333.102,425.126,776.453
88,29,3,1266.95,1637.2,64.7594,276.158
88,32,3,772.782,1248.51,112.456,470.699
88,34,3,1815.63,2227.96,549.632,910.861
88,35,3,1873.85,2209.23,0.865381,158.942
89,10,0,632.76,831.528,641.509,1026.97
89,13,3,0.0265789,310.09,448.448,806.343
89,29,3,1209.23,1580.2,71.9069,286.451
89,32,3,727.367,1224.4,127.402,488.367
89,34,3,1833.71,2240.39,522.062,865.321
89,35,3,1811.06,2172.91,0,175.969
90,10,0,633.199,829.603,642.513,1026.79
90,13,3,0,266.116,473.243,831.411
90,29,3,1154.57,1533.5,80.0569,298.139
90,32,3,681.755,1183.67,131.02,502.353
90,34,3,1855.08,2254.43,495.751,826.99
90,35,3,1768.5,2130.53,0,188.55
91,10,0,632.365,825.406,646.316,1027.24
91,13,3,0,217.767,494.125,866.765
91,29,3,1116.77,1476.24,90.099,311.751
91,32,3,645.139,1139.33,137.947,518.272
91,34,3,1882.04,2278.53,470.046,805.026
91,35,3,1723.31,2085.15,4.36528,192.824
92,10,0,633.471,829.779,645.911,1027.23
92,13,3,0.902376,168.292,517.924,904.605
92,29,3,1067.61,1427.25,97.5387,327.458
92,32,3,596.941,1101.07,151.033,532.008
92,34,3,1907.06,2288.59,445.822,771.489
92,35,3,1672.7,2036.31,1.63713,204.293
93,10,0,635.589,830.192,645.723,1027.22
93,13,3,0,119.697,550.212,981.323
93,29,3,1016.03,1379.65,107.613,341.81
93,32,3,556.176,1058.33,155.99,546.858
93,34,3,1930.39,2312.2,423.666,740.008
93,35,3,1631.05,1989.55,12.4052,206.372
94,10,0,637.289,831.653,644.453,1027.89
94,13,3,0,81.7038,560.43,1006.86
94,29,3,965.117,1328.82,116.535,352.281
94,32,3,513.244,1023.68,169.985,561.234
94,34,3,1964.31,2325.72,398.324,714.279
94,35,3,1570.76,1950.24,14.702,219.571
95,10,0,636.741,832.201,644.313,1028.13
95,13,3,0,81.7038,560.43,1006.86
95,29,3,916.47,1278.4,130.988,366.131
95,32,3,470.992,981.432,185.952,577.489
95,34,3,1990.75,2354.81,374.821,687.935
95,35,3,1526.3,1902.2,17.5466,229.333
96,10,0,638.442,831.719,646.044,1027.99
96,29,3,860.429,1226.18,138.467,380.622
96,32,3,421.4,940.512,192.492,599.128
96,34,3,2020.56,2381.52,351.038,655.93
96,35,3,1474.7,1852.06,23.8234,237.609
97,10,0,636.743,834.687,645.551,1026.94
97,29,3,828.606,1178.12,151.887,397.945
97,32,3,396.359,902.642,207.86,612.319
97,34,3,2052.55,2405.32,331.863,627.266
97,35,3,1425.87,1805.18,30.7684,248.186
98,10,0,635.916,834.586,644.637,1025.97
98,29,3,780.537,1128.35,163.088,416.416
98,32,3,370.891,856.532,220.617,626.857
98,34,3,2088.58,2434.28,310.358,606.519
98,35,3,1372.78,1756.27,37.9345,262.994
99,10,0,634.756,833.815,645.249,1025.56
99,29,3,727.14,1079.57,178.405,427.106
99,32,3,398.093,811.035,225.674,645.815
99,34,3,2122.23,2470.13,290.065,581.243
99,35,3,1317.34,1709.12,48.0021,273.392
100,10,0,636.28,833.068,646.76,1025.87
100,29,3,674.406,1025.89,190.46,446.196
100,32,3,257.318,778.945,235.662,669.457
100,34,3,2157.8,2506.47,272.998,557.362
100,35,3,1263.71,1657.07,58.8477,285.313
101,10,0,637.813,834.121,646.288,1028.37
101,29,3,547.505,979.865,203.571,459.408
101,32,3,203.866,736.561,253.351,688.207
101,34,3,2188.77,2530.02,254.288,530.712
101,35,3,1208.36,1605.87,71.1211,298.501
102,10,0,638.565,833.596,647.004,1028.76
102,29,3,559.254,920.306,213.034,483.03
102,32,3,159.929,703.129,269.243,714.737
102,34,3,2230.45,2557.27,242.801,513.085
102,35,3,1147.78,1551.94,78.7183,310.667
103,10,0,639.628,830.653,642.97,1027.49
103,29,3,480.731,877.656,225.893,495.938
103,32,3,103.494,662.707,281.658,727.37
103,34,3,2268.79,2557.31,217.511,487.557
103,35,3,1093.91,1500.94,86.7014,325.51
103,36,1,1651.25,2555,1263.22,1910.75
104,10,0,638.162,829.748,640.553,1026.5
104,29,3,431.953,823.345,239.855,517.157
104,32,3,61.0685,617.151,296.522,751.135
104,34,3,2307.66,2560,204.017,471.047
104,35,3,1035.3,1449.4,99.0726,336.29
104,36,1,1650,2542.5,1141.17,1918.72
105,10,0,637.888,828.493,641.011,1027.1
105,29,3,343.223,774.107,255.08,530.123
105,32,3,9.50201,568.443,317.278,767.913
105,34,3,2353.91,2559.34,187.288,443.4
105,35,3,980.235,1394.74,106.011,352.415
105,36,1,1635,2522.5,1013.62,1920
106,10,0,634.449,830.111,640.027,1027.13
106,29,3,326.577,706.622,265.392,549.929
106,32,3,2.25941,530.292,329.558,789.755
106,34,3,2392.36,2560,163.137,446.973
106,35,3,922.166,1345.93,124.708,367.544
106,36,1,1630,2458.75,947.419,1920
107,10,0,635.595,830.72,641.44,1028.88
107,29,3,248.425,669.508,285.497,570.312
107,32,3,0.312195,499.146,337.972,810.349
107,34,3,2436.97,2559.95,148.774,421.803
107,35,3,869.67,1289.47,136.469,387.12
107,36,1,1633.75,2410,870.159,1911.15
108,10,0,632.79,832.701,644.714,1028.95
108,29,3,214.993,607.294,301.594,596.385
108,32,3,0,447.147,368.658,840.805
108,34,3,2487.31,2558.85,133.197,408.534
108,35,3,812.997,1242.75,149.738,400.726
108,36,1,1658.75,2371.25,804.418,1758.93
108,38,3,2007.5,2306.35,0.865381,125.192
109,10,0,633.187,831.93,644.03,1027.98
109,29,3,141.766,552.242,309.305,615.39
109,32,3,0,429.714,371.11,867.73
109,34,3,2534.69,2560,112.644,373.702
109,35,3,751.801,1188.06,158.031,420.327
109,36,1,1684.94,2320.86,712.804,1631.6
109,38,3,1927.02,2263.75,0,142.392
110,10,0,634.378,830.638,643.26,1027.8
110,29,3,141.766,552.242,309.305,615.39
110,32,3,0,373.538,404.484,895.079
110,34,3,2534.69,2560,112.644,373.702
110,35,3,701.785,1138.31,174.42,433.241
110,36,1,1693.36,2311.83,648.681,1526.68
110,38,3,1830.15,2193.59,0,176.433
111,10,0,633.791,829.884,643.588,1028.32
111,29,3,27.1187,456.14,336.577,638.211
111,32,3,3.38184,342.272,423.111,930.517
111,35,3,647.214,1086.52,184.157,451.227
111,36,1,1710.23,2296.64,600.612,1430.27
111,38,3,1746.99,2120.42,0.626407,188.671
112,10,0,633.145,833.521,643.846,1027.4
112,29,3,27.1187,456.14,336.577,638.211
112,32,3,10.2251,319.392,412.517,969.045
112,35,3,592.186,1035.56,201.372,469.184
112,36,1,1725.76,2288.12,549.525,1333.88
112,38,3,1655.54,2035.49,2.04852,201.319
113,10,0,638.228,832.687,643.365,1028.4
113,32,3,1.82218,230.91,441.149,985.859
113,35,3,537.658,986.227,215.549,484.87
113,36,1,1751.28,2287.5,491.813,1249.44
113,38,3,1568.33,1958.58,7.42678,215.827
114,10,0,638.784,829.902,646.637,1027.56
114,32,3,1.80748,179.906,468.964,1066.48
114,35,3,485.682,939.913,227.427,501.398
114,36,1,1769.3,2288.89,452.239,1187.09
114,38,3,1494.61,1872.16,6.5078,234.332
115,10,0,637.094,829.382,646.687,1026.01
115,32,3,0,156.309,481.504,1083.71
115,35,3,443.346,886.852,239.11,524.412
115,36,1,1793.4,2304.19,419.029,1090.17
115,38,3,1407.49,1792.76,6.29734,253.5
116,10,0,638.677,827.846,647.167,1026.83
116,32,3,0,156.309,481.504,1083.71
116,35,3,385.371,834.927,255.04,541.04
116,36,1,1818.26,2327.31,383.229,1030
116,38,3,1320.35,1718.25,11.8696,271.411
117,10,0,637.488,825.597,646.099,1026.83
117,32,3,0,122.35,460.386,782.604
117,35,3,376.473,791.813,272.565,558.32
117,36,1,1848.1,2336.09,339.739,965.957
117,38,3,1240.53,1647.02,33.3381,285.755
118,10,0,636.909,825.846,647.116,1025.62
118,32,3,0,122.35,460.386,782.604
118,35,3,375.019,744.904,290.706,578.527
118,36,1,1867.44,2355.79,313.159,936.137
118,38,3,1154.08,1565.81,44.8553,303.29
119,10,0,636.832,828.511,646.408,1025.8
119,35,3,233.141,694.51,300.18,610.63
119,36,1,1896.98,2370.65,271.749,881.932
119,38,3,1077.54,1489.88,63.1927,324.243
119,39,0,2167.82,2406.79,1253.09,1820.88
120,10,0,635.619,830.126,644.716,1027.27
120,35,3,187.047,654.882,312.84,626.107
120,36,1,1927.98,2390.46,245.95,819.653
120,38,3,996.607,1413.67,75.5562,342.944
120,39,0,2156.3,2393.87,1168.69,1715.26
121,10,0,636.86,830.704,644.357,1026.3
121,35,3,137.885,612.131,326.863,649.365
121,36,1,1966.4,2429.44,199.105,777.662
121,38,3,913.53,1341.04,89.8864,365.669
121,39,0,2123.21,2370.95,1094.71,1619.58
122,10,0,635.722,829.14,644.831,1026.68
122,35,3,92.2252,567.66,350.28,664.697
122,36,1,2003.5,2454.27,185.423,739.105
122,38,3,833.806,1267.46,100.938,386.693
122,39,0,2103.39,2326.98,1027.26,1529.32
123,10,0,635.716,827.676,645.446,1027.74
123,35,3,45.7157,519.441,365.58,693.921
123,36,1,2050.3,2508.72,111.161,701.272
123,38,3,756.868,1197.07,123.469,411.15
123,39,0,2078.69,2312.86,961.32,1443.43
124,10,0,634.147,829.953,645.369,1030.75
124,35,3,6.97575,476.671,376.886,715.319
124,36,1,2084.91,2540,115.384,665.093
124,38,3,680.004,1131.43,131.765,433.141
124,39,0,2076.86,2296.69,900.066,1358.53
125,10,0,633.712,829.219,646.075,1028.18
125,35,3,0.236111,442.876,393.95,743.126
125,36,1,2123.29,2553.74,77.1376,627.652
125,38,3,607.67,1059.65,152.775,453.05
125,39,0,2069.5,2285.18,845.705,1293.77
126,10,0,635.789,828.641,644.329,1026.58
126,35,3,0,374.12,422.07,751.938
126,36,1,2164.13,2554.86,62.1144,595.822
126,38,3,537.851,995.868,158.372,477.272
126,39,0,2060.52,2285.48,794.848,1222.86
127,10,0,635.357,832.505,642.365,1027.89
127,35,3,3.49999,323.016,432.939,784.265
127,36,1,2215.98,2559.87,0,565.645
127,38,3,474.187,933.477,176.288,496.671
127,39,0,2051.66,2267.58,743.702,1163.13
128,10,0,636.103,831.646,643.647,1027.79
128,35,3,0,311.117,460.109,810.237
128,36,1,2260.32,2560,0,530.964
128,38,3,393.672,868.15,199.79,514.015
128,39,0,2049.92,2266.05,699.87,1106.59
129,10,0,637.246,830.712,645.385,1027.12
129,35,3,0,273.533,479.781,833.387
129,36,1,2305.57,2560,4.35456,499.109
129,38,3,384.646,804.831,209.14,542.652
129,39,0,2055.47,2264.06,662.159,1050.26
130,10,0,639.541,829.682,643.259,1028.41
130,35,3,0.0940609,231.119,502.508,855.339
130,36,1,2359.2,2558.85,7.65178,470.618
130,38,3,326.58,737.658,228.407,559.97
130,39,0,2076.61,2271.69,622.954,995.663
131,10,0,636.612,831.214,644.876,1027.75
131,35,3,0,191.215,517.963,907.107
131,36,1,2412.48,2558.23,8.67737,461.472
131,38,3,191.532,684.52,243.754,587.181
131,39,0,2082.77,2277.18,596.166,954.826
132,10,0,635.014,834.292,643.915,1028.62
132,35,3,0,150.731,538.022,966.981
132,36,1,2475.95,2558.01,5.68331,398.406
132,38,3,132.18,615.987,254.661,618.812
132,39,0,2096.18,2287.81,557.963,909.289
133,10,0,637.849,830.842,644.109,1028.16
133,35,3,0,150.731,538.022,966.981
133,36,1,2475.95,2558.01,5.68331,398.406
133,38,3,73.1739,560.329,284.889,631.94
133,39,0,2115.96,2306.93,526.47,865.805
134,10,0,633.337,830.727,642.118,1028.09
134,38,3,15.9034,500.124,279.749,658.868
134,39,0,2131.7,2322.3,491.614,825.728
135,10,0,630.087,830.487,642.815,1028.11
135,38,3,2.03585,456.696,323.491,686.666
135,39,0,2158.74,2332.54,458.621,789.812
136,10,0,631.313,830.761,642.158,1027.59
136,38,3,5.97633,332.591,338.612,710.344
136,39,0,2185.36,2353.2,435.8,758.018
137,10,0,632.59,832.403,644.739,1025.19
137,38,3,1.45126,408.534,342.387,731.066
137,39,0,2205.41,2374.11,414.281,720.844
138,10,0,633.948,832.183,645.613,1026.86
138,38,3,0,285.764,381.475,768.959
138,39,0,2236.5,2395.1,379.274,687.714
139,10,0,625.289,830.742,644.87,1026.58
139,38,3,0.875921,229.489,393.702,803.267
139,39,0,2264.79,2427.95,369.08,651.81
140,10,0,633.921,829.966,643.802,1025.93
140,38,3,0.875921,229.489,393.702,803.267
140,39,0,2296.96,2462.12,343.448,626.178
141,10,0,634.895,831.563,642.612,1026.85
141,39,0,2326.97,2492.9,320.033,598.515
142,10,0,634.106,832.34,640.796,1026.16
142,39,0,2365.65,2531.73,300.853,568.144
143,10,0,635.387,834.762,637.807,1024.47
143,39,0,2419.09,2547.07,272.524,545.553
144,10,0,636.029,834.264,637.196,1024.94
144,39,0,2450.48,2558.75,251.971,519.952
145,10,0,636.265,833.968,638.023,1026.31
145,39,0,2490.1,2559.13,213.966,499.688
146,10,0,640.527,833.05,637.138,1025.55
146,39,0,2535.3,2560,146.538,465
147,10,0,639.526,832.143,637.867,1025.07
147,39,0,2535.3,2560,146.538,465
147,43,3,2192.69,2502.69,0.108172,103.377
148,10,0,638.651,834.158,638.388,1026.06
148,43,3,2123.94,2368.37,0.0721157,102.909
