2,1,3,940.691,1327.62,161.875,440.467
2,2,3,526.652,1019.82,123.311,360.732
2,3,2,1077.35,1475.05,608.221,990.594
2,4,3,1122.89,1497.5,37.246,265.711
2,5,1,1839.5,2473.87,666.266,1417.63
2,6,3,0,221.066,472.574,951.755
2,7,4,227.742,331.828,690.285,1107.16
2,8,1,2257.68,2560,0,325.778
2,10,1,1749.39,2220.78,3.03738,206.809
2,11,0,1607.74,1703.03,0.360575,167.091
3,1,3,918.655,1299.26,167.788,446.651
3,2,3,491.069,974.167,131.562,367.106
3,3,2,1042.63,1431.4,609.754,982.541
3,4,3,1071.05,1470.6,39.8222,268.845
3,5,1,1855.15,2462.25,638.834,1343.81
3,6,3,0,165.805,507.039,1044.61
3,7,4,199.267,308.243,672.335,1059.8
3,8,1,2321.12,2559.1,0,322.258
3,10,3,1745.66,2111.33,6.02506,212.779
3,11,0,1572.5,1670.58,5.33654,167.885
4,1,3,891.56,1280.9,173.341,461.725
4,2,3,455.721,933.512,137.781,375.957
4,3,2,1002.3,1379.39,597.834,984.62
4,4,3,1045.06,1425.99,50.1904,282.934
4,5,1,1881.75,2474.2,601.084,1283.54
4,6,3,0,99.7736,558.793,1035.41
4,7,4,179.576,289.353,664.959,1062.75
4,8,1,2321.12,2559.1,0,322.258
4,10,3,1745.66,2111.33,6.02506,212.779
4,11,0,1541.35,1646.35,0,175.817
5,1,3,862.436,1252.92,185.662,468.433
5,2,3,412.718,868.295,148.318,384.798
5,3,2,939.919,1336.94,605.864,975.388
5,4,3,1001.6,1385.38,51.3835,287.965
5,5,1,1889.17,2463.39,570.917,1225.79
5,6,3,0,99.7736,558.793,1035.41
5,7,4,170.211,275.731,664.435,1059.03
5,10,1,1704.09,2099.52,5.24124,210.988
5,11,0,1507.79,1613.75,0,185.048
5,14,1,0,492.194,73.0186,557.188
6,1,3,837.247,1232.29,189.262,475.646
6,2,3,382.484,824.841,151.157,397.111
6,3,2,903.995,1284.88,605.494,973.219
6,4,3,958.985,1356.4,65.0868,291.138
6,5,1,1899.67,2452.37,542.633,1173.18
6,7,4,156.57,269.832,669.966,1077.69
6,10,1,1681.11,2099.19,3.05566,218.229
6,11,0,1466.25,1575.29,3.31731,191.538
6,14,1,0,479.541,80.7794,562.238
7,1,3,812.259,1205.66,201.057,485.699
7,2,3,371.295,785.319,157.821,409.162
7,3,2,856.284,1252.63,601.684,976.844
7,4,3,917.196,1318.36,78.7636,292.602
7,5,1,1913.1,2442.94,515.852,1138.64
7,7,4,151.32,259.924,673.544,1075.97
7,10,1,1663.89,2102.74,1.88939,229.213
7,11,0,1424.04,1552.88,1.875,195
7,14,1,0,485.008,88.9269,579.282
7,15,5,0,1387.5,18.7016,237.805
8,1,3,785.971,1187.67,205.288,498.786
8,2,3,363.464,758.649,168.817,414.71
8,3,2,841.243,1193.28,603.502,970.03
8,4,3,873.702,1280.68,80.9304,296.973
8,5,1,1924.13,2428.36,481.395,1088.64
8,7,4,127.871,232.723,683.284,1065.74
8,10,1,1650.41,2099.34,11.299,230.877
8,11,0,1378.12,1501.88,3.53366,202.428
8,14,1,4.21379,337.199,65.9198,587.391
8,15,5,0,1371.25,22.7301,240.022
9,1,3,754.007,1167.88,212.774,504.308
9,2,3,338.238,719.306,171.456,433.672
9,3,2,787.817,1164.26,600.205,982.951
9,4,3,851.983,1237.87,87.9791,310.634
9,5,1,1924.09,2432.02,463.383,1045.84
9,7,4,94.9024,198.28,680.228,1069.51
9,10,1,1618.71,2049.49,2.44436,246.976
9,11,0,1335.14,1454.09,3.60577,206.394
9,14,1,0,276.831,93.9014,589.139
9,15,5,0,1401.25,26.4207,238.265
10,1,3,729.496,1147.2,216.89,513.522
10,2,3,348.662,684.788,183.281,435.59
10,3,2,753.443,1109.11,603.896,967.194
10,4,3,809.861,1194.95,89.7565,329.998
10,5,1,1938.34,2427.05,439.644,1000.06
10,7,4,68.0433,163.979,668.97,1065.79
10,10,1,1597.46,2029.82,0.40751,247.814
10,11,0,1290.19,1409.81,16.6586,222.188
10,14,1,4.97789,307.13,69.4837,604.953
10,15,5,0,1382.5,26.0101,235.591
11,1,3,707.447,1106.46,227.755,531.088
11,2,3,287.596,655.769,178.474,434.288
11,3,2,717.047,1078.14,597.148,959.074
11,4,3,767.269,1172.02,111.873,340.309
11,5,1,1941.14,2419.81,411.384,974.541
11,7,4,55.2336,151.31,662.572,1072.49
11,10,1,1581.65,1999.99,0,254.616
11,11,0,1240.87,1359.13,38.9423,230.769
11,14,1,0,272.974,93.0335,588.997
11,15,1,769.309,1287.98,5.06157,199.36
12,1,3,678.212,1082.67,240.759,539.133
12,2,3,282.994,617.974,192.811,430.899
12,3,2,656.493,1048.51,591.607,969.249
12,4,3,747.214,1138.46,118.074,335.015
12,5,1,1951.2,2426.72,393.639,915.365
12,7,4,35.8205,140.672,673.773,1056.3
12,10,1,1565.65,1991.2,0.0436592,261.03
12,11,0,1187.31,1298.85,43.1971,232.284
12,14,1,2.31775,264.248,86.4182,587.983
12,15,1,753.354,1164.93,0,216.093
13,1,3,652.929,1056.06,249.633,548.919
13,2,3,243.117,593.231,193.698,434.674
13,3,2,625.198,1008.5,588.971,963.856
13,4,3,731.49,1111.16,122.083,343.06
13,5,1,1962.16,2430.08,377.342,898.431
13,7,4,26.6685,130.046,678.51,1065.43
13,10,1,1534.93,1965.76,1.41365,266.834
13,11,0,1129.13,1246.25,59.7115,248.077
13,14,1,0,242.763,103.541,595.765
13,15,1,753.354,1164.93,0,216.093
14,1,3,620.737,1038.82,256.661,555.984
14,2,3,235.171,570.232,208.5,453.839
14,3,2,608.7,978.495,584.648,956.707
14,4,3,714.193,1084.08,129.269,356.205
14,5,1,1973.91,2443.1,356.674,858.536
14,7,4,14.2976,109.72,678.7,1075.71
14,10,1,1508.2,1947.55,2.32977,278.416
14,11,0,1069.62,1171.92,68.6538,246.635
14,14,1,0.677557,234.341,150.476,615.822
14,17,3,282.188,1126.25,1611.84,1918.12
15,1,3,588.779,1011.38,265.691,567.62
15,2,3,211.665,536.656,210.854,451.638
15,3,2,570.119,945.92,578.584,959.188
15,4,3,682.28,1056.34,138.167,360.415
15,5,1,1988.96,2458.15,336.879,827.235
15,7,4,5.21609,90.752,696.5,1084.51
15,10,1,1478.98,1921.6,5.80376,294.504
15,11,0,1069.62,1171.92,68.6538,246.635
15,14,1,0.137691,252.649,143.57,623.688
15,17,3,362.5,1132.5,1543.36,1917.43
15,19,3,2317.12,2538.27,0,93.137
16,1,3,561.163,986.586,275.016,580.392
16,2,3,224.139,509.086,210.196,465.434
16,3,2,630.068,896.123,582.917,952.071
16,4,3,665.154,1040.77,153.626,374.037
16,5,1,2000.28,2464.11,316.386,799.021
16,7,4,2.92652,65.9044,666.217,1089.66
16,10,1,1457.39,1903.2,2.14794,298.96
16,14,1,0.137691,252.649,143.57,623.688
16,17,3,393.125,1138.12,1476.1,1915.63
16,19,3,2298.75,2507.4,0,96.274
17,1,3,525.969,962.066,261.115,590.419
17,2,3,224.139,509.086,210.196,465.434
17,3,2,632.553,870.999,585.253,945.328
17,4,3,649.989,1012.19,157.893,388.093
17,5,1,2027.03,2473.8,297.095,777.028
17,7,4,0.959063,55.7287,697.123,1105.79
17,10,1,1422.17,1877.04,0.124111,302.791
17,17,3,425.625,1134.38,1412.39,1920
17,19,3,2298.75,2507.4,0,96.274
17,20,3,1128.56,1388.37,11.6827,190.24
17,21,0,1994.69,2076.08,40.5288,199.183
18,1,3,497.625,933.722,276.183,602.128
18,3,2,593.479,850.593,578.163,946.552
18,4,3,640.015,993.048,163.36,396.615
18,5,1,2040.13,2527.77,19.3442,753.66
18,7,4,0.959063,55.7287,697.123,1105.79
18,10,1,1398.81,1845.26,0.767541,310.347
18,17,3,470,1141.25,1359.97,1919.27
18,20,3,1134.23,1390.38,14.7837,191.034
18,21,0,1993.63,2061.75,46.1539,204.808
18,22,0,576.562,674.976,19.8317,224.928
19,1,3,455.126,897.24,291.966,618.229
19,3,2,559.886,837.419,579.072,939.675
19,4,3,628.844,972.858,175.546,429.059
19,5,1,2074.64,2535.43,54.9859,731.965
19,10,1,1365.36,1826.79,1.52142,314.521
19,17,3,487.812,1152.5,1301.46,1920
19,19,3,2247.02,2552.98,0,98.9784
19,20,3,1130.53,1520.78,8.57682,198.745
19,21,0,1975.55,2055.22,44.7115,208.846
19,22,0,542.692,633.462,40.5288,235.24
20,1,3,424.799,871.047,308.658,628.221
20,3,2,518.646,817.926,578.656,945.933
20,4,3,600.98,963.268,180.847,440.055
20,5,1,2099.14,2539.35,114.945,704.265
20,10,1,1344.54,1813.69,2.38744,323.083
20,17,3,518.942,1148.68,1258.56,1868.86
20,19,3,2224.42,2541.73,1.33413,105.901
20,20,3,1115.07,1517.86,7.55036,199.07
20,21,0,1985.29,2063.94,27.9086,212.38
20,22,0,508.99,604.087,57.9808,246.635
20,24,3,1789.23,2087.69,6.41827,182.38
21,1,3,411.862,846.444,316.999,644.699
21,2,3,26.9248,297.301,232.596,530.926
21,3,2,511.527,796.057,581.879,941.427
21,4,3,594.61,946.095,193.057,454.57
21,5,1,2110.55,2554.81,135.269,679.436
21,10,1,1303.96,1787.95,0,337.914
21,11,0,589.76,727.163,119.062,307.284
21,17,3,539.375,1171.25,1217.94,1790.7
21,19,3,2204.71,2496.83,0,108.714
21,20,3,1110.15,1526.25,3.67774,199.166
21,21,0,1982.52,2063.63,18.5336,216.851
21,22,0,469.952,573.894,61.4423,252.404
21,24,3,1737.77,2082.71,2.13145,190.176
22,1,3,380.101,809.228,330.684,662.571
22,2,3,12.0288,297.394,248.758,534.471
22,3,2,497.046,785.916,577.845,938.459
22,4,3,579.293,933.103,200.941,462.741
22,5,1,2130.1,2557.3,11.1354,640.841
22,10,1,1274.55,1764.77,1.17662,343.432
22,11,0,522.596,642.019,113.365,322.788
22,17,3,558.75,1173.75,1187.4,1722.64
22,19,3,2185.48,2500.67,1.08173,106.731
22,20,3,1138.75,1378.17,10.3125,187.284
22,21,0,1974.52,2053.17,31.875,217.356
22,22,0,432.909,528.63,50.9856,261.13
22,24,3,1734.23,2047.31,6.77884,183.606
23,1,3,384.997,772.207,343.414,662.197
23,2,3,0,277.931,254.219,537.086
23,3,2,482.234,767.112,589.738,950.044
23,4,3,565.535,909.969,208.512,480.55
23,5,1,2155.14,2560,155.319,623.219
23,10,1,1242.17,1735.58,4.44313,352.938
23,11,0,451.01,596.683,134.351,339.88
23,17,3,576.634,1163.33,1138.46,1698.8
23,19,3,2168.65,2419.04,0,107.885
23,20,3,1138.75,1378.17,10.3125,187.284
23,21,0,1975.34,2055.43,41.9711,226.442
23,22,0,432.909,528.63,50.9856,261.13
23,24,3,1709.13,2013.94,10.3846,186.346
24,1,3,305.035,736.13,350.983,690.492
24,2,3,14.4767,474.104,253.166,558.244
24,3,2,468.98,759.973,586.625,932.504
24,4,3,538.833,902.095,220.461,488.633
24,5,1,2177.3,2560,113.807,590.703
24,10,1,1236.38,1723.63,1.54974,363.22
24,11,0,385.048,528.029,143.582,350.841
24,17,3,589.375,1189.38,1113.64,1641.29
24,19,3,2145.48,2451.44,0.216347,109.904
24,21,0,1981.37,2070.94,42.1154,231.058
24,24,3,1693.46,1998.85,16.5865,187.5
24,27,0,648.269,749.423,15.2885,223.846
25,1,3,274.821,714.687,361.39,722.178
25,2,3,3.27314,358.727,278.005,557.926
25,3,2,458.456,753.671,576.285,929.891
25,4,3,521.041,892.464,231.7,495.699
25,5,1,2211.94,2560,101.836,571.109
25,10,1,1173.32,1683.26,6.34579,365.377
25,11,0,385.048,528.029,143.582,350.841
25,14,1,20.8054,482.941,18.6985,534.85
25,17,3,611.875,1198.75,1091.35,1583.33
25,19,3,2131.83,2443.56,1.65866,107.812
25,21,0,1991.92,2075.77,74.4952,236.466
25,24,3,1651.85,2011.49,11.1618,201.656
25,27,0,618.029,717.356,24.1587,236.178
25,28,0,889.76,991.779,4.18269,157.067
25,29,3,1813.75,2542.5,1442.08,1917.56
26,1,3,190.164,664.815,374.886,740.998
26,2,3,1.47514,292.469,264.754,569.415
26,3,2,446.336,754.212,572.433,925.113
26,4,3,497.664,868.724,242.161,515.364
26,5,1,2245.32,2560,116.014,538.993
26,10,1,1151.44,1663.56,7.22363,379.737
26,14,1,20.8054,482.941,18.6985,534.85
26,17,3,613.75,1208.75,1050.91,1556.45
26,19,3,2116.63,2366.44,0,110.733
26,21,0,1997.28,2085.79,71.6827,238.413
26,24,3,1655,1975.77,28.1971,200.409
26,27,0,584.615,687.692,39.375,245.481
26,28,0,843.654,945.577,5.26443,165.649
26,29,3,1805,2512.5,1357.33,1920
27,1,3,159.304,639.463,383.074,758.417
27,2,3,0,289.385,268.363,573.842
27,3,2,454.315,748.38,570.516,929.066
27,4,3,480.247,849.951,253.023,527.63
27,5,1,2285.79,2560,112.849,525.476
27,10,1,1132.69,1640.15,2.6263,393.303
27,17,3,638.909,1204.85,1020.46,1525.89
27,19,3,2096.15,2405.38,0.90144,114.772
27,21,0,2006.66,2104.11,57.6923,248.942
27,24,3,1638.08,1976.02,12.8934,210.203
27,27,0,554.567,661.587,29.9279,254.207
27,28,0,809.712,913.365,2.8125,173.582
27,29,3,1812.5,2492.5,1276.38,1858.88
28,1,3,109.697,594.183,386.689,767.014
28,2,3,0,265.155,276.632,584.583
28,3,2,445.77,749.095,577.394,928.645
28,4,3,454.712,832.63,267.776,537.097
28,5,1,2314.53,2560,116.405,506.072
28,10,1,1089.81,1610.42,0,408.538
28,17,3,652.622,1212.52,987.134,1497.65
28,19,3,2081.15,2398.85,0.721153,110.913
28,21,0,2019.76,2124.86,51.9231,253.269
28,24,3,1621.55,1958.33,9.52902,210.264
28,27,0,525.288,626.25,53.726,269.351
28,28,0,773.558,867.981,5.76923,180.721
28,29,3,1810,2471.25,1196.81,1745.15
29,1,3,69.3188,591.864,418.529,775.114
29,2,3,0,239.611,280.058,588.384
29,3,2,475.272,744.003,575.921,928.772
29,4,3,423.4,812.838,275.415,556.328
29,5,1,2348.01,2558.49,33.4792,492.955
29,10,1,1065.91,1575.7,0,416.374
29,17,3,665.494,1221.17,967.227,1457.22
29,19,3,2061.25,2341.83,3.02884,114.375
29,21,0,2027.88,2135.19,45.2885,256.154
29,22,0,154.76,267.548,156.635,338.365
29,24,3,1616.53,1947.2,13.2086,220.013
29,27,0,494.808,599.808,65.7692,282.115
29,28,0,744.062,839.014,9.51923,187.788
29,29,3,1813.75,2440,1144.27,1646.63
29,31,3,2429.62,2560,0,64.2368
30,1,3,23.8551,521.985,423.061,785.615
30,2,3,0,219.954,310.141,599.011
30,3,2,470.519,744.083,567.304,936.886
30,4,3,397.496,794.083,287.325,566.631
30,5,1,2377.47,2558.86,42.6602,473.719
30,10,1,1035.84,1549.25,0,420.54
30,17,3,679.055,1225.71,950.371,1433.24
30,19,3,2034.9,2346.63,2.37981,122.524
30,21,0,2040.19,2153.65,32.0192,254.135
30,22,0,118.606,227.163,185.481,355.962
30,24,3,1590.35,1929.45,13.4842,224.522
30,27,0,464.808,567.5,104.135,292.212
30,28,0,716.779,812.452,4.18269,198.317
30,29,3,1816.25,2435,1071.83,1578.03
30,31,3,2415.96,2560,0,66.3101
31,1,3,8.98001,483.458,427.945,806.602
31,2,3,0,219.954,310.141,599.011
31,3,2,462.012,746.473,564.716,935.111
31,4,3,382.582,769.461,296.46,583.229
31,5,1,2416.28,2557.3,31.5821,459.129
31,10,1,1006.14,1511.1,5.14392,441.275
31,17,3,697.364,1233.71,923.325,1402.2
31,19,3,2011.83,2289.71,2.09135,133.486
31,21,0,2055.82,2174.95,46.0096,267.26
31,22,0,118.606,227.163,185.481,355.962
31,24,3,1578.43,1916.7,14.9918,227.814
31,27,0,441.106,534.279,98.3654,304.904
31,28,0,689.663,791.875,10.1683,200.697
31,29,3,1827.5,2415,1017.8,1497.55
31,31,3,2404.13,2558.94,0,66.256
32,1,1,0,472.048,312.978,817.542
32,2,3,0,148.159,321.246,601.776
32,3,2,454.579,747.425,564.952,934.129
32,4,3,374.636,746.785,310.756,598.472
32,5,1,2458.49,2556.46,37.9647,447.23
32,10,1,972.226,1490.05,6.53316,440.964
32,17,3,704.702,1241.57,906.722,1379.45
32,19,3,1991.06,2288.94,0.324519,139.002
32,21,0,2075.1,2204.9,55.2404,273.894
32,24,3,1567.53,1892.28,17.3061,233.797
32,27,0,412.909,507.091,103.702,313.99
32,28,0,655.913,744.856,18.101,216.418
32,29,3,1836.52,2389.62,958.975,1432.85
32,31,3,2406.88,2560,0,67.7524
32,32,0,864.712,970.673,0,168.389
33,1,3,4.89098,423.412,450.984,848.394
33,2,3,0,148.159,321.246,601.776
33,3,2,461.593,745.083,560.459,937.4
33,4,3,343.966,709.809,314.983,622.303
33,5,1,2458.49,2556.46,37.9647,447.23
33,10,1,943.444,1459.62,4.89568,445.953
33,17,3,719.634,1256.38,886.795,1365.67
33,19,3,1975.38,2283.08,0.0721192,141.058
33,21,0,2089.62,2236.54,48.75,276.923
33,24,3,1568.65,1862.12,31.4423,232.067
33,27,0,382.981,480.096,137.885,323.654
33,28,0,633.534,718.774,16.0096,226.298
33,29,3,1838.2,2388.07,912.549,1365.28
33,31,3,2347.69,2560,1.37019,77.8846
33,32,0,828.462,928.462,7.71635,175.024
34,1,3,4.08617,349.144,477.948,859.681
34,3,2,456.96,745.478,568.228,934.454
34,4,3,337.108,689.624,330.864,616.375
34,10,1,902.516,1442.02,0,459.559
34,17,3,732.436,1254.32,868.26,1336.16
34,19,3,1934.71,2268.37,0.216343,153.534
34,21,0,2114.52,2267.02,59.5673,283.99
34,24,3,1550.48,1865.85,26.0863,247.36
34,27,0,351.779,458.99,125.841,333.678
34,28,0,602.476,698.293,17.9567,235.457
34,29,3,1870.76,2379.8,851.689,1301.22
34,31,3,2333.85,2552.31,0.0721157,80.7692
34,32,0,782.837,897.163,3.67788,183.966
35,1,3,0.585861,331.292,486.697,890.011
35,3,2,459.891,741.794,568.024,925.472
35,4,3,242.717,670.954,345.596,628.125
35,10,1,877.531,1421.53,6.04152,459.657
35,17,3,732.397,1269.92,853.805,1313.33
35,19,3,1921.06,2248.17,2.16346,158.221
35,21,0,2146.06,2300.1,55.9615,286.154
35,24,3,1539.39,1839.63,24.1646,252.011
35,27,0,351.779,458.99,125.841,333.678
35,28,0,577.043,667.572,20.1923,248.077
35,29,3,1868.04,2381.71,810.868,1233.79
35,31,3,2326.15,2547.69,0,85.4928
35,32,0,740.769,853.077,12.7644,190.889
36,1,3,0.172491,319.688,502.344,900.522
36,3,2,465.272,741.318,565.852,929.105
36,4,3,197.962,642.239,358.784,650.923
36,10,1,853.7,1396.9,3.28498,472.558
36,17,3,740.735,1274.21,834.07,1290.46
36,19,3,1898.37,2206.25,1.73077,166.731
36,21,0,2174.66,2336.11,73.5577,287.019
36,24,3,1525.35,1833.72,41.3344,260.913
36,28,0,547.644,637.74,44.4231,257.885
36,29,3,1871.55,2377.65,773.145,1180.58
36,31,3,2300.77,2551.54,0,91.5505
36,32,0,704.423,811.731,8.22116,194.567
37,1,3,0,288.289,514.68,909.615
37,3,2,466.615,742.122,566.945,930.121
37,4,3,151.506,607.681,348.568,675.229
37,10,1,819.508,1355.2,9.40653,479.712
37,17,3,758.79,1277.75,815.3,1272.81
37,19,3,1874.52,2190.1,0.721157,170.192
37,21,0,2200.25,2381.33,77.1606,292.986
37,24,3,1500.63,1821.05,45.2838,263.526
37,28,0,519.351,606.803,53.2933,268.63
37,29,3,1896.71,2369.88,728.006,1114.79
37,31,3,2295.19,2510.96,0,87.2236
37,32,0,674.231,776.538,25.5289,208.413
38,1,3,0,247.557,539.693,950.209
38,3,2,460.926,741.114,566.12,928.775
38,4,3,125.765,576.254,363.271,702.283
38,10,1,793.564,1317.87,6.07633,494.997
38,17,3,774.599,1284.39,802.575,1238.92
38,19,3,1844.81,2173.65,1.80289,171.562
38,21,0,2235.36,2428.35,76.9351,294.241
38,24,3,1486.88,1836.4,43.1187,269.75
38,28,0,490.288,578.942,60.7933,273.534
38,29,3,1903.05,2366.02,688.589,1068.45
38,31,3,2311.15,2553.46,0,81.4904
38,32,0,633.51,736.49,21.0577,217.933
39,1,3,0,213.51,543.91,975.811
39,3,2,473.784,740.684,564.08,936.63
39,4,3,81.0145,550.623,373.388,718.833
39,10,1,757.654,1295.58,5.08681,509.897
39,17,3,789.257,1283.97,785.89,1229.32
39,19,3,1820.19,2149.04,2.95672,179.062
39,20,3,1268.17,1436.44,42.2596,219.087
39,21,0,2271.52,2467.28,86.065,304.648
39,24,3,1474.06,1793.54,54.5638,273.687
39,28,0,458.077,551.923,94.7596,286.01
39,29,3,1908.34,2366.21,656.012,1021.23
39,31,3,2311.15,2553.46,0,81.4904
39,32,0,591.298,706.394,30,226.875
39,33,3,642.981,897.019,1.69471,130.276
40,1,3,1.03241,177.831,559.546,992.662
40,3,2,457.097,740.38,565.474,938.478
40,4,3,33.7944,515.98,390.25,734.013
40,10,1,715.291,1264.36,6.09547,515.984
40,17,3,802.057,1290.76,776.237,1213.86
40,19,3,1802.31,2126.92,5.91346,183.029
40,20,3,1228.65,1451.35,40.024,216.13
40,21,0,2307.37,2521.51,76.0632,304.411
40,24,3,1456.77,1775.71,60.1661,277.292
40,28,0,428.101,516.514,92.6683,301.37
40,29,3,1926.84,2365.01,622.592,976.056
40,32,0,562.74,672.644,33.8942,233.365
40,33,3,573.269,848.269,1.80288,154.543
41,1,3,0,148.248,583.858,1016.66
41,3,2,457.027,741.002,564.195,933.665
41,4,3,9.76894,488.406,408.951,752.462
41,10,1,687.595,1246.54,1.55156,534.673
41,17,3,810.043,1298.51,757.296,1193.64
41,19,3,1788.08,2101.15,4.90384,186.779
41,20,3,1156.75,1557.96,5.45156,232.443
41,21,0,2350.49,2554.84,78.1868,309.621
41,24,3,1430.63,1770.31,66.1178,284.333
41,27,0,121.827,233.558,194.639,422.668
41,28,0,395.264,485.505,95.1923,312.981
41,29,3,1931.86,2369.4,592.165,933.502
41,32,0,532.067,641.779,44.8558,239.712
41,33,3,461.346,786.346,1.04568,134.315
42,1,3,0,117.494,590.075,1093.23
42,3,2,453.64,744.066,560.223,937.601
42,4,3,4.88235,456.597,430.665,765.564
42,10,1,659.165,1210.38,3.42676,545.737
42,17,3,812.747,1303.49,744.293,1166.8
42,19,3,1774.33,2084.13,3.24519,190.457
42,20,3,1129.34,1599.76,5.06594,220.871
42,21,0,2391.83,2558.94,90.5048,305.553
42,24,3,1414.91,1743.01,74.0426,294.669
42,27,0,81.8269,202.788,191.25,434.712
42,28,0,374.447,457.861,101.178,306.707
42,29,3,1949.14,2371.4,561.538,896.192
42,32,0,500.865,602.212,51.2019,255.433
42,33,3,451.731,756.731,4.18269,134.279
43,1,3,0,82.7058,644.783,1076.47
43,3,2,411.413,742.766,556.841,940.584
43,4,3,3.42291,429.366,445.92,778.862
43,10,1,610.132,1176.35,3.13168,560.952
43,17,3,823.621,1317.25,732.708,1160.09
43,19,3,1755.48,2062.98,5.40866,199.543
43,20,3,1125.46,1576.57,0.499313,222.124
43,21,0,2440.58,2560,96.7789,317.452
43,24,3,1390.02,1729.11,84.5454,304.607
43,27,0,52.0192,172.596,228.029,454.471
43,28,0,374.447,457.861,101.178,306.707
43,29,3,1964.94,2377.48,531.561,857.586
43,31,3,2196.15,2496.15,0.036056,103.161
43,32,0,461.442,573.942,59.7115,263.942
43,33,3,426.058,703.942,4.97596,156.274
44,1,3,2.6206,54.3237,686.01,1145.49
44,3,2,446.548,749.503,560.771,936.793
44,4,3,1.39238,406.888,451.67,799.739
44,10,1,581.528,1150.73,22.2073,577.243
44,17,3,826.421,1322.82,718.985,1149.19
44,19,3,1736.54,2041.92,6.63461,203.077
44,20,3,1133.61,1564.57,4.96644,220.35
44,21,0,2487.16,2558.99,95.1923,312.404
44,24,3,1372.73,1706.65,90.6582,311.77
44,27,0,10.2404,128.413,212.812,465.072
44,29,3,1970.42,2383.99,501.524,818.484
44,31,3,2177.69,2425.38,0,102.8
44,32,0,432.933,537.837,57.4039,275.481
44,33,3,409.423,626.731,14.0625,172.139
45,1,3,2.6206,54.3237,686.01,1145.49
45,3,2,402.292,747.687,559.48,942.872
45,4,3,2.08784,332.068,466.716,821.143
45,10,1,549.95,1109.16,21.4958,591.709
45,17,3,842.099,1331.4,706.588,1142.08
45,19,3,1725.48,2028.37,8.36538,206.971
45,20,3,1133.27,1586.1,5.93765,220.403
45,21,0,2536.57,2558.82,97.6442,321.49
45,24,3,1348.42,1685.78,98.6508,319.789
45,27,0,0.961537,101.635,207.62,475.457
45,29,3,2000.12,2390.7,480.5,788.196
45,31,3,2157.79,2426.83,0,105.397
45,32,0,397.067,509.856,76.9471,280.745
45,33,3,300.769,537.692,13.4135,182.452
46,3,2,405.364,742.922,559.72,950.22
46,4,3,0.873585,322.581,481.061,838.356
46,10,1,505.516,1080.02,21.345,602.166
46,17,3,853.233,1332.37,698.671,1132.68
46,19,3,1700.62,2010.88,10.7102,224.183
46,20,3,1154.21,1565.34,4.62504,223.427
46,21,0,2536.57,2558.82,97.6442,321.49
46,24,3,1325.24,1659.65,106.246,324.942
46,27,0,0,56.5865,224.279,485.337
46,29,3,2021.92,2404.39,453.335,756.372
46,31,3,2134.9,2425.1,0,107.596
46,32,0,397.067,509.856,76.9471,280.745
46,33,3,300.769,537.692,13.4135,182.452
47,3,2,459.896,747.429,560.161,943.576
47,4,3,0,317.894,495.886,857.922
47,10,1,481.327,1036.46,28.7036,616.443
47,17,3,862.62,1333.72,700.326,1099.29
47,19,3,1680.68,1987.4,10.5037,225.546
47,20,3,1161.31,1566.66,6.07239,221.246
47,24,3,1296.23,1643.03,108.515,340.86
47,27,0,0,56.5865,224.279,485.337
47,29,3,2040.83,2415.81,428,723.006
47,31,3,2118.75,2385.87,0.144231,105.721
47,35,3,1471.25,2217.5,1503.93,1918.29
48,3,2,463.563,746.984,558.92,945.531
48,4,3,0,287.979,508.183,874.722
48,10,1,436.166,1010.95,38.3829,633.631
48,17,3,867.816,1340.68,681.96,1106.95
48,19,3,1666.75,1974.44,13.435,230.376
48,20,3,1159.17,1564.82,6.69282,213.245
48,24,3,1265.36,1624.74,111.25,347.861
48,29,3,2064.06,2429.9,404.733,699.451
48,31,3,2096.92,2380,0.396634,115.132
48,35,3,1492.5,2188.75,1399.43,1920
49,3,2,482.216,743.444,567.315,941.026
49,4,3,0,258.833,523.439,898.956
49,10,1,412.591,975.228,36.3751,651.231
49,17,3,876.969,1342.47,680.431,1077.74
49,19,3,1652.16,1952.88,18.3904,240.476
49,20,3,1159.17,1564.82,6.69282,213.245
49,24,3,1240.17,1599.99,122.794,354.8
49,29,3,2083.69,2454.3,379.478,669.451
49,31,3,2077.02,2402.98,1.04567,114.483
49,35,3,1503.75,2167.5,1319.82,1914.68
50,3,2,476.097,741.827,567.146,937.768
50,4,3,0,229.287,535.207,917.616
50,10,1,387.829,940.932,25.018,682.05
50,17,3,882.993,1349.89,676.66,1066
50,19,3,1633.89,1940.69,23.9319,245.043
50,24,3,1206.22,1568.51,133.135,368.507
50,29,3,2111.65,2478.29,359.854,636.143
50,31,3,2077.02,2402.98,1.04567,114.483
50,35,3,1530.84,2145.09,1241.68,1832.66
51,3,2,470.922,744.085,578.035,926.351
51,4,3,2.57912,204.181,559.132,940.563
51,10,1,372.154,896.206,84.4435,685.46
51,17,3,889.905,1348.55,666.014,1050.82
51,19,3,1618.8,1931.73,24.4152,252.796
51,24,3,1167.63,1548.23,138.269,380.379
51,29,3,2140.84,2504.45,338.32,614.103
51,31,3,2038.27,2330.96,1.69471,129.339
51,35,3,1545.02,2140.08,1173.04,1734
52,3,2,466.696,745.179,577.893,923.667
52,4,3,0,169.687,570.367,979.583
52,10,1,357.975,862.566,90.8964,704.141
52,17,3,900.506,1355.56,653.783,1046.76
52,19,3,1592.49,1911.19,31.5432,253.439
52,24,3,1130.46,1523.81,148.122,388.906
52,29,3,2169.69,2525.14,314.512,589.924
52,31,3,2017.69,2286.92,2.52404,133.053
52,35,3,1557.11,2135.27,1107.62,1646.37
52,28,0,22.9327,126.394,205.312,447.764
53,3,2,470.666,743.695,576.407,918.152
53,4,3,1.77839,133.549,587.349,998.166
53,10,1,293.255,829.08,63.8494,730.414
53,17,3,907.022,1361.29,646.337,1038.93
53,19,3,1572.7,1891.25,41.1379,263.848
53,24,3,1096.25,1486.16,153.971,405.066
53,29,3,2195.36,2557.47,289.732,567.169
53,31,3,1990.77,2289.23,0.612981,138.425
53,35,3,1565.22,2131.86,1044.1,1550.76
53,28,0,3.24519,78.774,211.875,479.279
54,3,2,460.288,744.125,571.753,923.959
54,4,3,0,102.31,604.087,1059.43
54,10,1,222.601,804.162,75.9794,741.812
54,17,3,906.401,1367.29,639.729,1033.66
54,19,3,1548.61,1867.39,44.7555,271.304
54,20,3,1206.35,1475.19,77.4519,227.74
54,24,3,1058.85,1458.16,158.372,420.14
54,29,3,2229.79,2555.34,271.189,542.663
54,31,3,1976.73,2290.96,0,143.906
54,35,3,1582.64,2127.44,979.899,1460.89
54,28,0,2.10337,49.0024,221.538,470.769
55,3,2,487.261,740.266,576.758,921.562
55,4,3,0.725608,70.6403,626.344,1070.38
55,10,1,171.554,779.836,53.2983,792.651
55,17,3,912.874,1365.96,633.786,1020.29
55,19,3,1519.51,1846.57,49.3313,279.195
55,20,3,1213.08,1474.62,66.7067,219.88
55,24,3,1018.4,1430.23,170.894,430.546
55,29,3,2268.02,2558.3,253.442,519.691
55,31,3,1960.29,2288.94,0,158.293
55,35,3,1597.12,2133.08,919.958,1413.8
55,28,0,2.10337,49.0024,221.538,470.769
56,3,2,479.51,738.01,576.858,922.969
56,4,3,0.725608,70.6403,626.344,1070.38
56,10,1,148.224,753.542,59.1093,801.718
56,17,3,922.154,1369.78,624.108,1013.17
56,19,3,1488.62,1826.89,59.8124,286.444
56,20,3,1206.15,1480,61.8029,221.611
56,24,3,986.32,1385.09,183.072,438.23
56,29,3,2299.95,2558.2,243.417,503.244
56,31,3,1937.69,2277.69,0,157.212
56,32,0,19.1827,136.49,201.779,417.26
56,35,3,1614.55,2137.96,868.166,1332.42
57,3,2,485.578,736.262,588.192,924.187
57,10,1,114.947,720.266,127.287,787.777
57,17,3,922.34,1370.79,616.516,1001.51
57,19,3,1452.72,1803.43,65.3086,296.015
57,20,3,1190.19,1492.88,59.8558,220.096
57,24,3,941.928,1345.2,196.425,458.289
57,29,3,2332.11,2558.73,228.376,480.948
57,31,3,1924.52,2247.79,0,159.159
57,32,0,19.1827,136.49,201.779,417.26
57,35,3,1638.98,2129.48,817.901,1284.21
58,3,2,478.956,743.262,590.567,920.667
58,10,1,72.2392,690.402,123.285,794.504
58,17,3,925.999,1369.31,615.276,999.896
58,19,3,1423.38,1777.45,71.9048,304.421
58,20,3,1190.19,1492.88,59.8558,220.096
58,24,3,901.133,1311.46,208.172,471.206
58,29,3,2369.37,2560,208.377,465.617
58,31,3,1898.65,2215.19,0,164.928
58,32,0,0.33654,63.6058,216.202,424.76
58,35,3,1648.77,2143.12,773.991,1216.13
59,3,2,467.692,742.662,569.319,932.971
59,10,1,30.3614,656.727,114.555,816.443
59,17,3,929.12,1375.86,613.44,994.137
59,19,3,1385.76,1747.7,72.8809,317.204
59,20,3,1113.29,1575.59,15.1435,232.827
59,24,3,853.286,1289.44,216.282,481.589
59,29,3,2409.04,2560,174.01,450.865
59,31,3,1886.06,2193.94,0.865381,172.356
59,32,0,0.33654,63.6058,216.202,424.76
59,35,3,1671.3,2140.14,727.562,1160.51
60,3,2,466.462,743.25,568.116,933.504
60,10,1,0,633.034,131.626,829.413
60,17,3,934.365,1375.94,613.104,995.477
60,19,3,1355.14,1718.49,88.7711,318.719
60,20,3,1129.21,1580.54,15.3778,232.451
60,24,3,820.325,1241.43,225.405,497.842
60,29,3,2456.35,2559.04,145.457,421.659
60,31,3,1864.04,2154.42,3.10096,175.168
60,35,3,1691.89,2151.55,684.344,1111.52
61,3,2,470.789,740.638,561.028,933.35
61,10,1,0,608.604,117.328,848.425
61,17,3,932.022,1377.66,611.536,994.844
61,19,3,1315.38,1684.9,92.5421,328.432
61,20,3,1177.14,1634.31,25.06,229.704
61,24,3,773.734,1205.12,238.81,512.447
61,29,3,2500.36,2558.1,128.726,416.466
61,31,3,1851.83,2160.48,4.83172,179.062
61,35,3,1714.31,2167.58,646.396,1032.14
62,3,2,480.352,740.434,563.376,932.643
62,10,1,1.70683,564.894,107.43,869.508
62,17,3,928.933,1376.55,610.791,993.631
62,19,3,1270.1,1654.62,97.8274,337.761
62,20,3,1150.54,1543.94,20.8997,230.807
62,24,3,733.962,1164.48,246.659,528.672
62,29,3,2532.27,2560,112.716,382.284
62,31,3,1833.27,2148.27,5.33654,187.788
62,35,3,1729.07,2168.75,610.515,1003.49
63,3,2,490.17,738.084,555.449,939.262
63,10,1,1.29623,523.177,94.8948,882.316
63,17,3,928.512,1377.38,611.135,993.508
63,19,3,1235.16,1622.23,106.465,352.674
63,20,3,1150.54,1543.94,20.8997,230.807
63,24,3,695.514,1128.85,261.111,542.471
63,29,3,2532.27,2560,112.716,382.284
63,31,3,1810.41,2147.77,1.34442,196.975
63,35,3,1752.74,2179.07,578.589,975.806
64,3,2,474.23,741.131,555.238,937.088
64,10,1,4.39062,487.759,160.524,928.204
64,17,3,931.424,1377.97,611.942,995.811
64,19,3,1187.32,1580.2,105.735,365.577
64,24,3,647.591,1091.73,272.269,556.008
64,31,3,1810.38,2118.85,3.31731,190.529
64,35,3,1775.74,2198.19,553.283,894.204
65,3,2,465.328,744.219,558.398,936.745
65,10,1,5.12362,444.002,162.87,954.918
65,17,3,929.066,1377.72,611.317,996.783
65,19,3,1145.66,1542.49,114.993,373.08
65,24,3,605.726,1052.19,282.395,571.978
65,31,3,1797.02,2107.6,7.71634,194.207
65,35,3,1798.58,2208.1,521.759,858.132
65,42,0,2071.71,2143.68,0.378606,53.9964
65,43,3,1561.25,2350,1545.57,1919.46
65,44,0,1525.72,1637.36,67.2836,266.755
66,3,2,456.537,744.281,561.063,933.817
66,10,1,1.40047,447.299,135.019,983.52
66,17,3,927.655,1378.38,612.163,996.501
66,19,3,1100.75,1505.21,125.048,394.204
66,20,3,946.036,1546.42,0,205.864
66,24,3,556.687,1013.77,290.052,589.265
66,31,3,1784.23,2092.69,7.71635,201.562
66,35,3,1818.99,2222.56,488.703,816.643
66,42,0,2071.71,2143.68,0.378606,53.9964
66,43,3,1576.25,2336.25,1449.36,1919.25
66,44,0,1505,1608.85,76.4423,274.615
67,3,2,406.483,742.233,551.494,945.369
67,10,1,0,438.532,146.359,987.434
67,17,3,929.294,1378.89,610.807,997.12
67,19,3,1048.39,1474.99,136.948,395.256
67,20,3,948.861,1505.21,5.36528,206.272
67,24,3,519.199,981.217,305.296,601.637
67,31,3,1762.53,2086.1,9.51061,209.805
67,35,3,1852.98,2233.49,459.513,782.961
67,43,3,1588.75,2321.25,1368.07,1920
67,44,0,1472.84,1585.62,79.3269,282.115
68,3,2,465.333,741.514,561.273,934.027
68,10,1,0.840359,434.447,220.818,1014.03
68,17,3,930.582,1379.69,610.595,997.476
68,19,3,1009.23,1422.32,146.407,406.678
68,20,3,936.596,1488.08,5.45724,207.52
68,24,3,470.66,938.239,316.64,618.753
68,31,3,1756.35,2065.19,11.6106,205.168
68,35,3,1873.01,2250.74,429.142,745.059
68,43,3,1598.75,2298.75,1294.7,1911.74
68,44,0,1428.89,1546.49,81.0577,297.692
69,3,2,472.255,742.698,567.395,930.117
69,10,1,6.00809,347.723,224.413,1021.89
69,17,3,929.093,1379.75,610.525,997.689
69,19,3,961.88,1379.33,154.489,423.957
69,20,3,934.981,1366.89,4.4425,189.617
69,24,3,421.483,896.657,327.406,631.814
69,31,3,1745.48,2048.37,20.9135,211.731
69,35,3,1903.59,2271.23,406.394,718.859
69,43,3,1618.75,2278.75,1220.11,1794.7
69,44,0,1382.88,1503.27,85.8894,302.957
70,3,2,471.559,740.618,564.883,931.299
70,10,1,1.27457,333.61,263.101,1115.75
70,17,3,929.202,1378.63,610.558,997.911
70,19,3,917.601,1334.59,162.233,436.706
70,20,3,941.753,1492.16,9.71884,227.402
70,24,3,397.209,862.623,345.138,651.596
70,31,3,1733.7,2033.98,13.3634,224.865
70,35,3,1926.55,2289.1,384.794,682.623
70,43,3,1627.5,2275,1160.51,1686.98
70,44,0,1326.3,1458.32,100.313,310.745
70,48,3,2407.12,2560,0,66.3822
71,3,2,467.114,741.078,564.199,937.341
71,10,1,1.27457,333.61,263.101,1115.75
71,17,3,930.427,1376.51,612.144,997.704
71,19,3,866.154,1288.19,175.449,447.321
71,20,3,914.9,1299.66,2.24011,202.951
71,24,3,372.291,822.918,353.626,670.896
71,31,3,1725.4,2022.9,12.8526,238.628
71,35,3,1959.3,2313.36,356.716,639.418
71,43,3,1637.5,2265,1093.18,1616.93
71,44,0,1261.73,1407.5,106.587,321.779
71,48,3,2383.75,2554.71,0,84.9159
71,50,0,2129.95,2217.74,0,67.8606
71,51,0,23.89,306.758,1545.33,1920
72,3,2,469.826,740.004,561.897,934.333
72,10,1,1.16928,239.608,291.16,1247.49
72,17,3,931.268,1375,612.297,995.043
72,19,3,820.419,1240.83,187.612,460.348
72,20,3,898.146,1336.16,4.55899,206.548
72,24,3,321.932,790.71,365.866,701.83
72,31,3,1711.91,2012.04,18.0244,240.761
72,35,3,1991.08,2331.26,331.837,618.501
72,43,3,1652.5,2262.5,1039.92,1534.69
72,44,0,1204.28,1344.95,87.4039,328.269
72,48,3,2349.33,2555.29,0.036056,89.0264
72,50,0,2096.3,2177.55,0.685097,83.9784
72,51,0,86.9126,340.784,1466.75,1920
73,3,2,454.546,747.965,568.503,926.147
73,10,1,0.115643,171.02,296.841,1244.8
73,17,3,931.193,1377.22,609.2,999.877
73,19,3,777.681,1199.12,195.492,477.333
73,20,3,887.877,1312.68,4.37432,204.718
73,24,3,279.227,744.698,371.886,717.415
73,31,3,1700.16,1996.79,21.573,248.094
73,35,3,2016.2,2362.06,309.304,591.007
73,43,3,1670,2256.25,978.729,1457.92
73,44,0,1151.25,1284.13,118.558,333.75
73,48,3,2327.6,2560,0,90.0361
73,50,0,2065.1,2159.52,0.9375,76.8029
73,51,0,126.155,370.465,1406.37,1920
74,3,2,457.623,746.282,564.258,928.533
74,10,1,4.80413,129.902,324.992,1215.08
74,17,3,931.321,1379.1,608.893,1000.05
74,19,3,722.396,1157.48,209,486.709
74,20,3,877.25,1245.51,0,214.809
74,24,3,210.893,711.277,390.52,736.641
74,31,3,1682.5,1984.39,26.9183,249.71
74,35,3,2049.45,2381.5,286.519,555.987
74,43,3,1672.5,2256.25,930.683,1396.51
74,44,0,1072.74,1219.57,125.409,339.88
74,48,3,2307.88,2559.81,0,95.4808
74,50,0,2037.31,2125.77,1.37019,76.2981
74,51,0,166.543,402.585,1342.59,1918.9
74,20,3,1202.31,1520.77,57.1154,228.462
75,3,2,480.63,745.906,569.158,930.631
75,10,1,4.80413,129.902,324.992,1215.08
75,17,3,928.904,1375.53,610.044,996.829
75,19,3,684.623,1117.33,221.734,504.471
75,20,3,866.684,1251.77,0,208.845
75,24,3,149.216,685.821,401.952,752.922
75,31,3,1665.61,1973.15,38.5153,261.443
75,35,3,2080.28,2407.26,264.857,533.243
75,39,4,518.75,599.712,565.385,873.462
75,43,3,1696.61,2252.15,876.37,1329.43
75,44,0,1072.74,1219.57,125.409,339.88
75,48,3,2313.75,2547.79,0,93.5697
75,50,0,2010.17,2100.6,0,80.8053
75,51,0,205.864,433.169,1286.48,1875.31
75,20,3,1185.96,1526.35,56.4663,228.678
76,3,2,461.135,746.989,567.033,934.367
76,17,3,932.453,1377.78,610.451,996.859
76,19,3,631.31,1072.39,228.53,517.406
76,20,3,847.595,1237.46,0,211.137
76,24,3,116.897,642.385,389.663,772.877
76,31,3,1644.31,1960.77,43.7933,262.089
76,35,3,2115.29,2437.91,246.716,511.004
76,39,4,518.75,599.712,565.385,873.462
76,43,3,1708.13,2248.81,826.365,1280.09
76,48,3,2249.33,2516.83,0,100.529
76,50,0,1981.49,2073.89,0,81.9231
76,51,0,242.923,468.321,1226.21,1803.37
76,20,3,1255.67,1521.25,63.4615,238.558
77,3,2,469.273,744.848,571.779,932.238
77,17,3,932.73,1379.55,610.237,998.063
77,19,3,590.704,1024.89,239.568,535.332
77,20,3,830.574,1209.6,3.90874,212.589
77,24,3,75.3428,574.934,430.708,775.648
77,31,3,1630.21,1942.14,47.5945,268.517
77,35,3,2153.1,2464.19,226.884,480.521
77,43,3,1721.55,2254.5,782.743,1221.54
77,48,3,2213.08,2491.54,0,105.108
77,50,0,1958.94,2041.06,0.540866,94.7957
77,51,0,272.147,502.412,1172.14,1738.83
77,20,3,1247.12,1525.19,63.8942,237.837
78,3,2,474.848,744.367,567.616,936.207
78,17,3,930.562,1373.63,609.683,997.508
78,19,3,546.823,979.368,252.985,549.652
78,20,3,812.306,1173.01,5.54383,216.53
78,24,3,24.7205,546.564,445.967,802.465
78,31,3,1605.9,1922.28,58.0187,279.454
78,35,3,2183.07,2497.91,207.01,463.152
78,43,3,1736.91,2256,743.412,1163.66
78,48,3,2182.88,2472.5,0,110.95
78,50,0,1930.53,2020.24,0,104.243
78,51,0,310.604,530.485,1125.48,1673.39
78,20,3,1249.23,1526.15,67.7163,236.034
79,3,2,471.409,746.11,572.437,927.828
79,17,3,930.001,1373.79,609.368,997.763
79,19,3,502.028,941.384,266.109,564.047
79,20,3,788.299,1130.14,11.9934,219.835
79,24,3,0.458927,518.811,457.498,816.091
79,31,3,1571.24,1908.27,63.6458,281.622
79,35,3,2215.95,2536.84,194.06,436.985
79,43,3,1753.58,2248.08,707.756,1106.04
79,48,3,2156.15,2431.54,0.9375,108.75
79,50,0,1909.57,1991.97,0.685093,110.95
79,51,0,348.021,562.992,1088.27,1626.11
79,20,3,1240.58,1536.35,59.9279,230.12
80,3,2,471.61,745.909,562.44,935.49
80,17,3,930.857,1374.96,609.783,998.937
80,19,3,459.798,900.604,276.349,578.388
80,20,3,783.946,1102.73,10.908,227.029
80,24,3,3.79768,466.691,471.439,836.926
80,31,3,1549.84,1889.59,68.6175,290.73
80,35,3,2251.87,2560,174.071,423.928
80,43,3,1774.72,2255.03,673.052,1056.83
80,48,3,2130,2426.92,0,111.094
80,50,0,1880.38,1968.85,0,111.49
80,51,0,385.715,584.07,1042.95,1570.38
80,20,3,1231.44,1543.94,65.1923,236.827
80,53,3,946.731,1271.73,0.811298,44.0805
81,3,2,464.463,747.815,563.286,942.118
81,17,3,932.247,1370,610.694,997.291
81,19,3,424.149,862.541,287.43,590.836
81,20,3,764.922,1080.07,16.2002,235.671
81,24,3,19.2729,427.006,383.597,876.352
81,31,3,1517.73,1865.37,77.6411,299.158
81,35,3,2283.04,2558.55,157.234,402.574
81,43,3,1788.44,2263.47,640.071,1010.14
81,48,3,2111.54,2402.31,0.216347,116.611
81,50,0,1853.25,1934.45,1.65865,115.817
81,51,0,403.594,614.382,1014.24,1526.95
81,20,3,1190.32,1540.95,40.314,242.747
81,53,3,957.885,1265.19,0.342547,43.3594
82,3,2,473.72,745.022,562.273,940.182
82,17,3,931.615,1375.36,610.607,997.204
82,19,3,404.977,821.967,302.2,612.234
82,20,3,750.408,1065.32,20.9347,241.534
82,24,3,1.39103,377.651,516.623,880.952
82,31,3,1486.1,1843.38,85.5492,307.58
82,35,3,2323.45,2559.67,137.325,393.249
82,43,3,1799.84,2266.39,606.65,979.619
82,48,3,2086.92,2380.77,2.19952,121.983
82,50,0,1815.38,1920,0.829325,122.921
82,51,0,433.733,643.545,974,1482.59
82,20,3,1195.3,1588.08,41.0647,239.655
82,53,3,957.885,1265.19,0.342547,43.3594
83,3,2,472.914,739.619,558.955,933.808
83,17,3,931.65,1374.86,611.576,996.948
83,19,3,384.142,784.572,314.537,629.261
83,20,3,733.851,1048.46,22.1447,250.749
83,24,3,0,336.176,522.389,895.416
83,31,3,1458.17,1823.03,86.518,312.956
83,35,3,2353.13,2560,128.91,360.457
83,43,3,1820.91,2276.44,568.062,923.864
83,48,3,2061.83,2347.4,1.29808,130.457
83,50,0,1789.95,1890.05,0.180287,122.632
83,51,0,460.943,663.433,943.305,1433.73
83,20,3,1191.68,1637.14,14.0754,241.233
83,54,3,1495,2426.25,1493.03,1920
84,3,2,467.607,740.97,558.099,939.343
84,17,3,931.057,1376.04,610.179,998.953
84,19,3,332.941,739.528,329.213,645.67
84,20,3,708.51,1024.12,41.9225,259.393
84,24,3,0,322.655,539.109,916.418
84,31,3,1427.35,1793.55,97.8033,324.407
84,35,3,2386.84,2560,112.936,360.745
84,43,3,1837.47,2289.47,541.918,880.93
84,48,3,2032.69,2324.23,1.65866,133.63
84,50,0,1754.33,1864.13,0.324519,125.805
84,51,0,479.592,688.077,909.232,1395.37
84,20,3,1198.83,1645.1,9.85561,241.126
84,54,3,1516.25,2392.5,1403.56,1920
85,3,2,455.787,743.812,566.808,940.154
85,17,3,929.934,1373.29,610.039,1000.72
85,19,3,209.188,695.422,333.377,656.43
85,20,3,691.261,1006.41,43.76,263.365
85,24,3,0,278.876,560.108,936.957
85,31,3,1394.41,1767.56,111.963,334.646
85,35,3,2424.95,2559.66,98.726,359.928
85,43,3,1863.84,2296.34,517.615,853.25
85,48,3,2015.87,2288.75,0.46875,139.435
85,50,0,1713.61,1824.86,0,132.224
85,51,0,503.934,716.791,892.321,1359.72
85,20,3,1201.32,1598.73,3.76652,245.095
85,54,3,1532.5,2367.5,1329.64,1912.42
86,3,2,469.021,745.877,563.057,938.323
86,17,3,930.432,1375.48,610.229,999.383
86,19,3,185.334,660.536,341.286,680.215
86,20,3,674.14,986.375,53.6909,269.707
86,24,3,0.469503,236.195,568.514,974.942
86,31,3,1349.84,1744.35,106.785,343.684
86,35,3,2456.59,2558.8,83.7981,341.394
86,43,3,1886.26,2316.43,487.833,810.413
86,48,3,1997.21,2282.79,0.288463,141.274
86,50,0,1675.38,1798.46,4.11058,135.505
86,51,0,518.523,724.755,868.854,1328.67
86,20,3,1207.42,1561.14,8.97621,241.152
86,54,3,1541.25,2341.25,1260.5,1911.99
87,3,2,474.776,749.008,562.48,947.912
87,17,3,930.143,1376.58,609.005,999.492
87,19,3,163.77,629.952,364.683,712.243
87,20,3,649.327,965.861,76.9162,282.99
87,24,3,0,205.2,591.63,982.989
87,31,3,1318.35,1707.17,117.291,350.604
87,35,3,2496.51,2558.87,58.6298,338.005
87,43,3,1909.99,2327.21,463.086,780.976
87,48,3,1984.23,2280.38,0,140.661
87,50,0,1629.38,1752.16,0.324519,140.445
87,51,0,528.085,735.706,837.847,1300.47
87,20,3,1210.97,1563.14,20.8802,228.013
87,54,3,1551.25,2325,1180.2,1920
88,3,2,442.569,756.901,552.949,913.684
88,17,3,928.295,1374.3,610.916,998.269
88,19,3,107.421,580.337,361.635,723.835
88,20,3,619.929,942.154,76.9683,293.618
88,24,3,0,162.58,594.898,1071.4
88,31,3,1266.19,1674.81,115.145,362.423
88,35,3,2527.98,2558.17,53.0769,285.577
88,43,3,1932.29,2349.18,438.476,754.046
88,48,3,1974.52,2268.56,0.504806,140.553
88,50,0,1585.53,1716.01,0,143.185
88,51,0,551.623,737.95,818.411,1276.1
88,20,3,1210.97,1563.14,20.8802,228.013
88,54,3,1577.5,2288.75,1136.49,1835.53
89,3,2,415.323,718.13,568.422,886.343
89,17,3,932.062,1378.73,608.854,999.53
89,19,3,69.8402,540.482,368.172,744.341
89,20,3,593.589,916.76,76.0329,301.505
89,24,3,0,129.691,610.193,1073.16
89,31,3,1230.22,1641.75,116.755,372.194
89,35,3,2527.98,2558.17,53.0769,285.577
89,43,3,1959.23,2366.17,415.187,716.048
89,48,3,1957.02,2267.6,0.576918,152.308
89,50,0,1548.89,1675.72,0.504806,132.981
89,51,0,561.046,749.891,797.147,1246.86
89,54,3,1582.5,2283.75,1050.24,1734.59
90,3,2,457.79,671.089,567.366,880.167
90,17,3,932.654,1377.22,610.483,997.93
90,19,3,15.2907,501.109,394.766,757.497
90,20,3,567.011,893.832,83.7935,310.619
90,24,3,0,90.3545,648.39,1156.11
90,31,3,1192.17,1616.97,129.228,378.051
90,43,3,1991.13,2387.58,389.823,687.761
90,48,3,1945.58,2251.35,1.37019,153.389
90,50,0,1548.89,1675.72,0.504806,132.981
90,51,0,569.022,755.394,772.782,1217.47
90,54,3,1596.25,2285,998.433,1635.69
91,3,2,462.282,657.122,563.952,873.561
91,17,3,928.713,1377.28,609.184,1000.24
91,19,3,1.61209,456.231,427.574,778.203
91,20,3,538.816,864.442,90.614,325.326
91,24,3,1.23122,49.5652,678.909,1178.88
91,31,3,1147.18,1588.44,138.554,389.374
91,43,3,2020.67,2415.96,370.651,653.595
91,48,3,1934.42,2240.96,0,156.923
91,51,0,576.524,764.587,753.264,1197.25
91,20,3,1223.43,1653.92,24.8442,249.054
91,54,3,1610,2272.5,943.807,1547.44
91,57,3,1535,2436.25,1498.45,1920
92,3,2,455.116,646,563.437,871.764
92,17,3,927.954,1380.19,609.431,999.536
92,19,3,4.42495,417.011,440.981,796.436
92,20,3,502.575,845.499,118.476,333.282
92,24,3,1.23122,49.5652,678.909,1178.88
92,31,3,1107.13,1542.27,146.176,401.335
92,43,3,2045.61,2437.53,348.093,630.416
92,48,3,1924.81,2232.12,0,161.178
92,51,0,581.863,768.235,744.783,1181.3
92,20,3,1202.4,1682.15,24.7747,256.074
92,54,3,1632.5,2278.75,911.835,1471.27
92,57,3,1535,2386.25,1425.17,1917.67
93,3,2,441.689,658.135,564.593,877.89
93,17,3,929.392,1378.95,609.609,1000.57
93,19,3,0,331.514,457.857,822.021
93,20,3,479.203,816.151,121.413,343.878
93,31,3,1066.57,1498.3,153.775,414.204
93,43,3,2089.94,2468.69,320.938,612.081
93,48,3,1913.65,2215.58,0,157.212
93,51,0,602.736,783.021,728.698,1152.09
93,20,3,1203.69,1710.9,52.2372,256.034
93,54,3,1645,2275,868.297,1385.39
93,57,3,1553.75,2367.5,1339.32,1919.55
94,3,2,447.248,645.313,566.95,884.831
94,17,3,930.081,1378.43,610.724,1001.21
94,19,3,0,318.762,474.933,842.323
94,20,3,435.536,782.417,132.455,355.573
94,31,3,1015.48,1449.46,169.176,430.952
94,43,3,2118.46,2514.03,304.246,574.208
94,48,3,1906.15,2210.77,1.51443,160.601
94,51,0,602.029,786.454,714.556,1134.6
94,20,3,1186.62,1739.17,43.0119,263.396
94,54,3,1677.5,2273.75,821.583,1350.94
94,57,3,1566.25,2346.25,1282.83,1913.12
95,3,2,444.427,650.106,565.671,885.264
95,17,3,926.901,1373.98,613.524,995.057
95,19,3,0.126419,300.284,492.727,864.186
95,20,3,393.257,755.191,135.571,374.57
95,31,3,969.786,1408.45,172.104,446.946
95,43,3,2154.99,2539.66,288.628,557.833
95,48,3,1894.62,2197.69,1.15384,163.99
95,51,0,606.894,787.62,699.309,1123.01
95,20,3,1252.71,1750.29,47.4896,258.45
95,54,3,1681.25,2285,769.523,1269.55
95,57,3,1561.25,2325,1200.45,1919.92
95,43,0,1038.94,1148.75,2.37981,194.351
96,3,0,460.733,653.303,564.371,889.076
96,17,3,929.217,1375.98,610.702,996.639
96,19,3,0,265.174,502.955,891.957
96,20,3,375.955,714.47,145.355,382.979
96,31,3,920.763,1366.77,192.402,452.61
96,43,3,2200.51,2558.31,264.374,534.369
96,48,3,1883.46,2193.46,0.288463,163.846
96,51,0,618.363,794.086,685.7,1105.85
96,20,3,1230.27,1783.64,29.1068,258.55
96,54,3,1692.5,2283.75,729.842,1217.36
96,57,3,1572.5,2302.5,1121.79,1902.76
96,43,0,998.221,1100.24,30.1442,202.356
97,3,2,448.861,663.518,565.134,883.754
97,17,3,927.777,1377.44,610.519,997.494
97,19,3,0.686941,223.025,519.035,912.478
97,20,3,331.94,685.231,149.401,393.813
97,31,3,871.018,1324.27,199.836,468.746
97,43,3,2241.15,2557.91,250.397,507.29
97,48,3,1876.15,2185.38,2.30769,165.288
97,50,0,1163.17,1290.67,6.34615,202.788
97,51,0,616.401,801.865,678.162,1084.79
97,20,3,1270.17,1805.2,25.8315,259.486
97,54,3,1737.39,2277.94,696.887,1168.8
97,57,3,1591.08,2280.01,1073.54,1810.01
97,43,0,957.837,1059.09,16.9471,212.812
98,3,2,445.313,664.859,575.136,909.331
98,17,3,928.834,1376.15,612.1,995.595
98,19,3,0,190.001,535.117,925.688
98,20,3,267.497,656.08,158.904,418.176
98,31,3,819.786,1275.98,213.727,478.258
98,43,3,2286.6,2560,232.857,489.031
98,48,3,1867.12,2175.96,1.94711,166.947
98,50,0,1129.09,1250.91,2.88461,211.01
98,51,0,623.185,808.559,667.298,1076.66
98,20,3,1298.79,1826.72,44.526,264.024
98,54,3,1747.3,2285.74,661.445,1151.8
98,57,3,1599.37,2266.79,1024.43,1723.15
98,43,0,914.567,1014.66,19.1827,221.106
99,3,0,432.712,677.35,562.894,886.215
99,17,3,928.22,1374.62,612.152,996.678
99,19,3,0,152.991,550.212,981.323
99,20,3,229.057,614.616,162.794,419.53
99,31,3,769.707,1232.94,223.302,492.047
99,43,3,2326.42,2560,211.975,472.311
99,48,3,1856.73,2167.88,2.66827,166.37
99,50,0,1094.62,1211.54,1.44231,215.192
99,51,0,644.411,817.663,657.975,1066.19
99,20,3,1308.35,1863.61,40.4048,265.382
99,54,3,1757.29,2290.11,627.774,1102.69
99,57,3,1607.51,2252.5,973.074,1651.13
99,43,0,872.596,978.173,25.9615,234.231
100,3,2,447.314,678.283,573.207,911.053
100,17,3,931.617,1374.85,611.775,995.832
100,19,3,0,124.634,566.718,1008.16
100,20,3,188.425,572.95,178.889,437.166
100,31,3,714.845,1186.93,228.54,504.155
100,43,3,2376.72,2560,198.897,450.3
100,48,3,1844.04,2162.12,3.24519,167.957
100,50,0,1058.32,1169.37,19.1827,223.702
100,51,0,656.348,828.21,650.976,1052.03
100,20,3,1318.37,1887.64,40.72,266.661
100,54,3,1775.85,2294.56,593.868,1072.4
100,57,3,1623.21,2240.16,928.295,1561.62
100,43,0,825.529,929.856,25.6731,244.904
101,3,2,415.102,680.443,561.486,886.866
101,17,3,929.131,1374.94,610.714,997.783
101,19,3,0,86.699,571.592,1110.74
101,20,3,141.473,527.786,189.887,459.24
101,31,3,666.715,1134.89,241.866,523.776
101,43,3,2425.1,2559.52,177.837,430.24
101,48,3,1829.23,2155.38,6.63462,168.894
101,50,0,1019.9,1127.79,24.6635,239.135
101,51,0,660.097,825.941,646.937,1039.16
101,20,3,1342.6,1914.37,44.7688,267.478
101,54,3,1788.99,2301.53,562.919,1019.53
101,57,3,1632.05,2235.01,885.682,1514.89
101,43,0,782.019,877.981,48.6058,264.663
102,3,2,441.039,680.097,564.316,887.322
102,17,3,931.897,1373.66,610.083,998.857
102,19,3,2.38115,57.6342,635.385,1181.16
102,20,3,92.908,480.923,200.336,465.869
102,31,3,625.018,1085.09,252.095,537.99
102,43,3,2476.68,2557.16,135.793,417.188
102,48,3,1820.96,2148.27,5.55289,171.274
102,50,0,982.308,1097.69,30.7211,248.942
102,51,0,663.904,832.483,640.619,1028.29
102,20,3,1362.76,1942.4,36.1277,272.306
102,54,3,1798.92,2314.97,539.127,986.365
102,57,3,1653.36,2225.35,845.159,1443.39
102,43,0,731.25,837.212,52.0673,270.721
103,3,2,439.463,677.677,565.464,885.408
103,17,3,931.094,1375.81,612.032,996.182
103,19,3,2.38115,57.6342,635.385,1181.16
103,20,3,32.8925,441.469,218.689,496.907
103,31,3,579.007,1044.39,267.255,549.199
103,43,3,2517.55,2559.38,103.702,390.144
103,48,3,1816.73,2146.35,4.61539,175.385
103,50,0,945.144,1054.86,49.6875,256.37
103,51,0,664.739,834.061,632.185,1020.69
103,20,3,1378.29,1954.41,36.2221,270.448
103,54,3,1826.05,2319.07,506.014,947.394
103,57,3,1659.41,2235.6,791.29,1387.63
103,43,0,687.115,800.577,65.4808,277.788
104,3,2,427.691,667.304,571.129,883.892
104,17,3,931.721,1376.91,611.459,996.925
104,20,3,8.12094,365.402,237.702,513.283
104,31,3,524.701,996.062,276.918,568.701
104,43,3,2517.55,2559.38,103.702,390.144
104,48,3,1730.34,2150.7,10.0432,183.32
104,50,0,907.692,1015.38,48.6058,268.413
104,51,0,662.303,829.611,626.504,1016.88
104,20,3,1396.31,2004.36,38.3002,269.232
104,54,3,1849.53,2326.44,481.735,885.207
104,57,3,1668.33,2231.25,766.411,1335.93
104,43,0,639.183,749.279,65.9135,290.048
104,59,0,798.252,1125.03,1525.51,1919.96
105,3,2,438.776,668.732,566.634,886.149
105,17,3,930.122,1376.42,610.983,997.958
105,20,3,8.39695,360.483,252.211,527.826
105,31,3,481.111,952.126,289.364,583.076
105,48,3,1730.34,2150.7,10.0432,183.32
105,50,0,868.173,976.442,56.0336,280.312
105,51,0,661.235,827.079,624.593,1009.48
105,20,3,1412.3,2032.04,38.0326,277.308
105,54,3,1867.98,2342.25,466.276,834.719
105,57,3,1683.19,2230.52,723.04,1284.28
105,43,0,589.567,701.971,88.8461,315.577
105,59,0,845.696,1104.89,1448.46,1916.77
106,3,2,465.17,665.277,572.966,935.157
106,17,3,932.66,1377.4,611.906,995.963
106,20,3,1.38276,284.804,264.968,561.773
106,31,3,430.293,907.647,301.498,601.114
106,48,3,1791.73,2115.96,7.64423,162.692
106,50,0,826.154,938.461,63.6779,288.245
106,51,0,657.436,824.458,612.725,1003.63
106,20,3,1437.32,2058.28,46.7436,274.818
106,54,3,1894.19,2365.03,433.989,812.368
106,57,3,1697.05,2226.76,690.737,1220.29
106,43,0,536.971,653.798,108.029,324.087
106,59,0,898.876,1153.18,1384.49,1920
107,3,2,472.33,648.826,575.955,917.2
107,17,3,929.536,1375.7,612.41,995.343
107,20,3,1.26196,236.815,279.024,576.336
107,31,3,411.142,864.915,313.297,615.669
107,48,3,1789.81,2111.73,4.03846,164.135
107,50,0,785.337,903.894,99.1587,298.053
107,51,0,648.052,821.135,604.582,990.227
107,20,3,1472.99,2088.81,35.0718,283.924
107,54,3,1917.91,2376.67,413.401,786.734
107,57,3,1710.79,2236.64,661.909,1189.53
107,43,0,478.462,597.692,125.337,334.471
107,59,0,925.933,1200.11,1317.79,1913.95
108,3,2,461.541,658.629,582.449,912.913
108,17,3,929.865,1374.29,611.836,994.022
108,20,3,0,179.184,297.472,608.369
108,31,3,382.574,821.448,328.299,630.56
108,48,3,1789.81,2111.73,4.03846,164.135
108,50,0,747.933,862.837,105.793,313.341
108,51,0,649.057,820.207,604.314,988.69
108,20,3,1487.7,2105.78,40.702,279.642
108,54,3,1945.9,2394.25,391.732,748.84
108,57,3,1719.05,2237.63,630.001,1125.53
108,43,0,427.212,545.096,132.692,354.519
108,59,0,974.258,1209.96,1256.45,1860.71
108,61,0,2357.14,2553.25,1270.59,1846.9
109,3,2,467.652,655.348,568.484,882.969
109,17,3,929.154,1374.27,611.297,993.763
109,20,3,0.0654554,122.172,316.014,653.284
109,31,3,372.137,776.792,340.067,655.405
109,50,0,700.24,822.067,103.558,325.673
109,51,0,649.622,820.563,605.664,985.91
109,20,3,1512.36,2131.95,47.2132,277.723
109,54,3,1973.82,2415.65,364.559,733.542
109,57,3,1733.6,2235.61,604.646,1099.09
109,43,0,378.846,491.154,144.159,351.707
109,59,0,998.386,1233.34,1207.16,1787.42
109,61,0,2337.07,2546.45,1213.93,1766.54
110,3,2,447.01,663.14,562.675,890.207
110,17,3,930.942,1373.6,610.714,993.087
110,20,3,0.0654554,122.172,316.014,653.284
110,31,3,270.043,735.4,347.81,672.682
110,50,0,659.375,777.548,121.803,339.736
110,51,0,643.693,823.056,609.26,990.598
110,20,3,1529.72,2173.84,50.8877,278.962
110,54,3,2000.61,2436.09,344.245,719.222
110,57,3,1743.85,2231.84,576.896,1065.34
110,43,0,378.846,491.154,144.159,351.707
110,59,0,1028.82,1257.24,1159.03,1722.4
110,61,0,2344.39,2540.74,1157.09,1698.61
110,63,0,1307.02,1414.52,5.33654,178.99
111,3,2,440.243,670.705,570.695,882.732
111,17,3,931.496,1373.66,612.011,990.391
111,31,3,205.249,691.008,362.787,707.39
111,50,0,615.048,734.183,125.841,356.755
111,51,0,642.012,821.946,610.412,991.563
111,20,3,1577.56,2213.71,58.2326,279.02
111,54,3,2027.06,2466.1,325.599,697.023
111,57,3,1761.17,2233,547.652,1020.03
111,59,0,1054.49,1282.35,1099.69,1668.17
111,61,0,2332.03,2522.35,1104.16,1633.91
111,63,0,1263.89,1371.49,11.6827,191.25
112,3,2,446.447,665.097,572.694,876.723
112,17,3,931.031,1375.46,611.223,987.943
112,31,3,157.914,652.891,363.093,716.903
112,50,0,564.423,690.962,134.856,365.913
112,51,0,648.648,825.619,611.186,988.772
112,20,3,1615.09,2246.44,58.3765,280.028
112,54,3,2059.89,2500.03,308.827,679.255
112,57,3,1776.34,2232.65,520.716,987.818
112,59,0,1074.37,1310.47,1059.85,1609.24
112,61,0,2315.73,2502.08,1054.79,1570.13
112,63,0,1218.75,1327.4,1.29807,200.625
113,3,2,447.561,668.196,567.374,882.82
113,17,3,931.255,1375.76,610.857,987.854
113,31,3,114.879,606.604,360.412,727.778
113,50,0,514.135,642.788,150.216,388.918
113,51,0,652.742,826.206,611.926,989.213
113,20,3,1632.07,2271.01,58.4408,280.039
113,54,3,2090.16,2523.58,283.304,655.726
113,57,3,1792.75,2239.9,493.787,960.775
113,43,0,152.212,279.712,184.615,431.538
113,59,0,1098.5,1328.03,1020.84,1558.02
113,61,0,2303.43,2490.66,1005.56,1514.4
113,63,0,1175.34,1278.51,5.40866,202.716
114,3,2,455.811,672.046,563.246,932.085
114,17,3,929.785,1373.64,611.707,988.151
114,31,3,67.9002,576.972,391.19,749.958
114,50,0,464.712,593.75,160.024,400.168
114,51,0,653.466,829.447,612.279,988.117
114,20,3,1681.86,2307.99,67.2203,279.705
114,54,3,2131.47,2554.2,267.548,633.928
114,57,3,1802.86,2241.74,477.887,917.439
114,43,0,89.5192,222.788,202.212,446.25
114,59,0,1117.34,1338.76,986.802,1505.93
114,61,0,2292.68,2473.9,960.1,1445.76
114,63,0,1130.7,1227.76,19.8317,214.832
115,3,2,472.464,668.772,569.635,876.423
115,17,3,932.897,1374.69,611.227,989.699
115,31,3,20.0329,526.748,411.534,762.248
115,50,0,413.798,542.356,168.462,406.731
115,51,0,652.113,831.608,613.805,987.812
115,20,3,1722.64,2348.16,64.8287,281.346
115,54,3,2161.05,2557.4,249.66,609.744
115,57,3,1810.02,2260.35,444.501,876.605
115,43,0,38.3654,165.673,221.899,468.101
115,59,0,1149.22,1360.09,951.788,1457.66
115,61,0,2285.47,2468.95,920.789,1393.93
115,63,0,1088.51,1193.03,14.4952,228.389
116,3,2,431.061,679.733,570.208,882.437
116,17,3,931.877,1377.88,611.929,991.326
116,31,3,4.32655,479.123,447.303,797.589
116,48,3,1708.7,2065.29,11.9841,183.075
116,50,0,370.721,483.894,181.37,441.13
116,51,0,659.139,834.904,612.853,987.385
116,20,3,1768.06,2403.74,68.136,278.299
116,54,3,2197.61,2560,233.384,592.853
116,57,3,1816.55,2270.5,443.892,835.81
116,43,0,0.336537,106.106,233.149,488.582
116,59,0,1163.47,1371.88,928.811,1411.87
116,61,0,2275.89,2466.31,876.116,1350.99
116,63,0,1041.11,1148.12,38.5817,239.495
116,75,0,1385.82,1526.49,0,169.904
117,3,2,439.346,661.06,563.796,887.512
117,17,3,931.476,1376.83,611.871,992.568
117,31,3,4.47767,441.614,456.975,819.264
117,48,3,1683.85,2017.69,3.10096,180.216
117,50,0,370.721,483.894,181.37,441.13
117,51,0,662.429,833.495,613.382,986.796
117,20,3,1777.02,2430.96,70.6677,276.013
117,54,3,2234.11,2560,217.165,561.444
117,57,3,1839.94,2270.69,409.809,840.859
117,43,0,1.67067,48.137,243.101,523.053
117,59,0,1190.12,1389.74,885.226,1382.16
117,61,0,2262,2444.63,846.458,1287.25
117,63,0,1001.83,1101.25,70.0962,247.212
117,75,0,1321.49,1464.66,0.0721121,171.851
117,77,3,2113.46,2391.15,0,98.6899
118,3,2,388.378,656.192,568.405,886.286
118,17,3,930.114,1379.79,611.86,987.937
118,31,3,0.135708,331.327,481.723,829.444
118,48,3,1676.99,1998.59,3.58419,196.323
118,51,0,667.064,834.494,615.23,988.166
118,20,3,1800.2,2474.57,62.0421,276.796
118,54,3,2273.32,2559.67,205.633,549.575
118,57,3,1863.49,2284.7,398.095,797.451
118,43,0,1.67067,48.137,243.101,523.053
118,59,0,1212.95,1402.16,864.42,1334.22
118,61,0,2263.13,2425.73,804.529,1239.76
118,63,0,953.894,1056.88,72.2596,258.606
118,75,0,1257.21,1382.79,0,182.091
118,77,3,2053.46,2349.62,1.44231,104.279
119,3,2,389.478,654.625,562.013,937.141
119,17,3,932.175,1379.1,609.518,990.4
119,31,3,0.294094,328.347,493.746,857.976
119,48,3,1663.41,1992.71,6.63654,206.345
119,51,0,671.817,834.057,612.531,991.27
119,20,3,1835.12,2464.93,60.9552,270.069
119,54,3,2310.17,2560,181.558,522.387
119,57,3,1882.82,2308.66,377.583,760.142
119,59,0,1214.32,1429.79,831.129,1306.46
119,61,0,2263.3,2427.81,770.123,1182.25
119,63,0,911.635,1011.44,71.25,269.423
119,75,0,1196.59,1312.64,5.04807,193.413
119,77,3,1985.67,2297.4,1.08173,96.4904
119,79,0,1867.64,2146.54,1323.96,1915.08
119,80,0,2280.74,2544.47,1360.17,1920
120,3,2,393.356,615.449,568.93,870.445
120,17,3,932.312,1377.63,611.331,986.492
120,31,3,0.685024,321.217,511.798,882.487
120,48,3,1647.17,1992.7,13.6141,207.581
120,50,0,123.221,257.933,253.125,511.875
120,51,0,674.161,831.141,612.686,995.867
120,20,3,1862.71,2447.19,58.0968,271.831
120,54,3,2366.39,2560,156.892,507.982
120,57,3,1905.29,2322.03,349.023,741.612
120,59,0,1247.2,1456.02,807.481,1276.13
120,61,0,2261.33,2423.93,733.962,1148.71
120,63,0,864.832,962.861,78.0289,280.529
120,75,0,1128.65,1260.58,3.17308,200.769
120,77,3,1924.62,2275.38,0.144231,86.1058
120,79,0,1873.28,2130.09,1263.64,1878.31
120,80,0,2255.58,2544.88,1288.39,1898.17
121,3,2,378.701,631.397,570.31,861.8
121,17,3,930.936,1379.67,609.884,989.096
121,31,3,0,289.936,534.28,902.894
121,48,3,1625.86,1988.68,13.6266,207.546
121,50,0,51.9732,212.518,270.622,535.445
121,51,0,671.312,832.485,610.43,993.354
121,20,3,1915.27,2520.36,56.2752,277.873
121,54,3,2399.51,2559.23,153.948,477.427
121,57,3,1920.74,2353.13,334.267,715.614
121,59,0,1259.57,1477.21,783.776,1242.02
121,61,0,2261.48,2421.28,704.335,1105.68
121,63,0,816.25,919.135,95.0481,295.529
121,75,0,1072.98,1185.48,18.8942,211.298
121,77,3,1924.62,2275.38,0.144231,86.1058
121,79,0,1886.42,2131.56,1202.39,1765.49
121,80,0,2194.69,2515,1215.7,1811.1
122,3,2,371.53,631.929,573.883,859.527
122,17,3,931.761,1378.43,610.678,994.548
122,31,3,0.357952,238.455,557.981,939.272
122,48,3,1613.65,2028.96,9.5403,208.058
122,50,0,7.11538,140.481,289.255,551.899
122,51,0,669.484,835.774,612.494,992.484
122,20,3,1928.73,2521.83,49.452,286.366
122,54,3,2448.6,2560,136.304,483.262
122,57,3,1947.26,2369.37,317.092,687.249
122,59,0,1292.65,1493.76,763.038,1221.39
122,61,0,2260.41,2417.77,679.733,1067.15
122,63,0,772.163,873.99,108.678,304.688
122,75,0,1014.62,1125.38,23.0048,222.764
122,79,0,1892.29,2126.7,1142.54,1693.94
122,80,0,2233.7,2473.37,1153.01,1717.21
123,3,2,377.402,641.837,582.53,869.292
123,17,3,932.077,1379.8,611.809,997.934
123,31,3,0.259581,202.75,574.261,966.696
123,48,3,1588.94,1939.99,12.2798,216.077
123,50,0,0.264425,81.1298,306.707,571.37
123,51,0,667.613,833.538,612.525,994.515
123,20,3,1964.43,2540.69,47.1706,285.056
123,54,3,2489.57,2556.59,157.067,464.279
123,57,3,1974.98,2383.31,299.309,662.218
123,59,0,1318.21,1509.37,747.001,1189.09
123,61,0,2260.56,2423.32,645.264,1029.69
123,63,0,724.904,827.404,111.274,321.418
123,75,0,956.538,1074.23,20.2644,238.197
123,79,0,1897.45,2128.3,1086.32,1611.7
123,80,0,2228.57,2459.96,1091.97,1640.68
123,81,0,2073.45,2309.14,1448.18,1916.37
124,3,2,371.844,660.644,571.015,925.248
124,17,3,929.774,1372.31,612.38,995.314
124,31,3,0,159.796,592.59,1073.53
124,48,3,1576.37,1954.38,10.7351,216.959
124,50,0,0.264425,81.1298,306.707,571.37
124,51,0,664.763,829.839,613.046,991.832
124,20,3,2004.1,2558.01,43.391,297.834
124,54,3,2489.57,2556.59,157.067,464.279
124,57,3,2000.72,2411.45,270.52,641.581
124,59,0,1335.97,1525.28,722.049,1167.61
124,61,0,2264.94,2417.46,615.806,992.15
124,63,0,679.519,784.327,110.048,327.837
124,75,0,898.75,1024.33,30.7933,246.707
124,79,0,1903.97,2126.79,1036.37,1550.08
124,80,0,2213.55,2452.67,1042.27,1569.7
124,81,0,2062.31,2298.1,1364.77,1920
125,3,2,371.844,660.644,571.015,925.248
125,17,3,934.408,1376.54,611.937,988.657
125,31,3,0,127.658,611.807,1080
125,48,3,1560.35,1939.37,4.41773,222.793
125,51,0,665.654,832.757,612.138,992.267
125,20,3,2049.72,2560,43.7563,298.65
125,57,3,2026.2,2438.53,253.885,610.818
125,59,0,1354.08,1539.95,705.204,1141.13
125,61,0,2268.48,2423.41,586.139,957.893
125,63,0,632.26,737.74,126.635,352.212
125,75,0,840.721,962.356,48.8942,254.567
125,79,0,1909.02,2136.58,977.972,1483.72
125,80,0,2196.81,2433.72,991.039,1502.25
125,81,0,2057.45,2294.65,1288.4,1873.21
126,3,2,250.327,603.446,587.147,860.684
126,17,3,933.582,1372.59,610.839,988.573
126,31,3,0,91.6949,642.578,1084.07
126,48,3,1539.76,1884.7,12.5096,221.063
126,51,0,665.712,832.286,609.198,994.725
126,20,3,2089.91,2560,41.4244,294.065
126,57,3,2053.82,2464.95,239.893,587.453
126,59,0,1370.03,1549.96,686.861,1116.82
126,61,0,2272.33,2415.43,561.573,926.293
126,63,0,581.731,690.577,132.404,363.75
126,75,0,782.548,915.914,56.9712,268.413
126,79,0,1921.43,2133.09,937.679,1416.86
126,80,0,2194.07,2425.97,939.333,1443.6
126,81,0,2032.63,2267.12,1221.71,1789.64
127,3,2,203.835,567.009,590.864,867.287
127,17,3,934.662,1376.51,611.17,987.247
127,31,3,2.25257,56.2257,693.915,1135.25
127,48,3,1509.18,1859.3,14.0327,220.66
127,51,0,667.381,833.793,608.575,993.326
127,20,3,2138.64,2560,40.1813,284.594
127,57,3,2095.87,2500.92,222.183,564.689
127,59,0,1393.84,1573.33,667.388,1096.19
127,61,0,2281.56,2420.33,531.383,887.035
127,63,0,532.452,642.163,142.716,369.88
127,75,0,723.173,844.519,59.1346,283.846
127,79,0,1934.19,2136.01,893.684,1366.01
127,80,0,2193.25,2411.34,893.956,1391.5
127,81,0,2025.52,2255.28,1159.6,1704.05
128,3,2,203.835,567.009,590.864,867.287
128,17,3,933.585,1380.01,612.485,991.141
128,31,3,2.25257,56.2257,693.915,1135.25
128,48,3,1476.95,1844.31,21.6167,223.384
128,51,0,669.796,833.867,607.538,997.205
128,20,3,2199.19,2555.69,42.6516,272.123
128,57,3,2126.13,2534.05,209.62,550.042
128,59,0,1405.21,1585.67,660.758,1080.45
128,61,0,2288.89,2421.83,516.117,861.89
128,63,0,484.087,594.375,156.923,394.615
128,75,0,668.846,788.846,88.5577,301.731
128,79,0,1947.03,2142.06,856.551,1305.49
128,80,0,2193.92,2403.79,865.18,1323.65
128,81,0,2026.02,2253.63,1099.79,1626.72
129,17,3,930.107,1379.31,613.291,993.337
129,48,3,1459.96,1811.88,26.8552,235.663
129,51,0,670.813,836.656,609.272,998.51
129,20,3,2249.14,2558.11,39.8425,278.578
129,57,3,2160.31,2557.82,189.626,531.797
129,59,0,1415.08,1600.45,647.27,1067.26
129,61,0,2297.53,2437.05,492.61,828.893
129,63,0,434.712,542.212,169.76,396.202
129,75,0,611.827,748.942,93.3173,316.298
129,79,0,1947.37,2146.35,813.794,1241.08
129,80,0,2196.4,2402.1,819.761,1279.01
129,81,0,2035.68,2235.28,1043.51,1558.98
130,17,3,932.244,1378.44,612.377,992.98
130,48,3,1458.13,1793.6,32.7187,241.782
130,51,0,669.372,833.644,607.278,996.137
130,20,3,2309.54,2560,31.8784,297.997
130,57,3,2194.32,2556.34,178.787,510.755
130,59,0,1430.5,1611.62,641.433,1046.72
130,61,0,2306.2,2431.87,469.386,808.058
130,63,0,381.875,494.279,180.649,402.62
130,75,0,555.337,686.202,128.077,330.288
130,79,0,1957.85,2148.55,783.201,1205.77
130,80,0,2194.93,2406.85,780.972,1228.49
130,81,0,2036.47,2233.5,991.445,1486.68
130,77,3,1292.4,1627.3,0.938995,204.115
131,3,2,61.7121,362.824,558.115,902.12
131,17,3,932.181,1376.72,610.912,984.793
131,48,3,1441.77,1767.56,36.7249,249.703
131,51,0,666.772,832.575,607.876,990.73
131,20,3,2381.51,2555.06,28.6625,308.371
131,57,3,2242.22,2558.94,159.97,484.24
131,59,0,1443.53,1631.36,626.231,1036.9
131,61,0,2303.18,2442.97,451.607,772.922
131,63,0,362.139,450.168,198.534,438.966
131,75,0,493.269,627.5,129.231,335.192
131,79,0,1957.01,2158.37,738.317,1144.3
131,80,0,2193.78,2406.33,744.792,1183.07
131,81,0,2029.2,2246.65,933.3,1421.46
131,77,3,1229.9,1583.97,3.86684,210.898
132,3,2,6.84959,334.262,557.016,908.804
132,17,3,931.915,1377.92,613.303,986.636
132,48,3,1419.64,1745.18,43.1768,257.878
132,51,0,665.745,832.849,605.707,992.223
132,20,3,2400.97,2559.49,24.3009,311.833
132,57,3,2282.85,2556.35,145.389,471.684
132,59,0,1454.43,1640.12,621.088,1025.98
132,61,0,2314.57,2460.49,430.669,740.505
132,63,0,362.139,450.168,198.534,438.966
132,75,0,431.058,576.635,135.288,350.769
132,79,0,1970.74,2152.79,709.581,1106.69
132,80,0,2195.83,2407.55,716.449,1134.45
132,81,0,2041.28,2250.91,894.453,1363.91
132,77,3,1175.55,1547.33,8.90594,221.002
133,3,2,2.23516,312.602,560.907,933.32
133,17,3,932.878,1377.09,613.055,990.973
133,48,3,1383.92,1727.17,43.2602,261.902
133,51,0,660.943,831.218,605.279,990.312
133,20,3,2400.97,2559.49,24.3009,311.833
133,57,3,2334.38,2554.8,99.021,454.282
133,59,0,1459.97,1647.94,617.001,1015.86
133,61,0,2332.3,2470.7,415.927,721.556
133,75,0,375.721,526.587,135.865,341.25
133,79,0,1984.5,2160.83,683.64,1054.51
133,80,0,2208.99,2411.36,686.087,1097.2
133,81,0,2041.55,2250.7,848.093,1308.02
133,77,3,1119.38,1476.57,25.8004,231.597
134,3,2,2.51879,260.829,563.945,953.326
134,17,3,930.578,1380.22,613.331,992.543
134,48,3,1366.38,1698.92,47.5131,265.117
134,51,0,657.351,828.543,605.229,989.065
134,57,3,2382.12,2558.57,107.587,440.459
134,59,0,1463.18,1646.4,608.139,1006.32
134,61,0,2351.81,2476.94,385.094,698.008
134,63,0,166.106,281.587,241.514,506.178
134,75,0,375.721,526.587,135.865,341.25
134,79,0,1991.19,2166.4,649.869,1011.75
134,80,0,2214.46,2413.79,658.877,1063.97
134,81,0,2052.93,2246.45,804.072,1255.54
134,77,3,1066.28,1415.8,35.691,240.435
135,3,2,0,230.259,544.827,944.709
135,17,3,932.469,1378.36,610.965,991.382
135,48,3,1340.76,1674.27,49.4437,269.263
135,51,0,657.92,829.237,601.15,984.869
135,57,3,2431.9,2558.68,91.1234,418.575
135,59,0,1463.88,1640.55,597.394,992.859
135,61,0,2362.23,2497.69,373.953,668.916
135,63,0,104.231,232.115,258.173,522.981
135,79,0,2009.94,2169.5,614.487,976.987
135,80,0,2226.63,2414.88,626.644,1024.19
135,81,0,2059.99,2241.38,767.754,1205.65
135,77,3,1017.53,1361.12,34.8372,253.96
136,3,2,0,183.525,565.22,942.023
136,17,3,930.035,1378.11,610.663,993.503
136,48,3,1310.9,1650,57.459,277.279
136,51,0,658.391,825.821,599.142,985.069
136,57,3,2485.65,2560,80.0481,389.279
136,59,0,1469.17,1635.82,588.033,982.004
136,61,0,2385.47,2519.58,352.567,647.962
136,63,0,39.7596,171.202,276.635,543.75
136,75,0,195.433,311.106,170.913,388.99
136,79,0,2021.48,2176.75,594.768,940.668
136,80,0,2235.18,2419.52,601.118,987.327
136,81,0,2060.41,2240.08,727.858,1157.29
136,77,3,964.379,1303.39,51.3714,263.701
136,117,2,405.697,495.841,69.5913,284.928
137,3,2,2.14708,125.331,571.051,990.124
137,17,3,930.812,1377.47,612.081,988.709
137,48,3,1284.66,1620.78,61.923,283.846
137,51,0,658.101,823.985,598.771,982.63
137,57,3,2532.68,2559.63,52.7885,355.096
137,59,0,1467.35,1634.7,582.568,980.989
137,61,0,2401.47,2542.8,327.917,624.287
137,63,0,0,108.99,283.702,564.375
137,75,0,128.269,279.038,189.88,425.697
137,79,0,2025.74,2182.8,571.46,874.045
137,80,0,2249.02,2430.59,575.837,958.55
137,81,0,2061.24,2234.45,696.142,1108.26
137,77,3,913.077,1246.42,54.1091,277.499
137,117,2,405.697,495.841,69.5913,284.928
137,119,1,557.5,1875,1385.4,1914.61
138,3,2,0.778058,76.4477,552.573,984.527
138,17,3,932.543,1377.65,611.81,991.763
138,48,3,1260.98,1596.62,66.9037,288.258
138,51,0,657.416,826.036,598.49,982.162
138,57,3,2532.68,2559.63,52.7885,355.096
138,59,0,1458.03,1631.45,578.988,969.678
138,61,0,2440.62,2553.22,314.784,602.524
138,63,0,0,108.99,283.702,564.375
138,75,0,74.2788,204.567,219.231,463.846
138,79,0,2025.74,2182.8,571.46,874.045
138,80,0,2256.97,2439.29,552.811,931.898
138,81,0,2055.08,2233.7,663.741,1065.19
138,77,3,867.061,1196.36,67.9124,287.25
138,119,1,335,1905,1263.06,1920
139,3,2,0.778058,76.4477,552.573,984.527
139,17,3,931.85,1379.24,613.602,988.763
139,48,3,1236.56,1576.65,68.9953,301.086
139,51,0,659.646,825.449,600.879,983.102
139,59,0,1459.58,1627.79,574.412,964.411
139,61,0,2476.32,2557.52,293.51,600.721
139,75,0,7.80995,173.29,211.515,471.914
139,80,0,2264.02,2445.01,531.19,894.666
139,81,0,2064.91,2233.33,628.85,1030.98
139,77,3,824.662,1149.57,85.444,309.572
139,119,1,541.25,1863.75,1154.15,1920
140,17,3,927.697,1381.53,610.237,995.797
140,48,3,1204.61,1547.71,80.432,309.204
140,51,0,658.826,822.697,601.218,983.535
140,59,0,1452.33,1636.31,573.863,965.963
140,61,0,2501.49,2560,267.26,573.317
140,75,0,0,116.346,226.587,487.067
140,80,0,2279.82,2459.44,513.02,862.656
140,81,0,2077.35,2229.95,588.617,985.29
140,77,3,771.862,1101.81,97.7306,324.999
140,119,1,580.625,1845,1120.55,1920
141,17,3,929.338,1381.34,608.836,990.556
141,48,3,1182.2,1523.12,84.4539,311.334
141,51,0,660.292,826.663,596.635,983.411
141,59,0,1458.24,1635.13,570.561,962.088
141,61,0,2501.49,2560,267.26,573.317
141,75,0,0,116.346,226.587,487.067
141,80,0,2292.19,2471.46,487.505,834.484
141,81,0,2080.24,2235.01,568.431,935.955
141,77,3,732.943,1060.08,101.692,335.261
141,119,1,553.75,1862.5,1048.59,1920
142,17,3,933.049,1382.82,602.686,1007.34
142,48,3,1154.99,1504.77,91.6508,312.439
142,51,0,663.681,827.633,594.353,978.705
142,59,0,1458.91,1631.82,561.014,958.9
142,80,0,2303.23,2481.16,466.752,808.018
142,81,0,2098.04,2242.97,546.151,911.919
142,77,3,689.26,1018.56,109.383,355.037
142,117,2,131.202,249.567,140.048,352.933
142,119,1,580,1880,931.409,1917.55
143,17,3,931.156,1387.67,609.022,996.564
143,48,3,1135.75,1476.01,94.0828,323.75
143,51,0,665.528,829.12,596.462,979.409
143,59,0,1444.74,1630.02,560.022,932.412
143,80,0,2317.74,2496.18,443.585,785.289
143,81,0,2105.67,2238.6,516.939,875.468
143,77,3,646.083,974.503,121.348,370.171
143,117,2,131.202,249.567,140.048,352.933
143,119,1,636.562,1871.25,886.863,1907.85
144,17,3,934.922,1386.07,614.252,979.115
144,48,3,1109.79,1454.9,100.544,332.465
144,51,0,664.985,828.977,597.409,980.964
144,59,0,1456.98,1616.98,556.728,875.153
144,80,0,2337.89,2505.61,426.215,763.402
144,81,0,2112.36,2234.89,508.402,849.064
144,77,3,602.627,935.731,134.853,391.59
144,117,0,98.5096,220.913,209.856,462.837
144,119,1,692.5,1900,795.487,1920
144,126,0,1034.66,1143.8,23.0769,229.615
145,17,3,937.551,1385.29,610.36,985.887
145,48,3,1077.93,1431.82,107.028,344.188
145,51,0,664.597,829.714,595.583,979.536
145,59,0,1456.98,1616.98,556.728,875.153
145,80,0,2361.11,2522.56,412.851,726.569
145,81,0,2124.68,2263.49,468.024,819.265
145,77,3,562.443,895.629,152.495,408.653
145,117,0,32.6442,156.394,217.284,477.909
145,119,1,740,1927.5,774.99,1912.8
145,126,0,975.288,1086.25,29.4231,242.596
146,17,3,931.417,1391.04,612.072,983.405
146,48,3,1051.26,1407.06,115.008,350.84
146,51,0,660.517,829.466,595.501,982.56
146,79,0,2196.26,2352.59,377.756,696.181
146,80,0,2372.3,2541.33,387.581,708.895
146,81,0,2135.45,2279.43,445.303,790.613
146,77,3,517.375,853.666,167.983,431.451
146,117,0,0,103.702,233.149,490.312
146,119,1,841.875,1945,698.907,1920
146,126,0,923.846,1036.15,72.1154,256.731
147,17,3,930.657,1349.49,611.249,1050.59
147,48,3,1020.23,1380.05,116.797,358.922
147,51,0,664.62,828.372,595.695,986.744
147,79,0,2231.72,2373.05,371.554,673.475
147,80,0,2403.08,2554.34,372.221,673.773
147,81,0,2141.12,2278.94,440.669,753.126
147,77,3,473.945,813.619,187.908,452.326
147,117,0,1.49039,38.4375,243.678,519.014
147,119,1,862.5,1952.5,669.947,1844.16
147,126,0,877.788,982.212,117.151,264.483
148,17,3,936.985,1342.23,610.436,993.557
148,48,3,993.118,1354.61,126.117,366.007
148,51,0,664.733,827.369,595.354,981.611
148,79,0,2261.23,2401.43,353.015,647.438
148,80,0,2424.34,2557.66,350.68,652.822
148,81,0,2153.35,2281.75,418.834,731.863
148,77,3,424.738,781.323,202.004,469.327
148,117,0,1.49039,38.4375,243.678,519.014
148,119,1,925,1995,561.777,1753.61
148,126,0,815.144,932.548,111.418,282.62
148,128,3,1806.25,2560,1581.54,1919.57
