25.0,38.0,0.0,2149.43,2417.96,1632.15,1917.79
26.0,38.0,0.0,2158.88,2402.06,1561.29,1920.0
27.0,38.0,0.0,2166.09,2404.8,1472.38,1920.0
28.0,38.0,0.0,2166.43,2398.53,1426.47,1918.22
29.0,38.0,0.0,2175.51,2387.95,1373.72,1916.17
30.0,38.0,0.0,2176.48,2387.57,1298.41,1835.2
31.0,38.0,0.0,2176.32,2377.88,1256.94,1773.92
32.0,38.0,0.0,2174.88,2369.24,1191.83,1691.69
33.0,38.0,0.0,2169.29,2367.52,1153.32,1634.73
34.0,38.0,0.0,2162.55,2357.91,1122.44,1578.79
35.0,38.0,0.0,2159.02,2350.0,1062.84,1522.54
36.0,38.0,0.0,2153.07,2341.59,1028.68,1475.1
37.0,38.0,0.0,2147.45,2328.04,981.867,1418.54
38.0,38.0,0.0,2141.83,2318.72,953.539,1376.62
39.0,38.0,0.0,2136.59,2310.18,925.201,1340.05
40.0,38.0,0.0,2130.41,2294.97,884.856,1285.47
41.0,38.0,0.0,2126.73,2284.4,859.762,1254.94
42.0,38.0,0.0,2111.85,2273.22,822.345,1204.76
43.0,38.0,0.0,2107.51,2258.37,796.132,1183.07
44.0,38.0,0.0,2095.86,2247.98,778.527,1150.12
45.0,38.0,0.0,2077.94,2230.69,742.963,1106.27
46.0,38.0,0.0,2069.4,2223.69,726.716,1076.05
47.0,38.0,0.0,2059.25,2206.03,686.945,1037.32
48.0,38.0,0.0,2051.55,2194.9,664.64,1018.17
49.0,38.0,0.0,2041.21,2186.15,657.923,995.625
50.0,38.0,0.0,2027.88,2173.63,638.549,956.469
51.0,38.0,0.0,2022.01,2157.73,626.261,938.299
52.0,38.0,0.0,2012.46,2141.24,599.223,905.076
53.0,38.0,0.0,2005.16,2137.45,583.248,886.684
54.0,38.0,0.0,1992.64,2123.96,564.881,866.433
55.0,38.0,0.0,1985.69,2121.78,545.104,838.773
56.0,38.0,0.0,1979.13,2114.62,530.55,822.041
57.0,38.0,0.0,1980.48,2093.37,510.072,800.697
58.0,38.0,0.0,1976.59,2094.18,499.615,776.538
59.0,38.0,0.0,1973.37,2091.25,482.164,761.683
60.0,38.0,0.0,1968.12,2087.26,467.668,731.178
61.0,38.0,0.0,1968.61,2086.78,453.822,722.524
62.0,38.0,0.0,1961.73,2072.12,439.76,693.894
63.0,38.0,0.0,1961.15,2069.62,432.764,682.428
64.0,38.0,0.0,1963.22,2067.55,417.476,670.601
65.0,38.0,0.0,1962.88,2067.88,403.486,647.668
66.0,38.0,0.0,1964.62,2066.15,394.183,632.74
67.0,38.0,0.0,1965.19,2068.65,380.769,617.308
68.0,38.0,0.0,1965.82,2068.03,377.163,600.721
69.0,38.0,0.0,1967.76,2066.08,363.245,591.562
70.0,38.0,0.0,1968.32,2065.53,353.654,575.192
71.0,38.0,0.0,1966.78,2067.07,346.875,560.048
72.0,38.0,0.0,1977.14,2072.09,332.091,550.024
73.0,38.0,0.0,1969.83,2064.01,328.558,538.558
74.0,38.0,0.0,1978.85,2070.38,321.13,530.986
75.0,38.0,0.0,1984.57,2073.89,311.178,516.13
76.0,38.0,0.0,1982.93,2072.45,304.111,503.005
77.0,38.0,0.0,1983.73,2071.66,297.115,492.115
78.0,38.0,0.0,1986.32,2072.14,292.788,486.635
79.0,38.0,0.0,1988.7,2072.84,285.721,478.125
80.0,38.0,0.0,1988.7,2072.84,272.74,462.837
81.0,38.0,0.0,1987.12,2071.35,273.462,456.923
82.0,38.0,0.0,1988.49,2069.98,264.808,448.269
83.0,38.0,0.0,1987.45,2067.93,259.688,438.966
84.0,38.0,0.0,1988.68,2066.71,255.865,434.135
85.0,38.0,0.0,1983.53,2065.7,241.803,420.505
86.0,38.0,0.0,1975.0,2058.85,238.486,418.63
87.0,38.0,0.0,1976.11,2057.74,237.188,410.12
88.0,38.0,0.0,1977.88,2055.96,231.851,402.188
89.0,38.0,0.0,1978.32,2055.53,226.731,394.615
90.0,38.0,0.0,1977.07,2050.62,222.981,385.673
91.0,38.0,0.0,1973.7,2050.91,213.245,375.793
92.0,38.0,0.0,1970.22,2042.09,213.173,370.096
93.0,38.0,0.0,1969.71,2042.6,213.029,363.317
94.0,38.0,0.0,1967.09,2039.06,207.476,358.486
95.0,38.0,0.0,1958.65,2032.12,201.851,350.264
96.0,38.0,0.0,1955.38,2026.15,197.019,344.712
97.0,38.0,0.0,1950.48,2018.75,189.375,341.106
98.0,38.0,0.0,1946.95,2016.13,184.904,328.558
99.0,38.0,0.0,1947.43,2009.5,186.815,319.724
100.0,38.0,0.0,1932.21,2000.1,172.788,318.75
101.0,38.0,0.0,1932.91,1996.32,176.286,304.291
102.0,38.0,0.0,1932.91,1996.32,176.286,304.291
106.0,38.0,0.0,1898.75,1968.94,152.56,273.786
107.0,38.0,0.0,1897.69,1963.85,143.978,272.849
108.0,38.0,0.0,1894.9,1954.33,141.166,270.469
109.0,38.0,0.0,1892.69,1953.46,138.858,267.007
110.0,38.0,0.0,1886.63,1947.21,130.637,261.382
111.0,38.0,0.0,1883.68,1950.17,124.399,259.832
112.0,38.0,0.0,1884.52,1946.25,123.822,253.197
113.0,38.0,0.0,1883.65,1944.04,121.478,241.695
114.0,38.0,0.0,1882.28,1945.41,120.469,240.974
115.0,38.0,0.0,1881.35,1943.27,115.313,236.322
116.0,38.0,0.0,1881.73,1945.96,111.238,232.608
117.0,38.0,0.0,1880.65,1943.97,109.255,225.649
118.0,38.0,0.0,1882.64,1941.97,102.224,224.026
119.0,38.0,0.0,1882.36,1936.11,96.9231,220.385
120.0,38.0,0.0,1883.46,1938.08,93.8942,213.029
121.0,38.0,0.0,1885.48,1942.21,95.7332,209.748
122.0,38.0,0.0,1886.2,1941.49,86.7548,202.284
123.0,38.0,0.0,1886.63,1941.06,83.0048,203.293
124.0,38.0,0.0,1886.63,1944.13,83.9784,196.695
125.0,38.0,0.0,1886.73,1944.04,81.0937,192.945
126.0,38.0,0.0,1887.6,1946.25,76.0817,191.178
127.0,38.0,0.0,1888.08,1945.77,73.9543,186.526
128.0,38.0,0.0,1889.59,1944.25,67.6803,180.397
129.0,38.0,0.0,1891.3,1942.55,65.4087,178.053
130.0,38.0,0.0,1890.96,1942.88,63.75,170.192
131.0,38.0,0.0,1892.02,1941.83,61.0817,167.957
132.0,38.0,0.0,1893.7,1943.22,52.7163,162.909
133.0,38.0,0.0,1890.94,1942.91,56.1418,160.204
134.0,38.0,0.0,1890.43,1943.41,49.7957,157.897
135.0,38.0,0.0,1890.43,1943.41,45.0721,154.255
136.0,38.0,0.0,1891.2,1942.64,45.7933,151.226
137.0,38.0,0.0,1892.81,1941.03,42.2236,147.584
138.0,38.0,0.0,1892.76,1941.08,36.9591,145.781
139.0,38.0,0.0,1894.83,1939.01,33.8221,140.409
140.0,38.0,0.0,1893.38,1940.47,31.2981,137.019
141.0,38.0,0.0,1896.33,1937.51,31.3702,136.514
142.0,38.0,0.0,1894.98,1935.79,29.8558,131.25
143.0,38.0,0.0,1894.69,1936.08,28.4495,128.329
144.0,38.0,0.0,1893.22,1934.47,23.2572,117.512
145.0,38.0,0.0,1892.76,1934.93,22.6442,118.774
146.0,38.0,0.0,1892.25,1935.44,24.0144,114.736
147.0,38.0,0.0,1888.0,1933.53,14.7837,104.928
148.0,38.0,0.0,1889.13,1932.4,14.6034,105.541
