2.0,1.0,0.0,1557.84,1657.55,67.2836,182.236
2.0,6.0,3.0,1327.31,1535.77,154.615,313.269
2.0,7.0,3.0,2132.88,2445.58,168.606,305.625
2.0,9.0,0.0,1800.34,1895.05,77.5962,204.663
2.0,11.0,0.0,1900.55,1997.91,99.5553,239.099
2.0,12.0,0.0,1957.91,2035.94,151.659,303.822
2.0,13.0,1.0,813.15,1303.41,208.608,691.479
2.0,14.0,0.0,1309.9,1394.71,75.4688,187.608
2.0,16.0,3.0,1678.46,1783.08,0.180289,55.9615
2.0,17.0,1.0,475.625,1126.88,440.077,993.261
2.0,19.0,0.0,1877.61,1922.39,16.226,124.255
3.0,1.0,0.0,1573.46,1669.62,65.9856,185.841
3.0,6.0,3.0,1335.0,1540.38,154.111,312.043
3.0,7.0,3.0,2153.08,2462.31,169.399,305.409
3.0,9.0,0.0,1814.57,1911.59,83.1851,204.7
3.0,11.0,0.0,1918.22,2041.78,100.817,241.298
3.0,12.0,0.0,1951.47,2030.07,151.226,303.101
3.0,13.0,1.0,824.611,1305.27,185.806,683.397
3.0,14.0,0.0,1330.24,1409.76,80.3005,192.007
3.0,16.0,3.0,1684.81,1785.96,0.360577,56.3582
3.0,17.0,1.0,534.288,1117.56,437.475,961.626
3.0,19.0,0.0,1885.91,1926.39,16.6587,120.793
3.0,20.0,3.0,0.0,100.65,1208.66,1854.73
4.0,1.0,0.0,1599.57,1677.36,67.2476,183.714
4.0,6.0,3.0,1339.04,1542.5,150.649,308.005
4.0,7.0,3.0,2175.96,2513.27,173.438,302.812
4.0,9.0,0.0,1820.24,1930.53,82.2837,208.918
4.0,11.0,0.0,1936.39,2066.68,105.541,246.959
4.0,12.0,0.0,1947.69,2030.77,153.786,299.964
4.0,13.0,1.0,822.083,1315.71,208.428,690.475
4.0,14.0,0.0,1339.04,1439.42,72.1154,188.942
4.0,16.0,3.0,1681.78,1785.91,0.0,56.268
4.0,17.0,1.0,511.25,1137.5,419.885,978.839
4.0,19.0,0.0,1885.91,1926.39,16.6587,120.793
4.0,20.0,3.0,0.0,129.962,1196.42,1824.45
5.0,1.0,0.0,1630.43,1704.95,70.637,178.594
5.0,6.0,3.0,1347.69,1549.23,150.0,300.577
5.0,7.0,3.0,2211.44,2554.71,173.69,306.31
5.0,9.0,0.0,1847.64,1958.51,95.5529,210.505
5.0,11.0,0.0,1987.26,2086.59,125.3,254.315
5.0,12.0,0.0,1952.04,2026.42,151.803,297.043
5.0,13.0,1.0,857.899,1332.38,202.399,663.27
5.0,14.0,0.0,1388.58,1456.03,64.2909,169.219
5.0,16.0,3.0,1684.62,1789.23,0.0,52.4459
5.0,17.0,1.0,575.479,1140.18,436.374,938.113
5.0,20.0,3.0,0.0,169.236,1142.19,1747.93
6.0,1.0,0.0,1630.43,1704.95,70.637,178.594
6.0,6.0,3.0,1354.71,1551.44,143.293,296.034
6.0,7.0,3.0,2244.13,2552.79,174.231,307.5
6.0,9.0,0.0,1861.73,1972.12,95.9495,206.935
6.0,11.0,0.0,1997.88,2106.73,123.029,256.875
6.0,12.0,0.0,1953.22,2028.32,151.875,296.394
6.0,13.0,1.0,851.442,1340.15,194.463,654.66
6.0,14.0,0.0,1388.58,1456.03,64.2909,169.219
6.0,16.0,3.0,1689.13,1793.94,0.0,51.5445
6.0,17.0,1.0,578.821,1147.12,430.396,923.392
6.0,19.0,0.0,1910.82,1953.8,18.6058,103.558
6.0,20.0,3.0,0.0,203.996,1120.22,1723.01
7.0,6.0,3.0,1360.34,1553.51,142.284,289.832
7.0,7.0,3.0,2284.9,2558.17,170.95,315.685
7.0,9.0,0.0,1892.07,1984.86,91.6226,214.724
7.0,11.0,0.0,2018.46,2135.38,127.536,256.695
7.0,12.0,0.0,1948.1,2021.13,141.202,289.76
7.0,13.0,1.0,866.669,1343.01,202.098,647.483
7.0,16.0,3.0,1687.26,1795.82,0.0360578,49.0745
7.0,17.0,1.0,591.862,1151.49,375.286,909.254
7.0,19.0,0.0,1912.28,1955.41,18.8582,104.603
7.0,20.0,3.0,0.0,203.996,1120.22,1723.01
8.0,6.0,3.0,1372.4,1544.52,137.452,290.337
8.0,7.0,3.0,2308.37,2559.33,170.697,317.957
8.0,9.0,0.0,1907.28,1997.33,91.262,214.796
8.0,11.0,0.0,2014.04,2152.12,121.37,259.976
8.0,12.0,0.0,1948.2,2021.03,141.094,287.56
8.0,13.0,1.0,865.161,1348.06,198.232,641.989
8.0,16.0,3.0,1690.91,1798.32,0.378606,49.4531
8.0,17.0,1.0,637.591,1175.78,406.207,892.984
8.0,19.0,0.0,1911.84,1958.93,16.4063,105.974
9.0,6.0,3.0,1370.19,1562.12,140.337,285.433
9.0,7.0,3.0,2337.98,2560.0,171.31,313.305
9.0,9.0,0.0,1907.28,1997.33,91.262,214.796
9.0,11.0,0.0,2027.12,2169.81,118.99,259.183
9.0,12.0,0.0,1946.27,2019.88,140.769,285.577
9.0,13.0,1.0,872.556,1346.69,185.002,633.332
9.0,16.0,3.0,1690.91,1798.32,0.378606,49.4531
9.0,17.0,1.0,641.281,1193.04,408.52,880.206
9.0,19.0,0.0,1920.67,1965.48,18.4615,107.019
9.0,24.0,3.0,2.1558,290.612,1027.89,1612.05
10.0,6.0,3.0,1377.16,1559.76,142.139,278.438
10.0,7.0,3.0,2337.98,2560.0,171.31,313.305
10.0,11.0,0.0,2052.4,2199.9,116.07,262.103
10.0,12.0,0.0,1944.69,2021.47,134.495,281.466
10.0,13.0,1.0,881.519,1348.76,150.737,623.576
10.0,16.0,3.0,1697.16,1798.22,0.0,47.0733
10.0,17.0,1.0,668.262,1209.87,386.147,865.963
10.0,19.0,0.0,1930.23,1977.46,16.9471,114.159
10.0,24.0,3.0,2.61307,329.078,998.268,1576.05
11.0,6.0,3.0,1380.77,1566.92,138.534,276.562
11.0,9.0,0.0,1998.94,2065.67,100.24,223.413
11.0,11.0,0.0,2067.74,2215.34,115.529,261.779
11.0,12.0,0.0,1946.85,2022.38,135.505,281.611
11.0,13.0,1.0,883.645,1363.96,176.967,625.626
11.0,14.0,0.0,1541.95,1630.36,87.3678,215.228
11.0,16.0,3.0,1696.83,1801.63,0.0,45.4507
11.0,17.0,1.0,681.491,1223.76,380.125,860.879
11.0,19.0,0.0,1938.25,1984.83,18.3173,113.654
11.0,24.0,3.0,0.0,354.368,986.802,1545.51
12.0,6.0,3.0,1384.23,1572.69,131.502,273.498
12.0,9.0,0.0,2001.27,2097.19,103.81,225.325
12.0,11.0,0.0,2094.62,2246.92,120.938,266.466
12.0,12.0,0.0,1948.85,2020.38,133.089,278.546
12.0,13.0,1.0,906.154,1376.28,198.178,586.573
12.0,14.0,0.0,1556.83,1661.63,88.9904,216.49
12.0,16.0,3.0,1701.44,1806.25,0.0,44.0264
12.0,17.0,1.0,716.576,1229.74,377.69,836.764
12.0,19.0,0.0,1947.79,1993.75,20.6611,114.339
12.0,24.0,3.0,0.0,390.619,947.24,1499.5
12.0,27.0,0.0,1893.63,1930.99,3.20913,84.1226
13.0,1.0,0.0,1812.6,1913.56,93.7139,209.459
13.0,6.0,3.0,1397.88,1566.73,127.356,273.317
13.0,9.0,0.0,2010.48,2118.75,109.832,226.226
13.0,11.0,0.0,2116.88,2261.59,124.075,267.079
13.0,12.0,0.0,1952.36,2013.8,140.192,271.442
13.0,13.0,1.0,907.015,1382.08,170.041,615.208
13.0,14.0,0.0,1572.07,1667.93,90.0,215.769
13.0,16.0,3.0,1704.42,1806.35,0.0,42.8726
13.0,17.0,1.0,743.662,1248.13,374.667,831.729
13.0,19.0,0.0,1956.25,1997.6,22.6442,108.678
13.0,24.0,3.0,0.0,413.295,928.518,1478.63
13.0,27.0,0.0,1892.97,1928.57,5.58894,81.5264
13.0,28.0,0.0,2030.02,2083.82,40.9615,129.087
14.0,1.0,0.0,1833.8,1935.43,92.0192,211.442
14.0,6.0,3.0,1398.94,1568.75,122.957,270.793
14.0,9.0,0.0,2028.46,2137.69,105.072,229.832
14.0,11.0,0.0,2135.87,2282.6,129.339,268.738
14.0,12.0,0.0,1954.52,2014.71,137.308,269.423
14.0,13.0,1.0,899.413,1380.31,113.4,665.395
14.0,14.0,0.0,1599.93,1673.92,103.413,216.49
14.0,16.0,3.0,1703.32,1804.38,0.0,41.8269
14.0,17.0,1.0,741.093,1270.55,281.285,821.547
14.0,19.0,0.0,1958.65,2004.42,19.0745,108.425
14.0,24.0,3.0,0.0,436.179,908.194,1443.6
14.0,27.0,0.0,1892.01,1926.45,5.73317,78.0649
14.0,28.0,0.0,2037.76,2088.39,34.7236,135.469
14.0,31.0,0.0,2130.48,2171.06,5.40866,90.1442
15.0,1.0,0.0,1849.95,1956.2,95.9495,208.377
15.0,6.0,3.0,1404.23,1574.23,120.0,266.538
15.0,9.0,0.0,2056.39,2168.22,110.337,231.49
15.0,11.0,0.0,2158.32,2309.38,127.752,272.921
15.0,12.0,0.0,1948.8,2020.43,126.562,271.226
15.0,13.0,1.0,931.696,1377.11,85.714,594.484
15.0,14.0,0.0,1599.93,1673.92,103.413,216.49
15.0,16.0,3.0,1711.3,1808.7,0.0,40.9435
15.0,17.0,1.0,770.419,1283.08,285.935,802.087
15.0,19.0,0.0,1964.51,2010.88,24.1947,108.642
15.0,24.0,3.0,0.0,467.623,887.612,1400.25
15.0,27.0,0.0,1888.34,1920.89,5.12019,76.6586
15.0,28.0,0.0,2049.18,2101.59,42.7644,138.101
15.0,31.0,0.0,2130.76,2170.78,8.29327,88.4856
15.0,32.0,1.0,1643.68,1843.79,95.3149,316.151
16.0,1.0,0.0,1864.62,1966.15,92.8486,210.901
16.0,6.0,3.0,1407.45,1583.32,116.502,261.959
16.0,9.0,0.0,2074.62,2186.92,105.0,237.692
16.0,11.0,0.0,2184.52,2329.33,132.007,273.281
16.0,12.0,0.0,1949.9,2022.4,124.111,271.37
16.0,13.0,1.0,939.751,1385.05,94.0972,582.183
16.0,16.0,3.0,1712.21,1813.94,0.0,37.518
16.0,17.0,1.0,783.163,1283.95,306.321,792.623
16.0,19.0,0.0,1970.22,2017.48,20.9135,105.288
16.0,24.0,3.0,0.0,494.892,868.158,1376.18
16.0,27.0,0.0,1887.1,1922.13,2.92067,73.9543
16.0,28.0,0.0,2053.53,2103.39,36.5986,139.651
16.0,31.0,0.0,2130.22,2171.32,5.73317,87.4399
16.0,32.0,1.0,1646.48,1842.39,91.9526,314.847
17.0,1.0,0.0,1897.64,1982.36,89.7115,216.346
17.0,6.0,3.0,1411.54,1593.08,118.341,255.793
17.0,9.0,0.0,2099.95,2213.89,109.147,237.584
17.0,11.0,0.0,2208.7,2357.45,125.769,277.212
17.0,12.0,0.0,1948.39,2020.84,125.3,269.315
17.0,13.0,1.0,976.492,1403.74,165.21,499.864
17.0,16.0,3.0,1715.58,1816.73,0.0,35.643
17.0,17.0,1.0,785.258,1299.93,321.67,783.894
17.0,19.0,0.0,1974.21,2019.64,17.4159,103.017
17.0,24.0,3.0,0.0,526.724,833.015,1338.07
17.0,27.0,0.0,1882.14,1920.94,3.64183,72.4399
17.0,28.0,0.0,2057.81,2105.26,32.4159,137.921
17.0,31.0,0.0,2129.74,2168.73,3.28125,88.8101
17.0,32.0,1.0,1650.91,1844.37,88.1396,312.672
17.0,33.0,3.0,1345.77,1461.92,0.198317,45.3786
17.0,34.0,0.0,1307.98,1587.97,1403.46,1917.42
18.0,1.0,0.0,1913.41,2006.59,89.4591,217.175
18.0,6.0,3.0,1422.12,1587.12,109.471,255.433
18.0,9.0,0.0,2120.34,2230.43,105.18,242.993
18.0,11.0,0.0,2227.55,2375.53,126.562,277.284
18.0,12.0,0.0,1945.34,2023.89,128.546,269.82
18.0,13.0,1.0,973.108,1407.21,152.078,492.5
18.0,16.0,3.0,1716.25,1819.13,0.0,34.5793
18.0,17.0,1.0,808.04,1310.42,314.118,769.064
18.0,19.0,0.0,1977.78,2025.3,9.05048,101.286
18.0,24.0,3.0,0.0,550.347,822.064,1310.98
18.0,27.0,0.0,1884.47,1924.76,2.36178,66.869
18.0,28.0,0.0,2058.73,2107.43,30.613,137.272
18.0,31.0,0.0,2128.43,2170.04,2.5601,89.2428
18.0,32.0,1.0,1646.74,1854.95,86.9844,310.205
18.0,33.0,3.0,1336.92,1461.54,1.29808,47.9928
18.0,34.0,0.0,1347.29,1625.37,1342.04,1915.33
18.0,35.0,0.0,1935.26,1975.5,0.0,46.6587
19.0,1.0,0.0,1913.41,2006.59,89.4591,217.175
19.0,6.0,3.0,1425.29,1590.1,107.957,254.639
19.0,9.0,0.0,2138.22,2249.47,111.923,242.885
19.0,11.0,0.0,2255.87,2405.67,132.115,280.962
19.0,12.0,0.0,1941.15,2021.92,123.281,266.142
19.0,13.0,1.0,982.175,1406.82,145.914,492.711
19.0,16.0,3.0,1719.52,1818.94,0.0,34.9038
19.0,17.0,1.0,815.452,1316.6,310.793,760.329
19.0,19.0,0.0,1979.81,2029.42,12.4038,97.5
19.0,24.0,3.0,0.0,563.999,800.983,1286.1
19.0,27.0,0.0,1881.97,1921.11,2.16346,62.5601
19.0,28.0,0.0,2060.91,2108.32,29.8197,135.613
19.0,31.0,0.0,2129.89,2171.65,3.85818,89.5312
19.0,32.0,1.0,1649.71,1859.18,85.7955,305.985
19.0,33.0,3.0,1331.06,1453.56,1.00962,49.976
19.0,34.0,0.0,1388.29,1648.64,1275.44,1898.3
19.0,35.0,0.0,1935.26,1975.5,0.0,46.6587
20.0,6.0,3.0,1428.7,1591.3,106.01,249.087
20.0,9.0,0.0,2166.3,2279.86,112.68,245.589
20.0,11.0,0.0,2280.77,2426.92,134.82,279.699
20.0,12.0,0.0,1948.61,2011.39,130.817,261.49
20.0,13.0,1.0,989.341,1414.04,139.151,477.006
20.0,16.0,3.0,1723.65,1827.12,0.0,33.3443
20.0,17.0,1.0,857.787,1342.57,310.673,756.82
20.0,19.0,0.0,1986.23,2038.39,10.637,95.3005
20.0,24.0,3.0,6.71875,596.25,773.248,1255.3
20.0,27.0,0.0,1882.84,1923.32,1.875,61.875
20.0,28.0,0.0,2062.48,2112.91,28.5216,133.594
20.0,31.0,0.0,2128.08,2170.38,3.78606,89.5312
20.0,32.0,1.0,1649.71,1859.18,85.7955,305.985
20.0,33.0,3.0,1324.57,1444.66,1.35216,53.7801
20.0,34.0,0.0,1442.61,1683.84,1199.41,1797.51
21.0,6.0,3.0,1434.23,1595.0,105.901,244.002
21.0,9.0,0.0,2183.56,2299.52,116.791,245.805
21.0,11.0,0.0,2301.49,2418.51,135.036,279.772
21.0,12.0,0.0,1939.66,2017.26,121.947,264.014
21.0,13.0,1.0,986.306,1416.82,131.424,475.69
21.0,16.0,3.0,1727.4,1826.44,0.0,30.5589
21.0,17.0,1.0,872.908,1358.64,248.149,741.627
21.0,19.0,0.0,1997.19,2042.81,9.26683,104.748
21.0,24.0,3.0,9.53125,610.625,762.596,1231.79
21.0,27.0,0.0,1881.66,1921.42,2.1274,58.5938
21.0,28.0,0.0,2062.36,2113.03,28.125,132.692
21.0,31.0,0.0,2127.72,2170.75,3.78606,89.7476
21.0,32.0,1.0,1653.22,1846.36,75.5464,296.167
21.0,33.0,3.0,1321.83,1428.94,0.631009,54.357
21.0,34.0,0.0,1470.34,1708.91,1148.54,1726.54
21.0,35.0,0.0,1941.23,1981.85,0.0,44.3149
22.0,1.0,0.0,2002.6,2123.56,98.8341,230.589
22.0,6.0,3.0,1440.62,1597.84,104.459,238.233
22.0,9.0,0.0,2210.48,2327.98,112.212,252.404
22.0,11.0,0.0,2331.73,2434.42,143.51,281.971
22.0,12.0,0.0,1943.89,2013.03,121.514,261.851
22.0,13.0,1.0,993.746,1434.07,117.174,455.029
22.0,16.0,3.0,1728.56,1831.44,0.342548,29.8377
22.0,17.0,1.0,882.661,1378.34,257.264,728.029
22.0,19.0,0.0,2004.38,2047.93,7.21154,100.601
22.0,24.0,3.0,53.5938,633.125,736.966,1206.73
22.0,27.0,0.0,1878.85,1918.08,1.22596,59.0625
22.0,28.0,0.0,2060.72,2111.59,25.0962,128.942
22.0,31.0,0.0,2130.35,2174.27,1.65866,90.0
22.0,32.0,1.0,1653.22,1846.36,75.5464,296.167
22.0,33.0,3.0,1312.98,1428.56,0.61298,57.5481
22.0,34.0,0.0,1507.61,1744.14,1084.16,1635.29
22.0,35.0,0.0,1937.48,1973.29,0.0,42.4399
22.0,38.0,0.0,1859.86,1961.68,99.1586,229.111
23.0,1.0,0.0,2015.43,2147.64,102.548,234.375
23.0,6.0,3.0,1443.22,1601.39,102.8,237.296
23.0,9.0,0.0,2229.42,2342.88,114.05,250.853
23.0,11.0,0.0,2350.53,2443.32,144.7,281.07
23.0,12.0,0.0,1942.04,2014.88,121.587,262.356
23.0,13.0,1.0,997.985,1421.54,137.754,470.941
23.0,16.0,3.0,1730.53,1835.62,0.46875,27.8546
23.0,17.0,1.0,880.207,1385.91,257.942,719.94
23.0,19.0,0.0,2005.82,2052.64,7.82452,100.781
23.0,24.0,3.0,82.146,654.97,728.858,1180.82
23.0,27.0,0.0,1877.99,1915.85,0.234375,55.5469
23.0,28.0,0.0,2062.93,2112.45,26.3582,126.526
23.0,31.0,0.0,2130.02,2174.59,2.23558,88.6298
23.0,33.0,3.0,1308.85,1426.54,0.775241,58.4315
23.0,34.0,0.0,1533.95,1760.73,1043.36,1577.8
23.0,35.0,0.0,1937.3,1970.4,0.0,38.9243
23.0,38.0,0.0,1891.95,1988.05,101.394,234.087
24.0,1.0,0.0,2029.86,2170.14,99.3029,239.062
24.0,6.0,3.0,1447.4,1601.83,100.024,232.861
24.0,9.0,0.0,2241.63,2361.44,123.714,256.19
24.0,11.0,0.0,2350.53,2443.32,144.7,281.07
24.0,12.0,0.0,1931.37,2019.4,115.637,260.517
24.0,13.0,1.0,1008.04,1430.67,137.083,474.361
24.0,16.0,3.0,1732.45,1833.7,0.61298,24.7356
24.0,17.0,1.0,896.749,1395.34,254.304,712.595
24.0,19.0,0.0,2011.08,2059.69,3.56971,103.594
24.0,24.0,3.0,105.038,670.844,714.029,1158.98
24.0,27.0,0.0,1876.42,1917.43,0.829327,55.9615
24.0,28.0,0.0,2070.16,2117.54,27.8726,127.175
24.0,31.0,0.0,2127.88,2176.73,2.27163,88.1611
24.0,33.0,3.0,1302.79,1424.9,1.02764,59.8017
24.0,34.0,0.0,1554.18,1783.15,1005.11,1524.88
24.0,35.0,0.0,1937.3,1970.4,0.0,38.9243
24.0,38.0,0.0,1891.95,1988.05,101.394,234.087
24.0,41.0,3.0,7.8125,953.75,1440.44,1917.17
25.0,1.0,0.0,2071.68,2202.16,102.981,240.0
25.0,6.0,3.0,1455.19,1612.5,98.5457,231.166
25.0,9.0,0.0,2271.06,2399.71,128.834,261.743
25.0,12.0,0.0,1938.99,2014.86,118.738,256.262
25.0,13.0,1.0,1012.13,1441.38,114.606,436.4
25.0,16.0,3.0,1736.15,1836.15,0.450721,23.0228
25.0,17.0,1.0,913.056,1405.6,243.262,694.008
25.0,19.0,0.0,2015.22,2064.78,2.88462,103.702
25.0,24.0,3.0,145.786,692.446,695.109,1131.56
25.0,27.0,0.0,1878.05,1918.87,0.378606,52.9147
25.0,28.0,0.0,2067.0,2117.62,26.0697,125.805
25.0,31.0,0.0,2128.39,2173.15,1.40625,87.4399
25.0,33.0,3.0,1294.71,1417.6,1.00962,63.7139
25.0,34.0,0.0,1592.4,1802.96,945.663,1451.16
25.0,38.0,0.0,1974.86,2080.53,108.966,240.361
25.0,41.0,3.0,102.188,1026.25,1345.43,1916.21
25.0,42.0,0.0,1963.45,2005.78,0.0,44.1166
26.0,1.0,0.0,2095.05,2224.95,106.839,239.315
26.0,6.0,3.0,1453.7,1613.99,97.6442,224.856
26.0,9.0,0.0,2285.67,2412.79,124.94,263.041
26.0,12.0,0.0,1935.43,2015.34,115.385,256.442
26.0,13.0,1.0,1012.13,1441.38,114.606,436.4
26.0,16.0,3.0,1737.79,1840.67,0.594952,21.7969
26.0,17.0,1.0,969.511,1428.61,114.204,691.138
26.0,19.0,0.0,2017.4,2065.67,3.24519,101.755
26.0,24.0,3.0,171.916,701.498,678.36,1114.28
26.0,27.0,0.0,1879.35,1917.57,1.26202,52.6803
26.0,28.0,0.0,2066.32,2115.22,18.6058,124.327
26.0,31.0,0.0,2127.02,2174.52,2.59615,90.4327
26.0,33.0,3.0,1290.19,1417.5,1.1899,64.2548
26.0,34.0,0.0,1610.21,1818.04,913.429,1405.77
26.0,38.0,0.0,1989.23,2112.31,110.913,244.471
26.0,41.0,3.0,187.812,1055.0,1293.82,1913.43
26.0,42.0,0.0,1963.2,2006.03,0.0,43.3413
27.0,1.0,0.0,2132.93,2260.91,102.368,246.382
27.0,6.0,3.0,1459.95,1616.97,96.0577,221.538
27.0,9.0,0.0,2314.13,2433.56,126.382,263.329
27.0,12.0,0.0,1935.02,2009.59,113.618,251.286
27.0,16.0,3.0,1737.79,1840.67,0.594952,21.7969
27.0,17.0,1.0,984.471,1448.75,110.227,685.263
27.0,19.0,0.0,2024.64,2070.75,2.84856,99.1226
27.0,24.0,3.0,197.905,729.43,667.694,1082.84
27.0,27.0,0.0,1877.91,1915.94,0.324519,50.7692
27.0,28.0,0.0,2065.17,2113.29,18.6058,118.558
27.0,31.0,0.0,2127.67,2173.87,2.30769,90.8654
27.0,33.0,3.0,1280.1,1409.13,0.991588,67.5541
27.0,34.0,0.0,1636.86,1836.99,868.763,1331.16
27.0,38.0,0.0,2022.12,2153.27,110.697,250.745
27.0,41.0,3.0,288.75,1113.75,1201.32,1832.0
27.0,42.0,0.0,1962.24,2003.92,0.0,40.2224
28.0,1.0,0.0,2161.59,2281.49,104.567,245.048
28.0,6.0,3.0,1464.42,1621.73,94.7236,219.988
28.0,9.0,0.0,2332.07,2440.24,130.349,262.536
28.0,12.0,0.0,1930.05,2002.26,112.752,250.998
28.0,17.0,1.0,995.612,1449.92,118.303,670.77
28.0,19.0,0.0,2026.77,2071.69,1.37019,100.024
28.0,24.0,3.0,207.913,747.281,650.153,1071.22
28.0,27.0,0.0,1876.51,1914.25,0.0,48.0829
28.0,28.0,0.0,2064.3,2114.16,20.2284,119.243
28.0,31.0,0.0,2126.66,2174.88,3.89423,90.2163
28.0,33.0,3.0,1276.44,1403.56,0.0,69.8798
28.0,34.0,0.0,1655.25,1847.63,838.094,1291.0
28.0,38.0,0.0,2048.99,2178.7,116.07,247.392
28.0,41.0,3.0,359.375,1144.38,1169.56,1749.86
28.0,42.0,0.0,1964.69,2004.54,0.018028,39.6094
29.0,1.0,0.0,2186.63,2302.6,106.983,248.69
29.0,6.0,3.0,1468.22,1624.09,91.5144,217.428
29.0,9.0,0.0,2349.13,2444.71,128.51,263.51
29.0,12.0,0.0,1931.71,2003.68,111.851,251.034
29.0,17.0,1.0,994.433,1460.42,130.914,662.8
29.0,19.0,0.0,2031.18,2076.51,1.1899,95.3726
29.0,24.0,3.0,238.06,742.307,641.284,1055.33
29.0,27.0,0.0,1875.29,1912.4,0.0,46.1538
29.0,28.0,0.0,2067.58,2113.95,20.5529,121.082
29.0,31.0,0.0,2128.0,2173.53,2.16346,90.3606
29.0,33.0,3.0,1265.72,1401.97,2.25361,74.1887
29.0,34.0,0.0,1669.33,1858.82,807.125,1252.14
29.0,38.0,0.0,2076.15,2203.85,116.286,251.214
29.0,41.0,3.0,413.125,1184.38,1105.26,1691.83
29.0,42.0,0.0,1962.28,2003.87,0.0,36.247
30.0,1.0,0.0,2215.34,2344.66,111.995,247.716
30.0,6.0,3.0,1476.39,1628.22,81.7788,210.144
30.0,9.0,0.0,2349.13,2444.71,128.51,263.51
30.0,12.0,0.0,1932.55,2002.84,108.93,249.916
30.0,17.0,1.0,1009.22,1481.51,140.401,649.047
30.0,19.0,0.0,2038.29,2084.78,1.04567,93.4976
30.0,24.0,3.0,268.199,760.405,627.697,1030.19
30.0,27.0,0.0,1874.93,1912.76,0.0,46.0637
30.0,28.0,0.0,2061.81,2110.49,17.5962,122.019
30.0,31.0,0.0,2126.48,2171.98,2.74038,89.8558
30.0,33.0,3.0,1260.62,1388.61,2.12741,77.3438
30.0,34.0,0.0,1695.14,1875.73,767.789,1203.56
30.0,38.0,0.0,2114.04,2249.04,124.363,257.849
30.0,41.0,3.0,500.625,1229.38,1047.88,1600.53
30.0,42.0,0.0,1964.11,2005.12,0.0,34.0024
31.0,1.0,0.0,2249.42,2362.88,114.123,249.627
31.0,6.0,3.0,1479.33,1632.98,81.274,210.072
31.0,12.0,0.0,1932.55,2002.84,107.163,248.798
31.0,17.0,1.0,1025.63,1492.99,120.896,647.163
31.0,19.0,0.0,2040.26,2085.89,0.180287,96.3822
31.0,24.0,3.0,287.856,774.892,605.338,1015.16
31.0,27.0,0.0,1875.02,1912.67,0.0,46.1538
31.0,28.0,0.0,2055.99,2107.09,13.4135,117.981
31.0,31.0,0.0,2125.87,2172.6,1.875,89.2788
31.0,33.0,3.0,1255.48,1390.67,0.0,78.7861
31.0,34.0,0.0,1706.01,1885.11,748.255,1165.13
31.0,38.0,0.0,2139.33,2282.21,124.615,260.192
31.0,41.0,3.0,554.062,1251.25,1017.36,1535.69
31.0,42.0,0.0,1963.89,2005.34,0.0,32.3167
32.0,1.0,0.0,2277.5,2408.65,117.007,260.012
32.0,6.0,3.0,1484.18,1635.82,82.6442,206.538
32.0,12.0,0.0,1930.96,2001.35,104.928,246.13
32.0,17.0,1.0,1044.22,1490.39,141.41,632.245
32.0,19.0,0.0,2050.19,2103.65,8.61779,113.474
32.0,20.0,3.0,1.77499,45.5692,1284.17,1897.65
32.0,24.0,3.0,314.738,789.448,598.453,997.614
32.0,27.0,0.0,1872.21,1909.33,0.0,42.4399
32.0,28.0,0.0,2055.99,2107.09,13.4135,117.981
32.0,31.0,0.0,2125.87,2172.6,1.875,89.2788
32.0,33.0,3.0,1232.02,1378.75,0.0,86.9351
32.0,34.0,0.0,1726.24,1897.14,711.715,1123.49
32.0,38.0,0.0,2176.83,2318.56,123.281,266.142
32.0,41.0,3.0,624.688,1291.25,954.91,1461.75
32.0,42.0,0.0,1967.75,2007.63,0.0,35.0391
33.0,1.0,0.0,2298.17,2421.83,123.786,250.349
33.0,6.0,3.0,1485.38,1639.23,80.2644,203.582
33.0,12.0,0.0,1931.27,2001.03,103.089,245.084
33.0,17.0,1.0,1063.86,1514.52,153.38,632.026
33.0,19.0,0.0,2050.79,2103.05,4.39904,111.995
33.0,20.0,3.0,0.0,72.3701,1269.9,1912.2
33.0,24.0,3.0,327.447,796.969,590.86,981.919
33.0,27.0,0.0,1873.58,1911.03,0.0,42.5841
33.0,31.0,0.0,2125.62,2175.91,1.98317,89.3149
33.0,33.0,3.0,1236.06,1371.63,0.0,91.0817
33.0,34.0,0.0,1736.16,1905.23,691.875,1093.76
33.0,35.0,0.0,1942.02,1977.98,0.144231,25.9435
33.0,38.0,0.0,2206.92,2343.85,127.572,269.928
33.0,41.0,3.0,664.375,1317.5,918.56,1419.47
33.0,42.0,0.0,1967.16,2008.22,0.0,33.4255
34.0,1.0,0.0,2329.71,2445.67,117.44,262.752
34.0,6.0,3.0,1489.62,1642.69,78.8582,202.825
34.0,12.0,0.0,1938.75,2002.79,103.558,240.0
34.0,17.0,1.0,1071.07,1511.72,84.7248,615.832
34.0,19.0,0.0,2051.88,2105.05,4.79568,111.382
34.0,20.0,3.0,0.0,100.109,1276.81,1904.23
34.0,24.0,3.0,342.787,803.397,579.656,971.288
34.0,27.0,0.0,1870.79,1910.75,0.0,42.3498
34.0,31.0,0.0,2125.62,2175.91,1.98317,89.3149
34.0,33.0,3.0,1232.02,1367.98,0.0,93.3894
34.0,34.0,0.0,1747.81,1908.51,675.126,1063.18
34.0,35.0,0.0,1942.02,1977.98,0.144231,25.9435
34.0,38.0,0.0,2231.88,2361.97,125.589,270.469
34.0,41.0,3.0,709.375,1335.0,885.769,1371.46
34.0,42.0,0.0,1965.1,2010.29,0.0,32.0192
34.0,48.0,0.0,1801.07,1994.25,1429.88,1919.23
35.0,1.0,0.0,2329.71,2445.67,117.44,262.752
35.0,6.0,3.0,1493.03,1643.89,76.226,198.678
35.0,12.0,0.0,1940.48,2004.13,103.161,238.377
35.0,17.0,1.0,1081.66,1525.23,75.1078,603.628
35.0,19.0,0.0,2052.31,2101.54,2.99279,110.228
35.0,20.0,3.0,0.0,133.54,1230.98,1811.81
35.0,24.0,3.0,358.336,813.274,570.334,953.548
35.0,27.0,0.0,1873.65,1910.96,0.0,40.0601
35.0,34.0,0.0,1760.31,1921.64,645.902,1027.99
35.0,38.0,0.0,2275.14,2398.7,126.274,273.534
35.0,41.0,3.0,771.25,1365.0,842.102,1307.99
35.0,42.0,0.0,1964.98,2007.33,0.0,27.6743
35.0,48.0,0.0,1810.06,1997.39,1319.64,1895.95
36.0,6.0,3.0,1496.68,1644.86,75.3245,197.272
36.0,12.0,0.0,1944.04,2006.73,103.269,236.538
36.0,17.0,1.0,1102.75,1537.21,70.0068,594.031
36.0,19.0,0.0,2052.19,2101.66,2.37981,109.543
36.0,20.0,3.0,0.0,161.65,1212.38,1796.63
36.0,24.0,3.0,375.649,818.505,566.277,938.881
36.0,27.0,0.0,1872.31,1909.23,0.0540859,33.768
36.0,34.0,0.0,1768.32,1928.08,631.057,1004.15
36.0,38.0,0.0,2300.43,2419.57,129.159,273.534
36.0,41.0,3.0,804.375,1385.0,820.4,1256.4
36.0,42.0,0.0,1967.21,2008.17,0.171274,27.6472
36.0,48.0,0.0,1819.26,1991.88,1254.99,1807.73
36.0,51.0,4.0,2222.61,2245.08,0.0,102.8
37.0,6.0,3.0,1499.47,1648.22,72.7284,195.252
37.0,12.0,0.0,1946.73,2010.19,101.863,233.041
37.0,17.0,1.0,1121.33,1543.45,82.1229,585.457
37.0,19.0,0.0,2051.3,2102.55,3.38943,107.668
37.0,20.0,3.0,0.0,203.402,1166.84,1717.16
37.0,24.0,3.0,395.781,827.455,549.578,920.367
37.0,27.0,0.0,1873.45,1911.17,0.0,36.6797
37.0,34.0,0.0,1786.52,1937.93,607.464,973.443
37.0,38.0,0.0,2339.42,2442.12,135.433,276.202
37.0,41.0,3.0,853.102,1420.01,776.347,1211.84
37.0,42.0,0.0,1964.38,2007.93,0.631009,27.8185
37.0,48.0,0.0,1808.97,1997.49,1168.46,1685.44
37.0,51.0,4.0,2226.67,2250.25,0.0,101.43
37.0,52.0,0.0,639.4,962.841,1569.69,1920.0
38.0,6.0,3.0,1503.56,1656.44,70.2404,192.548
38.0,12.0,0.0,1948.75,2011.25,101.899,232.716
38.0,13.0,1.0,1116.46,1522.45,72.8939,408.529
38.0,17.0,1.0,1136.57,1567.54,230.541,577.593
38.0,19.0,0.0,2049.38,2098.32,2.74038,106.01
38.0,20.0,3.0,0.0,218.118,1156.21,1706.26
38.0,24.0,3.0,406.169,835.243,545.139,907.605
38.0,27.0,0.0,1874.28,1910.34,0.46875,32.8486
38.0,34.0,0.0,1793.54,1939.29,592.194,952.357
38.0,38.0,0.0,2363.1,2446.13,135.613,273.714
38.0,41.0,3.0,886.002,1440.46,756.557,1177.83
38.0,42.0,0.0,1963.61,2005.62,0.838341,25.4297
38.0,48.0,0.0,1809.22,2001.18,1124.31,1622.22
38.0,51.0,4.0,2227.34,2249.58,0.0,99.8438
38.0,52.0,0.0,666.531,985.735,1519.65,1917.19
39.0,6.0,3.0,1508.32,1663.99,66.5625,189.014
39.0,12.0,0.0,1947.55,2018.61,95.7692,234.808
39.0,13.0,1.0,1116.46,1522.45,72.8939,408.529
39.0,17.0,1.0,1135.9,1570.3,89.1848,573.591
39.0,19.0,0.0,2047.62,2100.07,1.47837,103.161
39.0,20.0,3.0,0.819168,236.344,1127.18,1638.39
39.0,24.0,3.0,418.523,836.303,535.483,899.013
39.0,27.0,0.0,1875.24,1912.45,0.378606,30.7031
39.0,34.0,0.0,1805.17,1949.05,577.623,933.818
39.0,38.0,0.0,2363.1,2446.13,135.613,273.714
39.0,41.0,3.0,916.68,1456.7,730.491,1147.99
39.0,42.0,0.0,1964.33,2007.98,0.0,23.8251
39.0,48.0,0.0,1814.32,1996.77,1067.19,1558.58
39.0,51.0,4.0,2227.34,2249.58,0.0,99.8438
39.0,52.0,0.0,698.945,1002.64,1466.95,1920.0
40.0,6.0,3.0,1518.27,1666.35,68.6899,184.724
40.0,12.0,0.0,1955.91,2019.47,99.1947,229.075
40.0,17.0,1.0,1151.89,1583.28,79.7008,557.296
40.0,19.0,0.0,2048.11,2096.5,0.612981,102.44
40.0,20.0,3.0,0.0,265.599,1095.94,1625.96
40.0,24.0,3.0,429.193,841.931,527.867,884.801
40.0,27.0,0.0,1877.32,1913.45,0.0,28.2512
40.0,32.0,3.0,1664.86,1833.61,44.5673,235.529
40.0,34.0,0.0,1813.81,1957.02,561.037,902.532
40.0,41.0,3.0,959.077,1481.56,703.012,1101.39
40.0,42.0,0.0,1965.95,2009.43,0.0,23.4736
40.0,48.0,0.0,1817.08,1985.87,994.014,1470.74
40.0,52.0,0.0,737.507,1025.39,1396.56,1920.0
41.0,6.0,3.0,1520.1,1670.67,67.0673,182.74
41.0,12.0,0.0,1958.77,2022.76,98.2572,228.57
41.0,17.0,1.0,1153.27,1589.43,64.6691,547.658
41.0,19.0,0.0,2040.94,2088.29,1.51443,105.938
41.0,20.0,3.0,0.0,296.766,1074.62,1627.49
41.0,24.0,3.0,439.631,848.756,523.124,877.712
41.0,27.0,0.0,1876.47,1914.3,0.0901446,29.9639
41.0,32.0,3.0,1670.29,1834.33,44.5673,233.221
41.0,34.0,0.0,1820.02,1963.16,541.448,889.201
41.0,41.0,3.0,989.522,1493.4,679.099,1073.8
41.0,42.0,0.0,1960.96,2008.27,0.0,24.357
41.0,48.0,0.0,1813.22,1987.49,962.591,1416.27
41.0,52.0,0.0,767.643,1037.76,1354.57,1919.6
42.0,6.0,3.0,1531.2,1671.87,65.2284,179.243
42.0,12.0,0.0,1964.28,2026.49,94.2548,225.938
42.0,13.0,1.0,1204.39,1605.74,171.468,541.172
42.0,17.0,1.0,1147.03,1543.42,39.2501,383.013
42.0,19.0,0.0,2038.49,2084.59,3.42548,103.738
42.0,20.0,3.0,4.35514,322.247,1050.63,1580.83
42.0,24.0,3.0,448.185,852.741,512.586,868.91
42.0,27.0,0.0,1874.88,1912.81,0.0,25.3215
42.0,28.0,0.0,2066.09,2109.29,0.0,86.863
42.0,32.0,3.0,1668.17,1833.37,42.4038,228.894
42.0,34.0,0.0,1832.76,1968.88,524.535,854.918
42.0,41.0,3.0,1022.69,1513.57,651.345,1033.07
42.0,42.0,0.0,1956.71,2006.37,0.0,23.726
42.0,48.0,0.0,1821.81,1987.29,908.651,1342.03
42.0,52.0,0.0,804.192,1059.62,1301.36,1862.26
43.0,6.0,3.0,1532.5,1673.65,63.2091,177.368
43.0,12.0,0.0,1965.38,2028.46,94.1106,223.486
43.0,13.0,1.0,1224.41,1615.99,186.486,534.641
43.0,17.0,1.0,1160.24,1552.83,73.2583,411.526
43.0,19.0,0.0,2037.09,2082.91,3.31731,102.62
43.0,20.0,3.0,3.04647,343.596,1027.36,1559.9
43.0,24.0,3.0,454.728,856.921,510.487,860.773
43.0,27.0,0.0,1876.06,1914.71,0.0,24.4471
43.0,28.0,0.0,2071.44,2113.17,0.0,85.1683
43.0,32.0,3.0,1669.18,1832.36,41.4664,225.361
43.0,34.0,0.0,1839.98,1972.08,517.572,837.087
43.0,41.0,3.0,1049.84,1527.37,638.012,1008.98
43.0,42.0,0.0,1957.31,2005.77,0.0,24.2939
43.0,48.0,0.0,1832.75,1977.75,871.678,1302.84
43.0,52.0,0.0,819.306,1077.87,1255.57,1822.26
43.0,59.0,0.0,2513.85,2560.0,149.207,285.216
43.0,60.0,3.0,1406.44,1524.33,0.0,27.1965
44.0,6.0,3.0,1538.85,1679.62,60.4327,174.808
44.0,12.0,0.0,1969.13,2033.94,95.9135,225.433
44.0,13.0,1.0,1236.2,1623.18,179.346,524.959
44.0,17.0,1.0,1169.8,1555.92,52.3465,421.24
44.0,19.0,0.0,2035.48,2081.44,3.71394,103.738
44.0,20.0,3.0,1.75554,361.096,1014.08,1540.09
44.0,24.0,3.0,458.675,858.665,508.619,846.061
44.0,27.0,0.0,1877.02,1916.83,0.0,24.1496
44.0,28.0,0.0,2074.47,2116.3,0.0,85.3486
44.0,32.0,3.0,1669.76,1831.78,39.7356,222.764
44.0,34.0,0.0,1847.84,1972.84,503.891,819.53
44.0,41.0,3.0,1076.01,1538.42,617.744,977.389
44.0,42.0,0.0,1957.31,2005.77,0.0,24.2939
44.0,48.0,0.0,1829.3,1978.43,840.755,1253.43
44.0,52.0,0.0,838.243,1096.36,1218.49,1771.24
44.0,59.0,0.0,2513.85,2560.0,149.207,285.216
44.0,60.0,3.0,1400.19,1529.04,0.721154,28.738
45.0,6.0,3.0,1539.13,1682.4,54.1226,164.531
45.0,12.0,0.0,1976.08,2042.38,93.3173,222.26
45.0,13.0,1.0,1277.3,1635.11,196.765,519.187
45.0,17.0,1.0,1179.63,1517.03,27.25,397.261
45.0,19.0,0.0,2027.64,2073.89,4.47116,99.375
45.0,20.0,3.0,0.0,393.564,993.631,1499.06
45.0,24.0,3.0,471.854,858.167,492.539,832.048
45.0,27.0,0.0,1877.02,1916.83,0.0,24.1496
45.0,28.0,0.0,2075.38,2118.46,0.0,81.9952
45.0,32.0,3.0,1669.13,1832.4,38.149,214.832
45.0,34.0,0.0,1854.36,1986.84,488.584,802.494
45.0,41.0,3.0,1112.94,1555.74,595.464,950.485
45.0,48.0,0.0,1839.24,1975.43,788.88,1203.48
45.0,52.0,0.0,864.816,1115.47,1162.55,1707.26
45.0,60.0,3.0,1395.77,1531.92,1.20793,38.2752
46.0,6.0,3.0,1544.76,1686.01,54.7716,163.738
46.0,12.0,0.0,1973.75,2047.79,87.9086,223.63
46.0,13.0,1.0,1283.75,1642.87,204.777,509.148
46.0,17.0,1.0,1185.81,1523.7,32.7665,389.843
46.0,19.0,0.0,2026.78,2071.68,4.14663,96.8149
46.0,20.0,3.0,0.0,411.98,974.063,1476.66
46.0,24.0,3.0,479.626,860.136,488.842,834.288
46.0,28.0,0.0,2078.39,2118.53,0.0,81.0577
46.0,32.0,3.0,1673.7,1833.99,37.9327,214.904
46.0,34.0,0.0,1858.55,1991.22,481.092,781.285
46.0,41.0,3.0,1129.35,1571.2,580.258,924.945
46.0,48.0,0.0,1830.88,1981.81,764.661,1167.34
46.0,52.0,0.0,882.326,1129.61,1133.45,1664.76
46.0,60.0,3.0,1395.77,1531.92,1.20793,38.2752
47.0,6.0,3.0,1549.28,1684.57,54.1587,162.188
47.0,12.0,0.0,1983.03,2050.82,91.875,219.952
47.0,13.0,1.0,1306.81,1660.88,183.891,497.158
47.0,17.0,1.0,1177.26,1556.19,31.3408,381.883
47.0,19.0,0.0,2023.97,2068.34,4.21875,94.2188
47.0,20.0,3.0,0.868282,439.693,953.221,1448.15
47.0,24.0,3.0,484.509,860.862,485.805,826.476
47.0,27.0,0.0,1879.38,1917.55,0.0,23.4645
47.0,28.0,0.0,2077.42,2116.43,0.0,79.9399
47.0,32.0,3.0,1671.11,1833.51,36.2019,210.144
47.0,34.0,0.0,1863.54,1993.27,460.37,768.772
47.0,41.0,3.0,1151.61,1583.52,558.452,889.126
47.0,48.0,0.0,1839.1,1973.14,721.353,1114.89
47.0,52.0,0.0,904.123,1150.11,1086.88,1599.09
48.0,6.0,3.0,1550.48,1689.52,53.6899,161.214
48.0,12.0,0.0,1989.74,2053.34,90.6851,218.834
48.0,13.0,1.0,1320.04,1667.77,187.285,489.619
48.0,17.0,1.0,1196.62,1525.71,33.3994,384.372
48.0,19.0,0.0,2020.31,2068.92,2.05529,93.0649
48.0,20.0,3.0,0.0,455.094,933.776,1423.41
48.0,24.0,3.0,491.514,860.137,483.134,816.89
48.0,27.0,0.0,1879.38,1917.55,0.0,23.4645
48.0,28.0,0.0,2076.86,2120.06,0.0,79.1106
48.0,32.0,3.0,1671.88,1835.82,36.7067,207.476
48.0,34.0,0.0,1867.84,1997.13,449.42,756.695
48.0,41.0,3.0,1173.94,1588.26,543.364,867.049
48.0,48.0,0.0,1839.39,1967.92,679.565,1082.58
48.0,52.0,0.0,926.485,1157.37,1061.11,1556.83
48.0,60.0,3.0,1390.67,1532.4,0.018028,42.0252
49.0,6.0,3.0,1559.23,1702.31,46.0817,165.505
49.0,12.0,0.0,1994.18,2061.2,89.6394,217.861
49.0,13.0,1.0,1339.5,1683.22,165.816,491.633
49.0,17.0,1.0,1192.49,1594.2,35.247,382.298
49.0,19.0,0.0,2019.96,2066.19,2.59615,91.5865
49.0,20.0,3.0,0.617638,470.145,918.155,1408.51
49.0,24.0,3.0,493.213,860.219,480.057,809.04
49.0,27.0,0.0,1885.89,1923.34,0.0,21.2109
49.0,28.0,0.0,2079.88,2123.2,0.0,78.2091
49.0,32.0,3.0,1674.71,1836.06,35.1202,205.457
49.0,34.0,0.0,1874.08,2003.87,442.797,749.884
49.0,41.0,3.0,1186.96,1595.08,527.926,851.689
49.0,48.0,0.0,1845.52,1970.58,664.495,1053.52
49.0,52.0,0.0,938.71,1171.46,1034.32,1516.79
49.0,60.0,3.0,1385.43,1522.26,0.0,34.4712
50.0,6.0,3.0,1561.63,1702.98,43.6298,159.591
50.0,12.0,0.0,1999.86,2064.76,85.6731,216.058
50.0,13.0,1.0,1355.15,1693.37,167.115,483.989
50.0,17.0,1.0,1200.82,1586.09,33.5955,374.184
50.0,19.0,0.0,2017.81,2065.26,0.793272,91.9471
50.0,20.0,3.0,0.0,499.26,903.002,1375.96
50.0,24.0,3.0,498.379,856.446,473.663,798.377
50.0,27.0,0.0,1885.89,1923.34,0.0,21.2109
50.0,28.0,0.0,2078.56,2121.44,0.0,80.9495
50.0,32.0,3.0,1677.74,1836.11,36.7067,201.851
50.0,34.0,0.0,1888.99,2003.32,433.197,709.688
50.0,41.0,3.0,1213.78,1606.36,502.876,820.533
50.0,48.0,0.0,1848.7,1969.33,649.131,1009.03
50.0,52.0,0.0,959.048,1185.58,990.713,1460.63
50.0,60.0,3.0,1378.08,1506.54,0.0,37.3918
51.0,6.0,3.0,1564.04,1700.58,45.5048,154.832
51.0,12.0,0.0,2007.09,2069.83,86.0697,214.796
51.0,13.0,1.0,1348.9,1696.63,171.183,477.342
51.0,17.0,1.0,1214.26,1525.99,26.8827,370.615
51.0,19.0,0.0,2016.61,2063.39,0.46875,93.137
51.0,20.0,3.0,0.0,513.657,889.856,1355.59
51.0,24.0,3.0,499.777,855.492,468.318,796.498
51.0,28.0,0.0,2078.56,2121.44,0.0,80.9495
51.0,32.0,3.0,1678.08,1838.85,33.8942,200.192
51.0,34.0,0.0,1892.26,2006.2,422.596,697.788
51.0,41.0,3.0,1227.42,1606.17,496.425,802.696
51.0,48.0,0.0,1849.26,1967.44,605.124,981.421
51.0,52.0,0.0,976.654,1197.42,960.119,1427.51
51.0,60.0,3.0,1378.32,1507.84,0.0,35.1022
52.0,6.0,3.0,1571.3,1714.86,31.8389,150.469
52.0,12.0,0.0,2013.39,2075.84,80.7692,211.298
52.0,13.0,1.0,1358.76,1710.42,168.901,467.895
52.0,17.0,1.0,1221.66,1561.36,21.8357,375.939
52.0,19.0,0.0,2013.31,2060.54,0.0,93.7861
52.0,20.0,3.0,0.0,535.965,872.956,1330.69
52.0,24.0,3.0,501.393,854.856,462.464,788.369
52.0,32.0,3.0,1678.08,1838.85,33.8942,200.192
52.0,34.0,0.0,1895.34,2015.43,409.615,671.538
52.0,41.0,3.0,1242.72,1615.87,476.476,777.668
52.0,48.0,0.0,1846.41,1971.23,588.069,941.664
52.0,52.0,0.0,995.414,1206.69,925.24,1376.49
52.0,60.0,3.0,1370.29,1506.63,0.0,41.881
52.0,64.0,0.0,1803.66,2102.14,1461.33,1920.0
52.0,65.0,0.0,2268.75,2349.71,80.9135,189.519
53.0,6.0,3.0,1573.85,1709.23,36.4543,149.315
53.0,12.0,0.0,2015.84,2076.47,80.2644,207.764
53.0,13.0,1.0,1365.55,1719.61,175.202,455.944
53.0,17.0,1.0,1225.32,1559.59,24.6861,366.39
53.0,19.0,0.0,2013.31,2060.54,0.0,93.7861
53.0,20.0,3.0,0.556793,552.446,852.619,1311.47
53.0,24.0,3.0,503.209,852.299,459.575,785.599
53.0,34.0,0.0,1899.38,2014.47,403.197,662.38
53.0,41.0,3.0,1249.63,1620.87,464.59,762.128
53.0,48.0,0.0,1845.29,1971.15,583.724,917.064
53.0,52.0,0.0,1012.01,1215.0,899.773,1342.51
53.0,60.0,3.0,1360.19,1470.58,0.0,38.8882
53.0,64.0,0.0,1828.83,2099.67,1385.74,1920.0
53.0,65.0,0.0,2249.86,2322.45,77.7404,186.635
54.0,6.0,3.0,1577.16,1718.22,30.9014,145.925
54.0,12.0,0.0,2020.53,2081.01,81.5625,207.332
54.0,13.0,1.0,1375.34,1732.27,169.886,452.036
54.0,17.0,1.0,1232.27,1558.64,30.3039,360.969
54.0,20.0,3.0,0.0,568.232,840.668,1294.17
54.0,34.0,0.0,1905.58,2014.42,393.822,658.486
54.0,41.0,3.0,1263.99,1624.42,455.203,741.902
54.0,48.0,0.0,1854.07,1971.68,549.129,894.903
54.0,52.0,0.0,1022.63,1220.76,875.27,1312.1
54.0,60.0,3.0,1353.08,1468.46,0.0,40.3846
54.0,64.0,0.0,1858.52,2107.23,1316.09,1915.36
54.0,65.0,0.0,2222.36,2300.72,76.226,182.812
55.0,6.0,3.0,1585.72,1725.05,30.8293,143.69
55.0,12.0,0.0,2026.23,2087.62,81.0216,203.546
55.0,13.0,1.0,1389.96,1737.94,165.984,440.625
55.0,17.0,1.0,1246.41,1568.04,17.9902,352.819
55.0,20.0,3.0,1.09375,586.875,824.613,1269.6
55.0,34.0,0.0,1911.06,2018.17,380.841,625.312
55.0,41.0,3.0,1283.72,1625.06,436.534,717.824
55.0,48.0,0.0,1843.34,1972.75,533.812,859.789
55.0,52.0,0.0,1034.1,1228.99,845.249,1266.79
55.0,60.0,3.0,1343.51,1456.49,0.0,40.5288
55.0,64.0,0.0,1882.94,2118.3,1215.19,1796.02
55.0,65.0,0.0,2198.27,2272.5,79.7236,176.286
56.0,6.0,3.0,1589.33,1727.6,27.4399,142.752
56.0,12.0,0.0,2027.93,2088.99,78.0289,201.202
56.0,13.0,1.0,1414.88,1745.96,166.983,432.419
56.0,17.0,1.0,1248.22,1596.45,36.3109,341.165
56.0,20.0,3.0,4.21875,593.125,809.163,1250.85
56.0,28.0,0.0,2083.85,2131.54,0.0,79.2909
56.0,34.0,0.0,1920.14,2024.47,380.481,627.404
56.0,41.0,3.0,1292.21,1632.22,427.33,703.483
56.0,48.0,0.0,1847.55,1968.59,516.771,838.282
56.0,52.0,0.0,1038.8,1238.4,819.588,1237.95
56.0,60.0,3.0,1345.72,1472.74,0.811298,45.5228
56.0,64.0,0.0,1895.84,2130.84,1158.84,1714.83
56.0,65.0,0.0,2186.18,2253.82,70.9976,175.781
57.0,6.0,3.0,1591.39,1722.45,27.3678,140.517
57.0,12.0,0.0,2031.68,2091.39,76.4423,201.346
57.0,13.0,1.0,1414.14,1749.53,147.555,425.67
57.0,17.0,1.0,1254.88,1565.7,42.2229,339.463
57.0,20.0,3.0,9.21875,608.75,793.466,1226.18
57.0,28.0,0.0,2083.85,2131.54,0.0,79.2909
57.0,34.0,0.0,1925.53,2025.24,370.457,610.889
57.0,41.0,3.0,1302.82,1630.6,412.388,680.741
57.0,48.0,0.0,1846.61,1963.52,495.833,811.857
57.0,52.0,0.0,1050.94,1238.13,790.323,1194.82
57.0,60.0,3.0,1326.15,1456.92,0.0,51.4543
57.0,64.0,0.0,1915.65,2141.88,1081.02,1611.55
57.0,65.0,0.0,2163.7,2220.91,61.0457,169.579
58.0,6.0,3.0,1593.75,1726.25,25.024,135.938
58.0,12.0,0.0,2032.26,2093.89,75.9014,196.839
58.0,13.0,1.0,1433.99,1751.02,133.07,427.637
58.0,17.0,1.0,1264.2,1596.98,36.8102,327.385
58.0,20.0,3.0,11.4062,621.875,786.688,1211.09
58.0,28.0,0.0,2085.81,2129.58,0.0,77.7404
58.0,34.0,0.0,1922.79,2027.98,361.947,619.976
58.0,41.0,3.0,1306.16,1631.07,400.085,671.063
58.0,48.0,0.0,1837.78,1960.84,487.692,792.539
58.0,52.0,0.0,1058.3,1240.27,770.087,1166.23
58.0,60.0,3.0,1326.92,1456.15,0.0,56.3582
58.0,64.0,0.0,1935.91,2149.41,1031.2,1547.3
58.0,65.0,0.0,2148.7,2202.07,48.4976,164.387
58.0,68.0,0.0,2006.3,2052.16,0.0360596,80.5168
59.0,6.0,3.0,1596.73,1726.35,25.6731,133.558
59.0,12.0,0.0,2036.03,2093.2,76.0457,197.127
59.0,13.0,1.0,1444.44,1757.09,130.324,417.366
59.0,17.0,1.0,1261.18,1583.91,30.3352,323.969
59.0,20.0,3.0,26.4062,636.875,776.895,1197.22
59.0,28.0,0.0,2086.53,2128.86,0.721153,77.524
59.0,34.0,0.0,1929.42,2030.58,358.197,611.611
59.0,41.0,3.0,1310.82,1633.28,392.506,654.482
59.0,48.0,0.0,1833.81,1965.65,476.494,772.936
59.0,52.0,0.0,1065.98,1250.31,748.181,1136.73
59.0,60.0,3.0,1326.92,1456.15,0.0,56.3582
59.0,64.0,0.0,1943.55,2158.15,988.174,1484.14
59.0,65.0,0.0,2135.48,2190.67,50.3005,163.594
59.0,68.0,0.0,2006.56,2051.9,0.396634,80.3726
60.0,6.0,3.0,1603.41,1725.82,24.5913,132.188
60.0,12.0,0.0,2041.56,2096.9,71.6827,193.99
60.0,13.0,1.0,1463.33,1764.44,133.327,405.425
60.0,17.0,1.0,1268.25,1573.21,28.338,315.871
60.0,20.0,3.0,52.8125,652.5,764.103,1181.82
60.0,28.0,0.0,2090.14,2131.39,0.0,78.7139
60.0,32.0,3.0,1709.04,1857.12,11.6827,181.731
60.0,34.0,0.0,1935.38,2030.77,344.712,597.404
60.0,41.0,3.0,1314.98,1633.53,379.882,634.092
60.0,48.0,0.0,1843.61,1953.32,458.149,751.082
60.0,52.0,0.0,1073.06,1251.81,723.779,1100.51
60.0,64.0,0.0,1959.05,2167.61,916.365,1398.71
60.0,65.0,0.0,2113.46,2169.62,44.8197,156.526
60.0,68.0,0.0,2002.4,2052.98,0.324522,79.2909
61.0,6.0,3.0,1606.49,1728.89,24.5913,130.312
61.0,12.0,0.0,2040.72,2097.74,69.3389,196.19
61.0,13.0,1.0,1469.56,1766.66,131.5,403.797
61.0,17.0,1.0,1276.89,1583.64,15.4628,317.826
61.0,20.0,3.0,70.7812,662.5,749.939,1172.79
61.0,28.0,0.0,2091.78,2129.76,0.0,81.851
61.0,32.0,3.0,1710.53,1861.78,7.13942,176.755
61.0,34.0,0.0,1936.25,2032.98,336.13,586.37
61.0,41.0,3.0,1322.34,1640.57,371.672,620.51
61.0,48.0,0.0,1844.86,1952.07,439.615,735.0
61.0,52.0,0.0,1076.19,1253.47,700.052,1066.45
61.0,64.0,0.0,1977.86,2171.32,879.243,1345.95
61.0,65.0,0.0,2104.98,2153.49,45.9375,152.812
61.0,68.0,0.0,2000.41,2048.82,0.0,79.8678
62.0,6.0,3.0,1610.87,1727.6,22.8606,129.736
62.0,12.0,0.0,2039.5,2102.04,62.8846,190.529
62.0,13.0,1.0,1484.64,1781.52,121.033,398.971
62.0,17.0,1.0,1284.11,1585.22,16.287,312.44
62.0,20.0,3.0,111.214,683.544,731.958,1150.28
62.0,28.0,0.0,2091.78,2129.76,0.0,81.851
62.0,31.0,0.0,2124.62,2167.69,0.0,92.5601
62.0,32.0,3.0,1708.51,1863.8,9.87981,171.707
62.0,34.0,0.0,1938.51,2033.8,329.279,569.567
62.0,41.0,3.0,1330.81,1633.0,356.405,604.031
62.0,48.0,0.0,1839.62,1951.15,428.293,715.168
62.0,52.0,0.0,1082.65,1256.96,677.404,1036.82
62.0,60.0,3.0,1300.48,1424.13,0.306491,55.1863
62.0,64.0,0.0,1993.13,2183.32,829.436,1272.34
62.0,65.0,0.0,2088.31,2133.23,30.8293,153.209
62.0,68.0,0.0,1997.31,2048.85,0.0,78.75
63.0,6.0,3.0,1618.8,1738.13,17.1635,123.462
63.0,12.0,0.0,2042.07,2105.62,63.6418,188.185
63.0,13.0,1.0,1487.2,1783.94,119.081,396.478
63.0,17.0,1.0,1293.39,1588.82,21.3164,308.148
63.0,20.0,3.0,117.181,695.692,729.817,1136.06
63.0,31.0,0.0,2129.28,2172.26,0.0,89.8197
63.0,32.0,3.0,1712.5,1862.88,9.66346,167.452
63.0,34.0,0.0,1941.63,2036.83,320.409,559.399
63.0,41.0,3.0,1334.7,1636.45,349.344,588.532
63.0,48.0,0.0,1835.96,1948.65,422.091,698.293
63.0,52.0,0.0,1087.53,1259.73,658.407,1014.84
63.0,60.0,3.0,1298.03,1423.51,0.414662,55.5469
63.0,64.0,0.0,2000.8,2189.32,795.723,1231.28
63.0,65.0,0.0,2079.23,2126.92,33.4976,142.608
63.0,68.0,0.0,1997.6,2045.48,0.0,78.6058
64.0,6.0,3.0,1622.12,1740.96,18.4255,120.541
64.0,12.0,0.0,2039.18,2102.36,61.7308,185.625
64.0,13.0,1.0,1493.25,1792.82,112.6,393.609
64.0,17.0,1.0,1298.21,1594.43,12.9541,300.557
64.0,20.0,3.0,130.891,706.865,723.548,1121.83
64.0,31.0,0.0,2128.31,2173.23,0.0,87.8005
64.0,32.0,3.0,1710.05,1868.41,9.87981,166.947
64.0,34.0,0.0,1945.29,2033.17,319.615,549.231
64.0,41.0,3.0,1334.01,1632.97,341.018,579.885
64.0,48.0,0.0,1841.68,1949.09,413.798,679.471
64.0,52.0,0.0,1091.78,1255.65,641.626,996.606
64.0,60.0,3.0,1291.11,1413.51,0.306491,56.3762
64.0,64.0,0.0,2010.34,2192.75,766.725,1184.16
64.0,65.0,0.0,2079.23,2126.92,33.4976,142.608
64.0,68.0,0.0,1997.07,2046.01,0.0,79.1466
65.0,6.0,3.0,1624.13,1742.02,17.9928,118.089
65.0,12.0,0.0,2041.88,2096.59,59.351,182.38
65.0,13.0,1.0,1502.68,1795.6,106.025,384.372
65.0,17.0,1.0,1305.33,1598.96,12.0979,294.551
65.0,20.0,3.0,152.303,725.052,713.441,1107.09
65.0,31.0,0.0,2131.71,2172.91,0.0,91.4062
65.0,32.0,3.0,1716.06,1865.48,11.3221,161.034
65.0,34.0,0.0,1943.49,2041.13,308.365,545.481
65.0,41.0,3.0,1343.78,1623.15,328.132,565.75
65.0,48.0,0.0,1836.2,1942.26,394.976,659.639
65.0,52.0,0.0,1089.59,1259.54,622.324,964.028
65.0,60.0,3.0,1279.81,1404.81,0.018028,62.6502
65.0,64.0,0.0,2024.29,2198.6,723.031,1123.65
65.0,68.0,0.0,1998.57,2044.51,0.0,69.6454
66.0,6.0,3.0,1626.49,1745.82,17.3798,115.312
66.0,12.0,0.0,2035.79,2096.51,60.0361,179.675
66.0,13.0,1.0,1503.59,1809.37,119.017,378.085
66.0,17.0,1.0,1306.81,1599.44,18.8091,288.921
66.0,20.0,3.0,164.603,732.895,703.203,1094.17
66.0,28.0,0.0,2093.63,2130.99,0.0,65.5349
66.0,31.0,0.0,2131.71,2172.91,0.0,91.4062
66.0,32.0,3.0,1714.23,1867.31,9.375,164.279
66.0,34.0,0.0,1942.55,2042.07,304.76,536.971
66.0,41.0,3.0,1346.64,1620.67,321.145,555.651
66.0,48.0,0.0,1836.78,1944.76,384.087,641.683
66.0,52.0,0.0,1092.23,1256.46,606.915,940.215
66.0,60.0,3.0,1271.68,1402.16,0.162259,66.0757
66.0,64.0,0.0,2035.46,2200.9,696.573,1085.27
66.0,68.0,0.0,1998.32,2044.76,0.0,68.9062
67.0,6.0,3.0,1631.44,1740.87,17.7404,109.471
67.0,12.0,0.0,2043.75,2094.71,56.0337,175.889
67.0,13.0,1.0,1516.55,1811.48,117.262,370.081
67.0,17.0,1.0,1313.33,1607.96,19.1163,288.57
67.0,20.0,3.0,179.808,748.238,690.014,1076.33
67.0,28.0,0.0,2093.63,2130.99,0.0,65.5349
67.0,32.0,3.0,1714.23,1867.31,9.375,164.279
67.0,34.0,0.0,1947.64,2036.97,293.87,527.091
67.0,41.0,3.0,1350.14,1620.05,308.758,539.684
67.0,48.0,0.0,1830.34,1935.82,377.74,623.221
67.0,52.0,0.0,1097.84,1251.56,584.308,912.52
67.0,60.0,3.0,1266.25,1384.52,0.0180316,68.6719
67.0,64.0,0.0,2048.48,2209.77,660.814,1034.94
67.0,68.0,0.0,1993.68,2037.09,0.0721157,66.4904
68.0,6.0,3.0,1636.11,1754.66,13.4495,110.517
68.0,12.0,0.0,2039.71,2092.6,53.6899,175.349
68.0,13.0,1.0,1516.55,1811.48,117.262,370.081
68.0,17.0,1.0,1316.67,1606.39,29.5876,283.892
68.0,20.0,3.0,198.096,755.804,687.52,1063.23
68.0,32.0,3.0,1725.72,1871.2,6.99519,159.303
68.0,34.0,0.0,1943.85,2034.62,289.255,510.938
68.0,41.0,3.0,1350.13,1622.29,303.848,530.584
68.0,48.0,0.0,1830.38,1932.69,366.49,609.663
68.0,52.0,0.0,1096.94,1250.32,570.261,889.387
68.0,60.0,3.0,1262.84,1386.39,0.0,66.4543
68.0,64.0,0.0,2058.51,2215.42,632.73,1000.53
68.0,68.0,0.0,1993.68,2037.09,0.0721157,66.4904
69.0,6.0,3.0,1640.53,1747.16,15.7933,106.587
69.0,12.0,0.0,2038.82,2093.49,54.6635,174.663
69.0,17.0,1.0,1326.75,1602.13,0.0,281.422
69.0,20.0,3.0,208.896,760.915,679.34,1059.02
69.0,32.0,3.0,1732.02,1871.06,7.71635,156.274
69.0,34.0,0.0,1944.83,2033.63,284.207,503.87
69.0,41.0,3.0,1353.52,1617.82,296.927,519.495
69.0,48.0,0.0,1831.25,1934.9,353.942,594.519
69.0,52.0,0.0,1098.96,1251.15,555.084,869.377
69.0,60.0,3.0,1252.31,1378.46,0.0,68.6719
69.0,64.0,0.0,2068.09,2219.49,611.817,971.397
69.0,65.0,0.0,2008.85,2052.69,19.6154,120.288
70.0,6.0,3.0,1645.96,1754.04,12.3678,104.315
70.0,12.0,0.0,2039.59,2089.64,53.6899,172.752
70.0,17.0,1.0,1336.49,1633.01,0.0,282.83
70.0,20.0,3.0,226.232,768.764,668.068,1044.7
70.0,32.0,3.0,1736.39,1872.84,5.55288,157.716
70.0,34.0,0.0,1944.18,2034.28,276.49,494.856
70.0,41.0,3.0,1357.31,1619.69,289.267,512.053
70.0,48.0,0.0,1832.79,1930.29,341.755,580.168
70.0,52.0,0.0,1099.02,1247.39,532.536,847.713
70.0,64.0,0.0,2085.17,2226.57,583.121,928.01
70.0,65.0,0.0,1996.39,2046.68,10.2043,116.575
71.0,6.0,3.0,1643.89,1759.18,7.89663,97.2476
71.0,12.0,0.0,2039.42,2086.73,56.4303,167.56
71.0,13.0,1.0,1547.33,1824.66,102.639,348.399
71.0,17.0,1.0,1339.57,1632.34,0.0,281.485
71.0,20.0,3.0,236.551,774.337,660.574,1035.37
71.0,28.0,0.0,2094.06,2127.48,0.0,68.6178
71.0,31.0,0.0,2133.85,2170.77,0.036056,89.5312
71.0,32.0,3.0,1738.61,1879.86,8.4375,149.639
71.0,34.0,0.0,1942.5,2032.88,270.144,493.125
71.0,41.0,3.0,1358.37,1617.02,287.957,487.428
71.0,48.0,0.0,1826.11,1930.82,337.788,567.404
71.0,52.0,0.0,1097.25,1246.68,524.587,827.246
71.0,64.0,0.0,2091.08,2230.23,564.692,896.692
71.0,65.0,0.0,1992.2,2038.57,5.26442,111.13
72.0,6.0,3.0,1650.53,1761.78,7.35577,98.7981
72.0,12.0,0.0,2033.73,2083.2,48.6779,163.053
72.0,13.0,1.0,1547.33,1824.66,102.639,348.399
72.0,17.0,1.0,1339.57,1632.34,0.0,281.485
72.0,20.0,3.0,255.564,784.915,651.22,1023.28
72.0,28.0,0.0,2092.0,2129.54,0.0,65.9856
72.0,31.0,0.0,2134.38,2173.32,0.0,91.1899
72.0,32.0,3.0,1744.04,1880.58,7.96875,149.964
72.0,34.0,0.0,1942.91,2029.4,261.779,471.49
72.0,41.0,3.0,1364.9,1619.71,277.933,479.567
72.0,48.0,0.0,1824.71,1926.06,321.202,546.49
72.0,52.0,0.0,1091.82,1242.08,507.524,804.402
72.0,64.0,0.0,2106.83,2241.07,539.364,861.542
72.0,65.0,0.0,1984.68,2033.79,9.69952,105.108
73.0,6.0,3.0,1647.88,1764.42,5.69712,95.2644
73.0,12.0,0.0,2032.0,2081.85,46.9471,160.601
73.0,20.0,3.0,264.044,790.302,647.198,1012.95
73.0,28.0,0.0,2092.0,2129.54,0.0,65.9856
73.0,31.0,0.0,2134.38,2173.32,0.0,91.1899
73.0,32.0,3.0,1741.25,1883.37,10.0961,146.827
73.0,34.0,0.0,1940.91,2028.32,260.769,467.885
73.0,41.0,3.0,1367.79,1616.83,273.101,472.861
73.0,48.0,0.0,1813.99,1918.32,317.091,533.87
73.0,52.0,0.0,1092.86,1239.32,496.382,788.051
73.0,64.0,0.0,2113.72,2245.88,523.196,835.081
73.0,65.0,0.0,1977.48,2028.68,10.024,103.053
74.0,6.0,3.0,1650.77,1764.62,5.40865,95.1202
74.0,12.0,0.0,2029.01,2078.68,45.0,161.827
74.0,17.0,1.0,1357.47,1623.92,4.89026,266.117
74.0,20.0,3.0,279.266,795.597,647.322,1004.52
74.0,32.0,3.0,1744.04,1883.65,9.41106,146.935
74.0,34.0,0.0,1943.27,2025.96,257.74,461.106
74.0,41.0,3.0,1374.33,1616.44,266.827,461.827
74.0,48.0,0.0,1814.57,1917.74,311.827,525.865
74.0,52.0,0.0,1095.14,1239.79,486.214,772.486
74.0,64.0,0.0,2119.74,2257.97,510.292,809.717
74.0,65.0,0.0,1969.28,2012.26,13.4135,104.279
75.0,6.0,3.0,1652.07,1769.47,4.39904,88.6298
75.0,12.0,0.0,2027.38,2077.24,44.1707,155.589
75.0,17.0,1.0,1357.47,1623.92,4.89026,266.117
75.0,20.0,3.0,294.4,804.031,626.297,992.409
75.0,32.0,3.0,1746.06,1887.79,4.50721,135.685
75.0,34.0,0.0,1939.23,2023.85,250.24,453.606
75.0,41.0,3.0,1371.44,1617.79,258.101,448.63
75.0,48.0,0.0,1814.69,1911.47,294.231,507.115
75.0,52.0,0.0,1089.03,1237.08,466.975,749.704
75.0,64.0,0.0,2131.24,2268.49,484.805,781.937
75.0,65.0,0.0,1961.51,2004.64,8.40144,100.925
75.0,68.0,0.0,1995.01,2035.76,0.883414,56.232
75.0,72.0,3.0,0.0,138.043,1132.94,1760.97
76.0,6.0,3.0,1658.37,1772.4,5.04808,87.1154
76.0,12.0,0.0,2023.61,2074.86,43.3414,153.101
76.0,17.0,1.0,1374.37,1625.3,5.80725,260.485
76.0,20.0,3.0,306.002,807.12,625.661,986.273
76.0,28.0,0.0,2093.82,2130.79,0.342547,64.3449
76.0,32.0,3.0,1746.06,1887.79,4.50721,135.685
76.0,34.0,0.0,1939.35,2023.73,243.606,448.125
76.0,41.0,3.0,1373.37,1615.87,251.25,444.519
76.0,48.0,0.0,1809.95,1910.05,285.649,500.12
76.0,52.0,0.0,1085.61,1238.28,459.359,737.909
76.0,64.0,0.0,2150.82,2267.64,465.288,764.711
76.0,65.0,0.0,1957.24,1999.69,8.72596,97.0673
76.0,68.0,0.0,1993.26,2034.43,1.26202,54.988
76.0,72.0,3.0,0.0,166.471,1117.17,1753.22
77.0,6.0,3.0,1668.94,1786.44,1.15385,82.7885
77.0,12.0,0.0,2019.59,2069.64,37.5721,150.361
77.0,17.0,1.0,1378.05,1646.32,2.86962,253.415
77.0,20.0,3.0,314.813,811.485,622.459,975.492
77.0,28.0,0.0,2093.82,2130.79,0.342547,64.3449
77.0,31.0,0.0,2131.47,2173.15,1.69471,86.7909
77.0,34.0,0.0,1936.61,2023.39,234.952,438.317
77.0,41.0,3.0,1378.56,1615.29,234.303,428.005
77.0,48.0,0.0,1804.66,1909.18,280.457,483.389
77.0,52.0,0.0,1081.4,1229.81,442.766,716.797
77.0,64.0,0.0,2162.6,2280.48,446.322,727.716
77.0,65.0,0.0,1945.1,1987.21,5.26443,95.4808
77.0,68.0,0.0,1992.16,2035.53,0.14423,58.6298
77.0,72.0,3.0,4.79327,200.766,1047.8,1677.05
78.0,6.0,3.0,1668.89,1771.11,3.71394,85.637
78.0,12.0,0.0,2016.88,2066.2,33.4255,147.728
78.0,17.0,1.0,1386.14,1636.15,0.266118,246.867
78.0,20.0,3.0,323.752,814.098,621.338,970.685
78.0,28.0,0.0,2092.73,2131.89,0.0,66.0577
78.0,31.0,0.0,2130.77,2173.85,1.40625,86.3582
78.0,34.0,0.0,1933.2,2020.65,231.779,426.49
78.0,41.0,3.0,1379.23,1616.15,237.837,422.163
78.0,48.0,0.0,1804.45,1900.17,275.12,475.457
78.0,52.0,0.0,1089.71,1222.6,437.091,701.755
78.0,64.0,0.0,2172.07,2295.62,438.462,714.231
78.0,65.0,0.0,1943.0,1983.15,1.62259,90.3245
78.0,68.0,0.0,1993.41,2034.28,0.0,64.7776
78.0,72.0,3.0,3.60384,217.842,1003.27,1593.25
79.0,6.0,3.0,1674.28,1781.11,1.26202,83.1851
79.0,12.0,0.0,2015.38,2064.62,32.9567,145.601
79.0,17.0,1.0,1392.16,1631.75,0.0,239.409
79.0,20.0,3.0,329.403,819.87,617.434,966.099
79.0,28.0,0.0,2092.73,2131.89,0.0,66.0577
79.0,31.0,0.0,2130.77,2173.85,1.40625,86.3582
79.0,34.0,0.0,1933.85,2020.0,226.154,420.577
79.0,41.0,3.0,1380.77,1610.0,234.88,414.736
79.0,48.0,0.0,1804.98,1896.56,262.644,463.702
79.0,52.0,0.0,1089.38,1221.39,425.769,691.731
79.0,64.0,0.0,2181.63,2301.44,425.264,700.889
79.0,65.0,0.0,1937.43,1979.5,0.144231,88.2692
79.0,68.0,0.0,1992.14,2032.48,0.0,64.6875
79.0,72.0,3.0,1.96249,237.401,999.052,1573.12
80.0,6.0,3.0,1678.22,1789.47,0.0,81.5625
80.0,12.0,0.0,2011.23,2062.62,31.3702,141.707
80.0,17.0,1.0,1392.16,1631.75,0.0,239.409
80.0,20.0,3.0,336.23,827.535,611.924,956.779
80.0,34.0,0.0,1931.95,2018.82,220.529,411.779
80.0,41.0,3.0,1388.46,1616.15,223.918,405.505
80.0,48.0,0.0,1799.9,1892.4,254.279,451.298
80.0,52.0,0.0,1083.75,1216.25,411.779,672.837
80.0,64.0,0.0,2198.37,2318.56,409.904,672.981
80.0,65.0,0.0,1934.22,1976.55,0.0,82.7524
80.0,68.0,0.0,1991.56,2033.05,0.0,62.1635
80.0,72.0,3.0,5.44724,273.401,955.688,1615.69
80.0,76.0,0.0,1305.94,1347.91,14.4231,117.909
81.0,6.0,3.0,1678.17,1792.6,0.0,80.8413
81.0,12.0,0.0,2007.02,2057.6,27.8726,140.3
81.0,17.0,1.0,1397.84,1635.79,0.0,235.687
81.0,20.0,3.0,348.407,836.425,608.519,953.458
81.0,32.0,3.0,1766.59,1894.95,2.01923,128.798
81.0,34.0,0.0,1931.32,2016.37,216.13,405.793
81.0,41.0,3.0,1392.69,1615.0,219.447,399.591
81.0,48.0,0.0,1799.9,1889.33,247.933,442.067
81.0,52.0,0.0,1083.94,1211.44,401.683,666.202
81.0,64.0,0.0,2209.18,2326.2,399.375,659.856
81.0,65.0,0.0,1926.38,1969.0,0.0,81.6346
81.0,68.0,0.0,1991.56,2033.05,0.0,62.1635
81.0,72.0,3.0,3.38845,297.534,969.346,1589.52
81.0,76.0,0.0,1303.25,1345.99,9.48318,115.132
82.0,6.0,3.0,1688.7,1788.22,0.829325,78.2812
82.0,12.0,0.0,2004.52,2053.94,25.4567,135.938
82.0,17.0,1.0,1404.14,1645.9,0.0,230.455
82.0,20.0,3.0,352.616,834.861,602.374,945.633
82.0,28.0,0.0,2095.34,2132.36,0.0,64.3089
82.0,32.0,3.0,1766.59,1894.95,2.01923,128.798
82.0,34.0,0.0,1925.67,2009.71,206.971,397.644
82.0,41.0,3.0,1396.54,1617.31,213.317,389.567
82.0,48.0,0.0,1796.51,1886.56,243.966,431.034
82.0,52.0,0.0,1080.48,1208.75,393.75,646.442
82.0,64.0,0.0,2226.11,2340.05,387.548,630.721
82.0,65.0,0.0,1920.0,1960.0,1.00962,75.8654
82.0,68.0,0.0,1993.73,2033.97,0.0,55.024
82.0,72.0,3.0,1.24468,329.068,955.541,1586.67
82.0,76.0,0.0,1297.48,1342.52,8.11298,115.637
83.0,6.0,3.0,1690.1,1796.06,2.18149,64.8137
83.0,12.0,0.0,2000.5,2051.8,25.9615,132.548
83.0,17.0,1.0,1404.14,1645.9,0.0,230.455
83.0,20.0,3.0,354.741,836.838,600.566,940.656
83.0,28.0,0.0,2095.34,2132.36,0.0,64.3089
83.0,31.0,0.0,2130.35,2174.27,0.90144,85.8534
83.0,32.0,3.0,1767.4,1897.21,0.973556,124.363
83.0,34.0,0.0,1928.27,2007.12,200.841,386.178
83.0,41.0,3.0,1393.56,1621.83,206.394,380.337
83.0,48.0,0.0,1791.54,1879.23,226.442,421.442
83.0,52.0,0.0,1081.06,1202.02,386.538,635.769
83.0,64.0,0.0,2237.74,2356.11,375.793,615.938
83.0,65.0,0.0,1913.33,1954.36,2.27163,74.0986
83.0,68.0,0.0,1993.73,2033.97,0.0,55.024
83.0,72.0,3.0,0.693932,346.437,944.614,1522.75
83.0,76.0,0.0,1288.25,1337.91,9.05048,124.796
84.0,6.0,3.0,1689.13,1793.94,2.97476,62.2176
84.0,12.0,0.0,2000.89,2051.42,21.3461,132.548
84.0,20.0,3.0,363.124,837.225,597.486,935.919
84.0,31.0,0.0,2130.35,2174.27,0.90144,85.8534
84.0,32.0,3.0,1767.4,1897.21,0.973556,124.363
84.0,34.0,0.0,1926.51,2005.79,197.74,382.644
84.0,41.0,3.0,1398.46,1616.92,201.418,378.389
84.0,48.0,0.0,1788.05,1876.56,223.413,410.625
84.0,52.0,0.0,1072.64,1188.89,377.668,623.293
84.0,64.0,0.0,2252.12,2366.35,365.553,609.447
84.0,65.0,0.0,1905.11,1944.12,1.76682,68.2572
84.0,72.0,3.0,0.993881,368.766,918.623,1514.63
84.0,76.0,0.0,1286.3,1335.24,9.51923,122.668
85.0,6.0,3.0,1689.13,1793.94,2.97476,62.2176
85.0,12.0,0.0,1998.53,2047.62,20.1563,131.575
85.0,20.0,3.0,374.03,839.302,592.582,934.337
85.0,34.0,0.0,1925.38,2006.92,192.188,374.351
85.0,41.0,3.0,1405.0,1622.69,197.38,367.716
85.0,48.0,0.0,1787.16,1874.38,211.875,400.817
85.0,52.0,0.0,1071.01,1187.45,367.644,607.356
85.0,64.0,0.0,2270.72,2390.82,358.918,589.543
85.0,65.0,0.0,1904.69,1944.54,0.234375,66.869
85.0,72.0,3.0,0.0,401.747,893.781,1505.31
85.0,76.0,0.0,1279.42,1331.35,8.6899,127.031
86.0,12.0,0.0,1996.63,2046.44,18.8221,131.466
86.0,20.0,3.0,378.699,839.984,589.532,928.213
86.0,34.0,0.0,1924.45,2007.86,189.88,370.601
86.0,41.0,3.0,1406.25,1621.44,195.433,362.74
86.0,48.0,0.0,1785.65,1875.89,211.875,394.471
86.0,52.0,0.0,1066.54,1188.85,359.135,594.519
86.0,64.0,0.0,2286.06,2400.1,351.202,577.067
86.0,65.0,0.0,1894.89,1938.95,0.216343,62.3438
86.0,72.0,3.0,0.0,415.141,876.635,1478.5
86.0,76.0,0.0,1270.82,1329.18,12.512,127.897
87.0,6.0,3.0,1698.08,1803.46,2.21755,61.0998
87.0,12.0,0.0,1994.01,2039.83,17.5601,123.209
87.0,20.0,3.0,381.213,843.683,586.268,921.904
87.0,34.0,0.0,1924.71,2004.52,185.337,361.01
87.0,41.0,3.0,1409.04,1621.73,186.13,353.293
87.0,48.0,0.0,1782.12,1873.27,202.572,377.524
87.0,52.0,0.0,1063.03,1183.12,350.769,587.308
87.0,64.0,0.0,2307.84,2430.62,331.803,565.312
87.0,65.0,0.0,1889.46,1932.08,1.22596,53.8702
87.0,72.0,3.0,0.0,443.068,873.251,1461.28
87.0,76.0,0.0,1266.68,1324.09,11.5745,129.772
88.0,6.0,3.0,1698.08,1803.46,2.21755,61.0998
88.0,12.0,0.0,1992.63,2038.14,17.3438,119.82
88.0,20.0,3.0,383.761,844.146,584.43,917.372
88.0,34.0,0.0,1924.06,2005.17,180.865,354.519
88.0,41.0,3.0,1410.96,1621.35,183.894,346.587
88.0,48.0,0.0,1780.96,1871.35,197.813,370.457
88.0,52.0,0.0,1060.19,1179.81,342.188,576.274
88.0,64.0,0.0,2330.77,2435.38,341.683,555.433
88.0,65.0,0.0,1889.46,1932.08,1.22596,53.8702
88.0,72.0,3.0,0.0,461.747,860.456,1447.33
88.0,76.0,0.0,1263.34,1321.27,14.2788,129.231
89.0,12.0,0.0,1990.82,2036.88,16.0457,120.685
89.0,20.0,3.0,385.167,845.89,582.978,913.733
89.0,34.0,0.0,1922.09,2004.06,178.197,350.553
89.0,41.0,3.0,1415.48,1629.13,171.274,342.764
89.0,48.0,0.0,1782.19,1867.04,192.764,363.966
89.0,52.0,0.0,1061.97,1171.88,334.327,572.019
89.0,64.0,0.0,2330.77,2435.38,341.683,555.433
89.0,72.0,3.0,0.0,480.106,847.979,1434.86
89.0,76.0,0.0,1262.5,1320.58,14.2788,128.51
90.0,12.0,0.0,1988.83,2035.78,14.2428,115.276
90.0,20.0,3.0,392.863,847.094,579.35,907.531
90.0,32.0,3.0,1786.92,1911.54,1.40625,110.661
90.0,34.0,0.0,1921.49,2001.59,172.139,338.438
90.0,41.0,3.0,1422.02,1624.13,172.284,333.966
90.0,48.0,0.0,1776.51,1863.49,185.409,354.014
90.0,52.0,0.0,1054.76,1168.32,326.971,553.99
90.0,72.0,3.0,0.0,509.727,837.039,1417.22
90.0,76.0,0.0,1260.94,1314.45,17.9928,135.036
91.0,12.0,0.0,1988.55,2036.07,12.1154,113.077
91.0,20.0,3.0,389.847,849.25,568.572,901.514
91.0,32.0,3.0,1783.51,1911.87,0.0,106.911
91.0,34.0,0.0,1921.03,1998.97,167.452,333.894
91.0,41.0,3.0,1419.33,1626.83,167.091,328.774
91.0,48.0,0.0,1777.55,1859.38,181.587,346.298
91.0,52.0,0.0,1051.83,1165.1,321.13,550.024
91.0,72.0,3.0,0.0,526.375,814.19,1396.0
91.0,76.0,0.0,1257.43,1308.73,22.6082,134.459
92.0,12.0,0.0,1984.82,2033.64,10.4207,110.156
92.0,20.0,3.0,395.455,849.533,572.046,895.888
92.0,32.0,3.0,1783.51,1911.87,0.0,106.911
92.0,34.0,0.0,1919.38,1997.55,162.188,328.774
92.0,41.0,3.0,1426.92,1633.08,164.423,322.5
92.0,48.0,0.0,1776.68,1857.16,166.659,335.841
92.0,52.0,0.0,1046.3,1159.86,314.207,537.332
92.0,72.0,3.0,0.0,555.754,806.765,1378.51
92.0,76.0,0.0,1257.81,1306.8,26.2139,136.19
93.0,12.0,0.0,1985.72,2032.74,11.1418,109.507
93.0,20.0,3.0,395.84,850.5,571.836,893.198
93.0,34.0,0.0,1919.98,1996.95,157.5,323.365
93.0,41.0,3.0,1426.44,1635.1,157.788,317.885
93.0,48.0,0.0,1774.57,1853.12,161.538,327.981
93.0,52.0,0.0,1047.69,1158.46,310.529,534.087
93.0,72.0,3.0,0.0,568.04,795.647,1366.7
93.0,76.0,0.0,1254.83,1308.25,23.5817,137.236
94.0,12.0,0.0,1985.02,2033.44,9.84375,107.849
94.0,20.0,3.0,401.829,851.632,570.922,892.952
94.0,34.0,0.0,1919.83,1997.09,154.543,319.111
94.0,41.0,3.0,1434.62,1637.69,154.615,311.538
94.0,48.0,0.0,1774.06,1850.55,158.221,322.067
94.0,52.0,0.0,1045.53,1156.01,306.418,526.082
94.0,72.0,3.0,0.0,593.323,786.431,1358.39
94.0,76.0,0.0,1255.82,1307.26,27.0072,137.849
95.0,12.0,0.0,1986.56,2031.9,9.26682,104.82
95.0,20.0,3.0,409.323,849.82,568.997,886.654
95.0,34.0,0.0,1922.21,1994.71,150.0,311.25
95.0,41.0,3.0,1443.27,1644.42,149.784,304.255
95.0,48.0,0.0,1773.65,1854.04,150.144,311.971
95.0,52.0,0.0,1041.92,1153.46,294.952,513.317
95.0,72.0,3.0,0.0,611.25,787.124,1339.53
95.0,76.0,0.0,1251.56,1305.36,30.7933,139.976
96.0,12.0,0.0,1985.19,2030.19,9.48317,103.954
96.0,20.0,3.0,415.776,848.928,568.411,883.634
96.0,34.0,0.0,1920.34,1993.51,147.188,305.697
96.0,41.0,3.0,1445.38,1648.46,146.899,300.216
96.0,48.0,0.0,1777.02,1853.75,146.322,307.428
96.0,52.0,0.0,1042.36,1154.57,292.788,513.173
96.0,72.0,3.0,5.9375,626.25,781.859,1320.86
96.0,76.0,0.0,1254.47,1308.61,30.0361,143.041
96.0,80.0,0.0,1511.4,1806.11,1511.81,1920.0
97.0,12.0,0.0,1982.88,2029.42,8.79808,101.683
97.0,20.0,3.0,422.54,848.119,558.442,877.109
97.0,34.0,0.0,1920.26,1993.58,142.067,295.817
97.0,41.0,3.0,1449.62,1648.85,141.274,294.014
97.0,48.0,0.0,1773.97,1856.8,128.798,298.702
97.0,52.0,0.0,1036.88,1147.74,288.029,504.087
97.0,72.0,3.0,10.0,650.0,772.284,1306.23
97.0,76.0,0.0,1251.11,1304.28,32.488,144.05
97.0,80.0,0.0,1525.07,1807.8,1435.52,1920.0
98.0,12.0,0.0,1983.85,2028.46,7.86058,100.673
98.0,20.0,3.0,425.618,849.486,561.404,870.492
98.0,31.0,0.0,2132.57,2168.97,1.47836,89.5312
98.0,34.0,0.0,1923.44,1993.49,139.399,293.005
98.0,41.0,3.0,1455.91,1650.24,139.255,287.668
98.0,48.0,0.0,1773.94,1850.67,132.332,291.418
98.0,52.0,0.0,1034.47,1143.99,285.0,497.885
98.0,72.0,3.0,5.625,674.375,760.635,1295.8
98.0,76.0,0.0,1249.86,1303.99,33.6779,146.899
98.0,80.0,0.0,1549.33,1816.04,1395.81,1919.65
99.0,12.0,0.0,1985.34,2030.05,5.76923,97.5
99.0,20.0,3.0,431.849,848.688,557.244,869.328
99.0,28.0,0.0,2104.59,2141.56,0.0,63.2632
99.0,31.0,0.0,2130.75,2167.72,2.45192,84.1586
99.0,34.0,0.0,1923.75,1996.25,136.154,289.327
99.0,41.0,3.0,1461.63,1656.83,137.019,284.423
99.0,48.0,0.0,1776.35,1854.42,118.846,283.269
99.0,52.0,0.0,1034.33,1144.13,279.808,490.962
99.0,72.0,3.0,8.125,693.125,753.765,1282.63
99.0,76.0,0.0,1254.54,1308.53,30.3606,147.764
99.0,80.0,0.0,1565.85,1819.1,1344.98,1920.0
100.0,12.0,0.0,1985.55,2029.83,5.48077,92.1635
100.0,20.0,3.0,436.284,849.021,552.257,863.161
100.0,28.0,0.0,2104.59,2141.56,0.0,63.2632
100.0,31.0,0.0,2130.75,2167.72,2.45192,84.1586
100.0,34.0,0.0,1923.92,1996.08,130.168,283.774
100.0,41.0,3.0,1468.08,1659.62,132.945,276.671
100.0,48.0,0.0,1780.38,1856.54,114.663,276.779
100.0,52.0,0.0,1033.46,1140.38,268.846,466.154
100.0,72.0,3.0,5.3125,712.5,744.303,1269.07
100.0,76.0,0.0,1253.75,1309.33,35.8413,152.668
100.0,80.0,0.0,1584.85,1827.92,1291.36,1855.56
101.0,12.0,0.0,1983.37,2028.94,5.08413,88.0889
101.0,20.0,3.0,438.222,847.448,550.273,861.938
101.0,31.0,0.0,2137.14,2170.55,4.32693,87.9808
101.0,34.0,0.0,1924.11,1995.89,128.293,278.726
101.0,41.0,3.0,1472.07,1658.7,129.808,272.308
101.0,48.0,0.0,1781.25,1855.67,113.654,270.865
101.0,52.0,0.0,1027.69,1133.85,268.053,465.793
101.0,72.0,3.0,7.8125,732.5,737.595,1260.39
101.0,76.0,0.0,1255.29,1309.33,36.1659,152.488
101.0,80.0,0.0,1590.75,1833.07,1248.69,1808.5
102.0,12.0,0.0,1984.06,2028.25,2.88462,86.8269
102.0,20.0,3.0,435.953,848.236,550.469,857.94
102.0,31.0,0.0,2137.14,2170.55,4.32693,87.9808
102.0,34.0,0.0,1924.95,1995.05,123.534,271.659
102.0,41.0,3.0,1476.11,1659.28,118.99,269.856
102.0,48.0,0.0,1784.01,1852.91,102.115,260.192
102.0,52.0,0.0,1025.14,1133.32,263.293,464.784
102.0,67.0,0.0,1200.34,1267.36,59.0986,178.882
102.0,72.0,3.0,7.8125,761.25,731.028,1243.18
102.0,76.0,0.0,1255.67,1313.56,37.9327,152.019
102.0,80.0,0.0,1600.96,1842.6,1189.96,1735.2
103.0,12.0,0.0,1985.2,2027.1,2.09135,83.8702
103.0,20.0,3.0,440.709,850.984,547.12,852.161
103.0,34.0,0.0,1927.43,1998.73,121.154,269.135
103.0,41.0,3.0,1477.16,1668.99,113.293,264.303
103.0,48.0,0.0,1793.63,1864.83,94.5433,258.822
103.0,52.0,0.0,1024.09,1132.84,260.048,462.26
103.0,67.0,0.0,1203.99,1268.32,57.8365,180.865
103.0,72.0,3.0,3.75,773.125,722.362,1233.84
103.0,76.0,0.0,1256.59,1317.26,42.2236,156.382
103.0,80.0,0.0,1612.87,1851.67,1156.92,1689.79
104.0,12.0,0.0,1984.74,2027.57,2.05529,83.762
104.0,20.0,3.0,442.67,853.446,547.617,831.529
104.0,31.0,0.0,2133.45,2171.17,4.54327,85.5288
104.0,34.0,0.0,1929.3,1999.93,118.486,264.591
104.0,41.0,3.0,1485.43,1680.72,117.332,258.822
104.0,48.0,0.0,1795.22,1869.4,98.2211,249.375
104.0,52.0,0.0,1023.85,1130.0,257.524,461.322
104.0,67.0,0.0,1209.09,1270.91,53.149,181.803
104.0,72.0,3.0,16.875,801.25,713.006,1228.49
104.0,76.0,0.0,1260.55,1320.99,39.7356,156.851
104.0,80.0,0.0,1628.34,1854.54,1125.9,1642.38
105.0,12.0,0.0,1983.31,2025.93,2.52404,80.8414
105.0,20.0,3.0,450.126,853.401,550.353,800.561
105.0,31.0,0.0,2133.45,2171.17,4.54327,85.5288
105.0,34.0,0.0,1930.58,2001.73,114.808,260.481
105.0,41.0,3.0,1489.57,1682.74,116.07,256.911
105.0,48.0,0.0,1797.43,1882.57,88.0529,245.409
105.0,52.0,0.0,1022.88,1126.35,257.668,451.947
105.0,67.0,0.0,1216.73,1278.65,56.2861,183.57
105.0,72.0,3.0,47.5,827.5,700.275,1217.16
105.0,76.0,0.0,1264.76,1324.47,42.2596,159.519
105.0,80.0,0.0,1638.99,1863.73,1072.41,1581.12
106.0,12.0,0.0,1982.36,2026.87,1.83894,78.9303
106.0,20.0,3.0,452.298,852.336,547.944,796.107
106.0,34.0,0.0,1930.41,2001.9,108.75,252.115
106.0,41.0,3.0,1493.56,1684.9,106.947,251.034
106.0,48.0,0.0,1798.58,1887.57,89.5673,242.452
106.0,52.0,0.0,1022.31,1123.85,253.486,445.745
106.0,67.0,0.0,1217.62,1280.84,56.0337,187.428
106.0,72.0,3.0,60.3125,841.25,697.917,1208.6
106.0,76.0,0.0,1268.27,1328.65,41.4663,159.88
106.0,80.0,0.0,1649.07,1866.73,1050.07,1542.89
107.0,12.0,0.0,1983.97,2028.34,2.48798,75.5409
107.0,20.0,3.0,459.888,849.326,543.982,798.962
107.0,28.0,0.0,2091.23,2130.31,0.378606,62.9387
107.0,34.0,0.0,1930.87,2004.52,101.899,250.601
107.0,41.0,3.0,1500.29,1687.4,102.115,241.442
107.0,48.0,0.0,1805.99,1895.55,79.399,234.159
107.0,52.0,0.0,1020.67,1122.4,246.635,442.788
107.0,67.0,0.0,1222.69,1285.0,55.8894,188.726
107.0,72.0,3.0,92.5,873.125,696.063,1191.59
107.0,76.0,0.0,1268.27,1328.65,41.4663,159.88
107.0,80.0,0.0,1666.46,1885.62,1002.39,1487.34
107.0,89.0,0.0,661.621,861.63,1309.29,1900.42
108.0,12.0,0.0,1982.21,2027.02,1.44231,75.3606
108.0,20.0,3.0,462.713,852.341,540.434,771.846
108.0,28.0,0.0,2089.71,2128.75,0.46875,62.7764
108.0,34.0,0.0,1936.97,2007.64,103.017,246.31
108.0,41.0,3.0,1501.59,1686.11,101.394,240.433
108.0,48.0,0.0,1812.02,1892.6,82.6082,227.776
108.0,52.0,0.0,1020.0,1120.0,245.264,439.543
108.0,67.0,0.0,1227.33,1291.13,58.4856,190.168
108.0,72.0,3.0,103.75,886.875,685.239,1185.55
108.0,80.0,0.0,1677.15,1883.43,974.815,1446.91
108.0,89.0,0.0,723.374,938.293,1236.3,1828.01
109.0,12.0,0.0,1984.04,2028.27,1.85697,74.5132
109.0,20.0,3.0,470.557,850.046,541.315,768.361
109.0,28.0,0.0,2089.13,2126.25,0.558894,62.7584
109.0,34.0,0.0,1937.91,2009.78,99.8438,241.406
109.0,41.0,3.0,1508.56,1691.44,99.2308,234.519
109.0,48.0,0.0,1819.09,1897.84,80.6971,223.918
109.0,52.0,0.0,1018.89,1118.03,242.668,436.947
109.0,67.0,0.0,1231.88,1297.36,61.6226,190.204
109.0,72.0,3.0,124.688,900.0,673.553,1180.95
109.0,80.0,0.0,1679.58,1887.33,943.971,1413.2
109.0,89.0,0.0,787.843,1007.58,1173.12,1755.09
110.0,12.0,0.0,1985.36,2026.95,0.0,69.4111
110.0,20.0,3.0,472.78,846.842,540.257,757.436
110.0,28.0,0.0,2087.48,2124.83,1.13582,63.732
110.0,34.0,0.0,1943.77,2007.0,101.394,232.356
110.0,41.0,3.0,1517.69,1697.69,94.6514,226.406
110.0,48.0,0.0,1828.82,1900.41,72.476,214.688
110.0,52.0,0.0,1011.73,1115.96,235.385,425.769
110.0,67.0,0.0,1240.0,1303.08,62.6683,190.889
110.0,72.0,3.0,156.562,926.25,665.674,1169.23
110.0,80.0,0.0,1685.01,1890.96,915.26,1363.65
110.0,89.0,0.0,863.831,1078.72,1097.62,1646.2
111.0,12.0,0.0,1982.66,2026.57,0.414662,66.9772
111.0,28.0,0.0,2085.47,2123.76,1.6226,62.3077
111.0,34.0,0.0,1940.82,2013.03,91.5865,231.202
111.0,41.0,3.0,1520.58,1700.96,92.3438,222.079
111.0,48.0,0.0,1832.64,1902.74,71.1058,211.298
111.0,52.0,0.0,1009.42,1113.65,232.644,424.471
111.0,67.0,0.0,1243.41,1308.89,64.0745,193.522
111.0,72.0,3.0,168.75,943.75,659.538,1157.71
111.0,80.0,0.0,1693.96,1896.95,886.531,1323.31
111.0,89.0,0.0,918.452,1126.43,1049.47,1587.84
112.0,12.0,0.0,1985.62,2026.68,1.33414,67.9688
112.0,28.0,0.0,2084.35,2121.8,0.901444,62.7764
112.0,34.0,0.0,1946.66,2007.19,91.0096,223.125
112.0,41.0,3.0,1525.38,1702.31,92.0192,215.192
112.0,48.0,0.0,1847.81,1909.11,77.488,203.329
112.0,52.0,0.0,1005.38,1108.46,229.976,420.793
112.0,67.0,0.0,1260.14,1322.93,63.4976,192.8
112.0,72.0,3.0,192.5,965.625,654.441,1143.59
112.0,80.0,0.0,1705.19,1905.23,853.227,1288.73
112.0,89.0,0.0,994.978,1201.97,983.006,1493.96
113.0,12.0,0.0,1987.82,2027.56,0.775241,68.131
113.0,28.0,0.0,2084.35,2121.8,0.901444,62.7764
113.0,34.0,0.0,1948.58,2008.34,88.9904,220.24
113.0,41.0,3.0,1531.78,1708.22,89.4952,215.986
113.0,48.0,0.0,1852.02,1914.13,74.4952,199.543
113.0,52.0,0.0,1003.41,1104.28,230.913,416.394
113.0,67.0,0.0,1260.05,1321.49,64.976,197.957
113.0,72.0,3.0,197.188,972.5,652.904,1135.5
113.0,80.0,0.0,1721.1,1913.81,833.331,1259.52
113.0,89.0,0.0,1052.24,1233.23,940.122,1443.4
114.0,12.0,0.0,1990.16,2028.31,0.522838,67.8426
114.0,34.0,0.0,1949.57,2010.43,86.9712,215.913
114.0,41.0,3.0,1532.6,1710.48,88.9904,213.317
114.0,48.0,0.0,1855.1,1917.21,73.3053,196.839
114.0,52.0,0.0,1000.82,1100.72,228.173,413.365
114.0,67.0,0.0,1261.01,1334.38,62.524,202.572
114.0,72.0,3.0,219.375,1004.38,643.541,1122.21
114.0,80.0,0.0,1728.45,1921.02,815.551,1234.37
114.0,89.0,0.0,1095.4,1289.29,903.466,1393.17
115.0,12.0,0.0,1989.83,2028.63,0.0,63.9123
115.0,34.0,0.0,1950.05,2009.95,80.1562,208.882
115.0,41.0,3.0,1543.32,1721.3,78.3534,209.243
115.0,48.0,0.0,1862.91,1924.78,65.4808,192.837
115.0,52.0,0.0,996.707,1092.52,227.885,406.154
115.0,67.0,0.0,1267.31,1341.92,62.4159,203.257
115.0,72.0,3.0,245.938,1023.75,637.387,1122.35
115.0,80.0,0.0,1742.05,1931.68,788.763,1192.08
115.0,89.0,0.0,1153.87,1339.02,841.326,1321.68
116.0,12.0,0.0,1990.34,2028.12,0.0,63.7139
116.0,34.0,0.0,1952.21,2010.87,77.0914,207.62
116.0,41.0,3.0,1554.33,1716.44,73.0529,209.062
116.0,48.0,0.0,1872.33,1930.75,61.8389,187.825
116.0,52.0,0.0,992.308,1089.23,223.053,404.639
116.0,67.0,0.0,1272.43,1347.57,63.6418,203.618
116.0,72.0,3.0,261.562,1033.75,637.615,1107.99
116.0,76.0,0.0,1323.25,1384.45,52.1755,184.94
116.0,80.0,0.0,1751.98,1932.71,770.182,1164.59
116.0,89.0,0.0,1198.71,1379.48,824.984,1277.23
117.0,12.0,0.0,1990.26,2031.27,0.0,59.6935
117.0,31.0,0.0,2128.89,2172.64,1.65865,87.5481
117.0,34.0,0.0,1952.57,2013.58,74.7476,203.618
117.0,41.0,3.0,1559.28,1720.72,72.9808,201.779
117.0,48.0,0.0,1879.09,1939.38,58.7019,182.885
117.0,67.0,0.0,1283.05,1358.49,65.6971,207.764
117.0,72.0,3.0,296.25,1057.5,623.108,1101.47
117.0,76.0,0.0,1323.25,1384.45,52.1755,184.94
117.0,80.0,0.0,1759.8,1945.35,738.354,1131.99
117.0,89.0,0.0,1242.74,1418.07,778.449,1216.67
117.0,91.0,0.0,2077.43,2116.42,2.83053,59.5493
117.0,92.0,0.0,1043.09,1291.98,1452.53,1920.0
118.0,12.0,0.0,1992.79,2031.83,0.0,59.6574
118.0,31.0,0.0,2128.89,2172.64,1.65865,87.5481
118.0,34.0,0.0,1955.29,2013.94,74.5312,202.969
118.0,41.0,3.0,1567.07,1725.24,71.0697,198.353
118.0,48.0,0.0,1883.22,1944.47,57.2236,179.748
118.0,67.0,0.0,1288.73,1362.04,66.3822,207.945
118.0,72.0,3.0,308.438,1071.25,619.04,1097.11
118.0,80.0,0.0,1770.29,1945.46,725.418,1109.11
118.0,89.0,0.0,1267.31,1444.75,734.962,1176.4
118.0,91.0,0.0,2076.92,2116.92,2.52404,58.1971
118.0,92.0,0.0,1070.44,1318.42,1393.16,1920.0
119.0,12.0,0.0,1994.57,2033.12,0.0,58.1971
119.0,34.0,0.0,1955.79,2016.51,75.3606,196.947
119.0,41.0,3.0,1571.83,1729.71,68.5096,198.317
119.0,48.0,0.0,1887.31,1946.54,58.6298,175.024
119.0,67.0,0.0,1297.79,1376.06,67.2837,208.197
119.0,72.0,3.0,333.125,1081.88,614.056,1091.72
119.0,80.0,0.0,1776.29,1947.82,705.621,1088.66
119.0,89.0,0.0,1312.57,1476.4,723.922,1140.24
119.0,91.0,0.0,2075.72,2115.05,2.66827,53.9062
119.0,92.0,0.0,1100.21,1335.97,1347.79,1916.42
120.0,12.0,0.0,1995.95,2034.82,0.0,55.8353
120.0,34.0,0.0,1954.3,2018.0,73.8462,192.115
120.0,41.0,3.0,1576.54,1734.23,66.7067,195.216
120.0,48.0,0.0,1895.5,1956.8,62.8486,169.075
120.0,67.0,0.0,1303.99,1386.78,70.4207,209.243
120.0,72.0,3.0,359.688,1093.75,608.228,1081.1
120.0,80.0,0.0,1788.4,1964.94,683.852,1053.37
120.0,89.0,0.0,1331.64,1508.14,681.662,1084.98
120.0,91.0,0.0,2078.2,2115.65,2.77644,57.7284
120.0,92.0,0.0,1131.88,1374.23,1273.84,1818.81
121.0,12.0,0.0,1999.65,2034.19,0.0,53.8702
121.0,34.0,0.0,1956.06,2016.25,73.2692,191.683
121.0,41.0,3.0,1579.52,1737.4,68.0409,189.411
121.0,48.0,0.0,1900.67,1960.87,59.7476,169.579
121.0,67.0,0.0,1312.09,1389.45,69.6995,212.56
121.0,72.0,3.0,389.688,1095.0,601.226,1081.97
121.0,76.0,0.0,1372.14,1429.4,56.3221,189.159
121.0,80.0,0.0,1794.86,1964.26,669.298,1029.26
121.0,89.0,0.0,1370.42,1523.09,655.262,1059.51
121.0,91.0,0.0,2078.2,2115.65,2.77644,57.7284
121.0,92.0,0.0,1156.04,1392.23,1228.18,1776.63
122.0,12.0,0.0,2000.35,2039.65,0.0,51.3642
122.0,34.0,0.0,1961.42,2017.04,66.0216,186.382
122.0,41.0,3.0,1582.93,1746.3,56.863,186.454
122.0,48.0,0.0,1904.01,1960.6,47.4519,156.779
122.0,67.0,0.0,1325.22,1404.01,73.125,213.462
122.0,72.0,3.0,410.625,1108.12,590.806,1075.91
122.0,76.0,0.0,1392.79,1447.21,63.137,192.584
122.0,80.0,0.0,1803.01,1966.49,650.232,999.505
122.0,89.0,0.0,1382.7,1546.97,618.087,1020.76
122.0,92.0,0.0,1199.92,1424.93,1165.24,1684.25
122.0,94.0,0.0,541.791,825.074,1500.1,1919.28
123.0,12.0,0.0,2000.53,2039.47,0.0,49.2368
123.0,34.0,0.0,1959.04,2016.35,64.2188,185.877
123.0,41.0,3.0,1588.8,1749.66,57.1875,184.688
123.0,48.0,0.0,1904.01,1960.6,47.4519,156.779
123.0,67.0,0.0,1335.72,1408.89,72.1154,213.173
123.0,72.0,3.0,425.312,1120.0,581.874,1066.04
123.0,76.0,0.0,1402.52,1459.01,44.351,198.245
123.0,80.0,0.0,1806.92,1972.36,638.707,977.338
123.0,89.0,0.0,1418.27,1570.31,604.293,984.098
123.0,92.0,0.0,1222.18,1444.82,1126.61,1628.42
123.0,94.0,0.0,585.51,867.275,1448.84,1918.3
123.0,95.0,0.0,1065.07,1311.98,1373.45,1919.49
124.0,12.0,0.0,2003.82,2042.33,0.0,42.7644
124.0,34.0,0.0,1960.02,2015.36,59.4952,181.803
124.0,41.0,3.0,1592.5,1752.12,55.601,181.082
124.0,48.0,0.0,1908.87,1964.98,40.601,152.236
124.0,67.0,0.0,1346.51,1421.18,78.8582,220.565
124.0,72.0,3.0,432.812,1127.5,579.048,1057.58
124.0,76.0,0.0,1407.84,1469.09,48.8942,199.76
124.0,80.0,0.0,1810.94,1978.12,618.36,968.103
124.0,89.0,0.0,1444.03,1583.31,579.681,960.135
124.0,92.0,0.0,1250.47,1464.34,1091.96,1556.17
124.0,94.0,0.0,631.81,899.82,1403.97,1920.0
124.0,95.0,0.0,1100.0,1333.35,1317.53,1915.63
125.0,12.0,0.0,2004.4,2041.75,0.0,41.0337
125.0,34.0,0.0,1958.2,2017.19,56.7909,172.969
125.0,41.0,3.0,1598.7,1761.3,54.9159,175.421
125.0,48.0,0.0,1908.87,1964.98,40.601,152.236
125.0,67.0,0.0,1355.07,1440.31,81.238,222.224
125.0,72.0,3.0,448.438,1150.0,576.174,1046.83
125.0,76.0,0.0,1423.82,1488.49,50.2644,199.832
125.0,80.0,0.0,1819.52,1979.87,600.614,934.728
125.0,89.0,0.0,1465.71,1601.34,549.012,921.494
125.0,92.0,0.0,1288.62,1494.05,1030.05,1520.24
125.0,94.0,0.0,690.231,945.843,1335.37,1907.75
125.0,95.0,0.0,1137.52,1365.71,1242.12,1825.8
126.0,12.0,0.0,2005.96,2043.27,0.739183,39.9699
126.0,34.0,0.0,1955.79,2019.59,56.5385,170.337
126.0,41.0,3.0,1605.1,1767.21,55.4567,173.438
126.0,67.0,0.0,1364.01,1451.37,79.7957,222.512
126.0,72.0,3.0,470.0,1156.25,575.661,1034.6
126.0,76.0,0.0,1438.99,1504.09,69.1947,201.526
126.0,80.0,0.0,1822.42,1981.83,586.425,917.939
126.0,89.0,0.0,1478.62,1618.82,538.709,898.224
126.0,92.0,0.0,1313.06,1519.04,1001.98,1476.96
126.0,94.0,0.0,730.639,969.814,1299.91,1896.26
126.0,95.0,0.0,1161.65,1379.71,1199.91,1765.49
127.0,12.0,0.0,2005.05,2044.18,1.42428,39.4291
127.0,20.0,3.0,484.67,845.457,506.542,780.747
127.0,34.0,0.0,1958.1,2023.44,51.7428,164.315
127.0,41.0,3.0,1616.78,1773.99,56.7548,169.111
127.0,48.0,0.0,1918.12,1977.26,25.7091,136.262
127.0,67.0,0.0,1383.22,1464.47,68.2211,221.827
127.0,72.0,3.0,493.438,1172.5,559.02,1028.27
127.0,76.0,0.0,1451.73,1528.27,62.9207,206.358
127.0,80.0,0.0,1828.0,1989.1,569.31,893.778
127.0,89.0,0.0,1502.98,1629.08,507.562,861.73
127.0,91.0,0.0,2077.28,2119.64,4.88582,49.0926
127.0,92.0,0.0,1348.95,1543.03,949.736,1408.09
127.0,94.0,0.0,776.807,1021.95,1235.62,1825.6
127.0,95.0,0.0,1208.91,1412.64,1144.05,1688.49
128.0,12.0,0.0,2005.07,2044.16,0.766227,37.1304
128.0,20.0,3.0,480.494,843.845,500.772,801.964
128.0,34.0,0.0,1962.21,2022.4,49.1466,165.036
128.0,41.0,3.0,1622.69,1777.31,47.0192,164.856
128.0,48.0,0.0,1918.12,1977.26,25.7091,136.262
128.0,67.0,0.0,1391.03,1481.27,80.9856,224.784
128.0,72.0,3.0,505.0,1182.5,551.205,1022.38
128.0,76.0,0.0,1469.52,1545.87,67.7524,207.728
128.0,80.0,0.0,1834.87,1986.61,553.165,878.823
128.0,89.0,0.0,1520.68,1644.04,499.635,840.402
128.0,91.0,0.0,2081.85,2124.3,4.88582,54.9339
128.0,92.0,0.0,1370.73,1566.75,921.553,1377.68
128.0,94.0,0.0,811.477,1052.35,1199.03,1777.88
128.0,95.0,0.0,1227.53,1430.27,1109.87,1640.4
129.0,12.0,0.0,2006.54,2045.77,0.396634,39.0144
129.0,20.0,3.0,485.607,844.199,501.114,804.076
129.0,34.0,0.0,1960.07,2018.39,49.5793,160.276
129.0,41.0,3.0,1631.2,1784.18,46.5865,162.26
129.0,67.0,0.0,1400.24,1495.14,83.2933,226.514
129.0,72.0,3.0,532.812,1186.25,545.832,1013.28
129.0,76.0,0.0,1474.16,1562.76,66.9952,207.188
129.0,80.0,0.0,1837.6,1986.15,546.712,860.583
129.0,89.0,0.0,1532.2,1649.51,483.311,822.231
129.0,91.0,0.0,2081.85,2124.3,4.88582,54.9339
129.0,92.0,0.0,1396.98,1583.76,893.959,1334.97
129.0,94.0,0.0,843.548,1078.27,1163.43,1736.37
129.0,95.0,0.0,1245.45,1462.93,1073.62,1596.69
130.0,12.0,0.0,2008.53,2043.77,0.784255,36.4633
130.0,20.0,3.0,483.521,847.315,500.607,805.871
130.0,34.0,0.0,1960.55,2020.99,44.8197,157.68
130.0,41.0,3.0,1631.83,1789.71,40.3846,160.096
130.0,67.0,0.0,1415.1,1518.75,82.1394,231.418
130.0,72.0,3.0,558.438,1197.5,540.919,997.402
130.0,76.0,0.0,1488.94,1583.37,66.9952,211.659
130.0,80.0,0.0,1843.05,1989.34,530.526,833.481
130.0,89.0,0.0,1549.24,1670.1,455.063,789.096
130.0,92.0,0.0,1427.64,1614.37,855.072,1287.03
130.0,94.0,0.0,887.378,1115.32,1120.22,1668.39
130.0,95.0,0.0,1269.17,1478.42,1030.67,1531.26
131.0,12.0,0.0,2005.47,2043.76,0.396634,34.7416
131.0,20.0,3.0,487.233,841.128,501.073,805.704
131.0,34.0,0.0,1958.41,2020.05,42.1154,153.317
131.0,41.0,3.0,1639.95,1793.89,40.1683,158.005
131.0,67.0,0.0,1427.74,1533.8,79.8317,231.995
131.0,72.0,3.0,571.875,1206.25,537.502,988.255
131.0,76.0,0.0,1508.99,1601.78,64.6875,210.361
131.0,80.0,0.0,1841.57,1992.91,521.696,819.045
131.0,89.0,0.0,1552.36,1674.35,448.328,771.807
131.0,92.0,0.0,1445.47,1627.34,830.463,1250.05
131.0,94.0,0.0,918.032,1144.04,1090.05,1630.26
131.0,95.0,0.0,1297.54,1502.54,997.334,1491.97
132.0,12.0,0.0,2004.52,2041.63,0.667067,32.7945
132.0,20.0,3.0,495.972,813.001,492.662,813.741
132.0,34.0,0.0,1962.12,2019.42,41.7909,148.738
132.0,41.0,3.0,1648.56,1794.52,37.5,152.885
132.0,67.0,0.0,1446.97,1553.03,85.5289,232.933
132.0,72.0,3.0,593.75,1223.75,535.835,968.711
132.0,76.0,0.0,1533.27,1629.81,69.6274,215.517
132.0,80.0,0.0,1849.65,1994.97,501.658,802.916
132.0,89.0,0.0,1570.21,1688.1,418.192,745.065
132.0,92.0,0.0,1477.28,1649.48,795.374,1200.66
132.0,94.0,0.0,964.105,1176.26,1048.38,1563.22
132.0,95.0,0.0,1320.06,1527.78,961.906,1438.64
133.0,12.0,0.0,2006.18,2043.05,1.00961,29.2428
133.0,20.0,3.0,493.344,810.76,490.736,811.228
133.0,34.0,0.0,1962.14,2019.4,40.9255,147.873
133.0,41.0,3.0,1656.44,1805.1,39.7356,148.053
133.0,67.0,0.0,1456.83,1569.33,87.4038,235.962
133.0,72.0,3.0,617.5,1228.75,535.353,959.028
133.0,76.0,0.0,1553.8,1655.43,74.351,216.274
133.0,80.0,0.0,1852.65,1996.04,492.543,788.769
133.0,89.0,0.0,1578.17,1701.06,411.511,724.387
133.0,92.0,0.0,1482.7,1659.75,769.932,1173.74
133.0,94.0,0.0,991.287,1201.59,1015.24,1526.95
133.0,95.0,0.0,1346.96,1550.74,935.0,1402.85
134.0,12.0,0.0,2004.28,2041.88,1.43329,26.7638
134.0,31.0,0.0,2131.05,2170.49,1.44231,86.6106
134.0,34.0,0.0,1963.32,2018.22,35.0841,144.339
134.0,41.0,3.0,1661.35,1809.42,37.8606,146.178
134.0,67.0,0.0,1467.98,1579.71,92.9567,236.755
134.0,72.0,3.0,636.25,1233.75,538.187,945.383
134.0,76.0,0.0,1575.26,1667.81,76.0096,216.779
134.0,80.0,0.0,1855.52,1997.79,483.22,776.567
134.0,89.0,0.0,1588.47,1708.21,401.221,708.121
134.0,91.0,0.0,2077.74,2119.18,4.84075,39.0775
134.0,92.0,0.0,1507.74,1675.37,748.379,1141.58
134.0,94.0,0.0,1018.29,1231.33,991.156,1492.48
134.0,95.0,0.0,1359.62,1565.2,906.834,1369.69
135.0,12.0,0.0,2005.61,2043.62,0.54988,21.9862
135.0,31.0,0.0,2126.8,2168.58,0.108175,86.863
135.0,34.0,0.0,1962.36,2016.11,31.5865,139.904
135.0,41.0,3.0,1670.34,1812.74,39.4111,141.454
135.0,67.0,0.0,1492.31,1607.69,93.3894,241.803
135.0,72.0,3.0,646.25,1256.25,521.907,938.404
135.0,76.0,0.0,1608.41,1705.43,86.4303,224.82
135.0,80.0,0.0,1856.24,2004.21,467.783,751.55
135.0,89.0,0.0,1605.38,1711.54,384.087,688.414
135.0,91.0,0.0,2077.74,2119.18,4.84075,39.0775
135.0,92.0,0.0,1528.26,1689.95,720.181,1095.74
135.0,94.0,0.0,1058.74,1259.95,951.225,1438.07
135.0,95.0,0.0,1393.06,1583.34,869.29,1323.19
136.0,12.0,0.0,2005.61,2043.62,0.54988,21.9862
136.0,31.0,0.0,2126.85,2168.53,0.0,86.863
136.0,34.0,0.0,1962.69,2015.77,24.0865,138.317
136.0,41.0,3.0,1673.89,1818.41,34.5433,137.38
136.0,67.0,0.0,1505.87,1620.29,87.6202,242.957
136.0,72.0,3.0,662.5,1263.75,511.135,930.181
136.0,76.0,0.0,1634.04,1725.96,82.0673,224.856
136.0,80.0,0.0,1859.06,2005.1,459.724,743.283
136.0,89.0,0.0,1611.44,1717.79,383.221,673.125
136.0,92.0,0.0,1543.56,1700.24,702.258,1061.97
136.0,94.0,0.0,1089.43,1281.81,924.736,1406.85
136.0,95.0,0.0,1415.01,1597.29,846.544,1292.32
137.0,12.0,0.0,2003.51,2045.72,0.838341,22.3468
137.0,31.0,0.0,2126.85,2168.53,0.0,86.863
137.0,34.0,0.0,1966.23,2018.39,16.4784,138.137
137.0,41.0,3.0,1679.9,1824.71,28.4856,132.188
137.0,67.0,0.0,1526.44,1645.87,87.8365,243.894
137.0,72.0,3.0,709.849,1267.01,497.801,924.577
137.0,76.0,0.0,1652.93,1762.45,90.7211,230.625
137.0,80.0,0.0,1863.64,2008.89,444.842,724.483
137.0,89.0,0.0,1630.96,1732.12,358.125,650.336
137.0,92.0,0.0,1560.42,1708.75,672.415,1031.78
137.0,94.0,0.0,1123.9,1311.01,893.8,1358.81
137.0,95.0,0.0,1447.18,1614.57,812.653,1244.29
138.0,12.0,0.0,2003.51,2045.72,0.838341,22.3468
138.0,34.0,0.0,1964.21,2014.25,15.4688,136.406
138.0,41.0,3.0,1687.84,1829.09,28.774,129.88
138.0,67.0,0.0,1542.88,1663.27,90.4327,247.067
138.0,72.0,3.0,723.065,1277.11,492.863,912.407
138.0,76.0,0.0,1675.19,1786.35,95.1202,233.726
138.0,80.0,0.0,1867.36,2007.94,436.241,713.976
138.0,89.0,0.0,1638.75,1739.71,345.649,637.428
138.0,92.0,0.0,1565.43,1715.11,655.162,1008.78
138.0,94.0,0.0,1141.71,1335.32,875.967,1325.9
138.0,95.0,0.0,1462.15,1624.87,797.127,1212.43
138.0,105.0,0.0,438.501,694.739,1363.38,1920.0
139.0,31.0,0.0,2120.89,2168.34,0.0,83.9423
139.0,34.0,0.0,1964.9,2016.63,19.4712,134.567
139.0,41.0,3.0,1692.69,1836.54,27.2236,127.969
139.0,67.0,0.0,1560.29,1682.79,95.8414,247.139
139.0,72.0,3.0,740.225,1285.81,490.983,903.217
139.0,76.0,0.0,1697.31,1813.46,94.976,237.909
139.0,80.0,0.0,1868.43,2008.87,431.871,706.84
139.0,89.0,0.0,1646.63,1747.21,346.082,623.726
139.0,92.0,0.0,1573.03,1722.68,639.392,978.127
139.0,94.0,0.0,1167.18,1353.97,851.726,1297.28
139.0,95.0,0.0,1474.47,1644.95,775.341,1189.08
139.0,105.0,0.0,480.079,733.331,1316.74,1903.85
140.0,31.0,0.0,2124.25,2168.05,0.0,86.3582
140.0,34.0,0.0,1966.88,2014.66,20.7692,131.106
140.0,41.0,3.0,1701.06,1840.48,26.9351,123.642
140.0,67.0,0.0,1585.87,1709.52,95.1923,251.538
140.0,72.0,3.0,767.181,1291.52,481.082,882.589
140.0,76.0,0.0,1727.84,1850.62,100.925,240.613
140.0,80.0,0.0,1868.67,2010.25,416.281,686.129
140.0,89.0,0.0,1655.72,1756.59,324.447,603.822
140.0,92.0,0.0,1583.32,1726.46,612.756,942.434
140.0,94.0,0.0,1193.19,1380.93,811.609,1251.01
140.0,95.0,0.0,1499.32,1669.26,744.893,1147.03
140.0,105.0,0.0,543.546,791.128,1248.73,1822.23
141.0,31.0,0.0,2123.62,2168.69,0.0,85.7452
141.0,34.0,0.0,1967.12,2017.5,17.7404,133.269
141.0,41.0,3.0,1705.48,1845.29,19.2548,120.361
141.0,67.0,0.0,1599.09,1733.22,97.5,251.827
141.0,72.0,3.0,786.256,1292.79,475.618,874.974
141.0,76.0,0.0,1755.34,1875.43,93.9663,244.399
141.0,80.0,0.0,1879.09,2007.07,410.048,682.644
141.0,89.0,0.0,1661.83,1762.79,316.154,590.769
141.0,92.0,0.0,1583.88,1730.48,595.508,921.763
141.0,94.0,0.0,1216.59,1393.47,794.346,1228.04
141.0,95.0,0.0,1517.23,1682.59,730.22,1123.47
141.0,105.0,0.0,578.193,829.06,1213.62,1769.34
141.0,106.0,0.0,1219.47,1556.53,1512.77,1919.35
142.0,31.0,0.0,2117.81,2165.26,0.0,85.601
142.0,34.0,0.0,1968.03,2016.59,9.59134,124.832
142.0,41.0,3.0,1713.75,1849.33,19.6154,117.404
142.0,67.0,0.0,1629.33,1761.44,98.8702,254.207
142.0,72.0,3.0,813.336,1302.28,462.324,860.22
142.0,76.0,0.0,1793.03,1920.82,103.99,249.663
142.0,80.0,0.0,1879.71,2006.44,400.168,664.832
142.0,89.0,0.0,1668.32,1771.68,308.942,568.558
142.0,92.0,0.0,1586.58,1730.77,577.444,867.94
142.0,94.0,0.0,1243.01,1418.39,770.227,1187.51
142.0,95.0,0.0,1536.88,1703.41,699.228,1085.63
142.0,105.0,0.0,646.747,884.147,1152.58,1693.32
142.0,106.0,0.0,1301.2,1597.14,1415.18,1914.06
143.0,31.0,0.0,2120.14,2166.01,0.504806,86.1058
143.0,34.0,0.0,1967.81,2016.8,9.08654,121.731
143.0,41.0,3.0,1722.21,1859.33,18.3534,115.204
143.0,67.0,0.0,1645.87,1781.83,101.611,252.332
143.0,72.0,3.0,824.413,1308.81,462.425,851.294
143.0,76.0,0.0,1819.09,1947.07,99.8077,251.538
143.0,80.0,0.0,1882.69,2006.54,390.865,655.673
143.0,89.0,0.0,1686.27,1778.34,297.476,563.87
143.0,92.0,0.0,1589.97,1735.97,558.267,860.556
143.0,94.0,0.0,1257.09,1427.44,750.458,1161.73
143.0,95.0,0.0,1558.3,1717.29,680.486,1064.53
143.0,105.0,0.0,682.896,921.837,1116.94,1649.55
143.0,106.0,0.0,1339.3,1638.22,1352.96,1915.43
143.0,107.0,0.0,1725.69,2051.11,1594.45,1920.0
144.0,31.0,0.0,2120.14,2166.01,0.504806,86.1058
144.0,34.0,0.0,1970.0,2014.62,13.1971,117.332
144.0,41.0,3.0,1727.88,1862.88,13.774,113.726
144.0,67.0,0.0,1664.38,1803.32,101.466,255.072
144.0,72.0,3.0,841.262,1311.44,458.606,840.233
144.0,76.0,0.0,1846.44,1975.1,103.702,252.26
144.0,80.0,0.0,1878.85,2010.38,389.062,648.822
144.0,89.0,0.0,1691.75,1785.17,286.875,549.663
144.0,92.0,0.0,1602.79,1729.52,539.712,804.519
144.0,94.0,0.0,1275.66,1443.05,732.672,1139.3
144.0,95.0,0.0,1569.19,1730.09,663.222,1036.39
144.0,105.0,0.0,717.594,956.944,1079.07,1606.89
144.0,106.0,0.0,1392.18,1658.43,1302.95,1853.81
144.0,107.0,0.0,1733.79,2053.77,1540.61,1920.0
144.0,108.0,3.0,1.03216,80.566,1356.62,1920.0
145.0,31.0,0.0,2105.94,2164.83,0.0,83.6899
145.0,34.0,0.0,1967.33,2017.28,0.540866,112.536
145.0,41.0,3.0,1734.62,1868.46,10.7091,111.31
145.0,67.0,0.0,1693.37,1838.94,104.495,256.947
145.0,72.0,3.0,864.266,1321.61,445.262,823.826
145.0,76.0,0.0,1889.9,2020.87,106.947,255.072
145.0,80.0,0.0,1885.82,2006.49,380.048,632.452
145.0,89.0,0.0,1700.65,1794.74,283.99,537.548
145.0,92.0,0.0,1603.41,1722.74,517.428,756.418
145.0,94.0,0.0,1302.22,1468.15,703.977,1108.08
145.0,95.0,0.0,1587.71,1751.7,641.248,1009.52
145.0,105.0,0.0,782.428,1008.96,1031.61,1544.07
145.0,106.0,0.0,1438.38,1705.09,1220.06,1768.38
145.0,107.0,0.0,1757.02,2059.9,1453.72,1920.0
145.0,108.0,3.0,2.15603,112.094,1332.45,1920.0
146.0,31.0,0.0,2107.74,2166.11,0.324519,85.2043
146.0,34.0,0.0,1967.84,2019.86,6.85096,110.841
146.0,41.0,3.0,1737.55,1871.68,9.66346,109.76
146.0,67.0,0.0,1712.36,1859.95,106.875,256.587
146.0,72.0,3.0,876.096,1325.61,441.154,812.125
146.0,76.0,0.0,1914.33,2054.9,106.659,257.38
146.0,80.0,0.0,1884.9,2007.4,374.351,628.341
146.0,89.0,0.0,1706.59,1801.11,276.274,525.072
146.0,92.0,0.0,1606.63,1719.52,509.279,712.644
146.0,94.0,0.0,1313.64,1479.32,688.117,1079.4
146.0,95.0,0.0,1606.16,1764.06,634.688,977.604
146.0,105.0,0.0,818.16,1036.04,1003.15,1493.69
146.0,106.0,0.0,1481.97,1738.2,1168.37,1704.63
146.0,107.0,0.0,1776.72,2058.97,1409.08,1918.54
146.0,108.0,3.0,1.15275,130.501,1307.32,1912.47
147.0,31.0,0.0,2108.12,2165.72,0.0,84.0505
147.0,34.0,0.0,1966.25,2015.29,7.57212,108.101
147.0,41.0,3.0,1744.33,1883.37,5.48077,106.01
147.0,67.0,0.0,1746.92,1890.0,105.865,259.615
147.0,72.0,3.0,897.959,1330.66,431.526,798.533
147.0,76.0,0.0,1961.35,2100.19,112.428,265.457
147.0,80.0,0.0,1886.83,2008.56,365.336,610.817
147.0,89.0,0.0,1715.31,1810.84,270.216,508.053
147.0,92.0,0.0,1602.88,1717.12,485.553,735.216
147.0,94.0,0.0,1334.62,1496.7,664.019,1053.02
147.0,95.0,0.0,1623.5,1777.86,609.116,951.864
147.0,105.0,0.0,869.375,1091.9,960.766,1438.43
147.0,106.0,0.0,1530.78,1781.62,1109.11,1615.1
147.0,107.0,0.0,1791.22,2070.46,1345.59,1910.95
147.0,108.0,3.0,0.0,162.105,1283.14,1906.28
148.0,31.0,0.0,2111.37,2168.63,0.0,86.3221
148.0,34.0,0.0,1965.38,2016.15,8.07692,107.596
148.0,41.0,3.0,1748.61,1885.24,7.03125,104.387
148.0,67.0,0.0,1772.98,1913.17,109.399,257.236
148.0,72.0,3.0,910.961,1334.26,423.904,791.18
148.0,76.0,0.0,1988.22,2134.86,119.784,265.601
148.0,80.0,0.0,1884.86,2007.45,357.404,598.558
148.0,89.0,0.0,1718.94,1816.44,261.707,498.101
148.0,92.0,0.0,1604.28,1715.72,476.394,738.606
148.0,93.0,0.0,955.0,1174.23,192.188,361.082
148.0,94.0,0.0,1344.88,1509.19,652.843,1029.97
148.0,95.0,0.0,1633.74,1789.04,594.685,931.831
148.0,105.0,0.0,913.228,1121.89,936.149,1404.92
148.0,106.0,0.0,1560.8,1802.47,1068.9,1561.48
148.0,107.0,0.0,1808.66,2061.23,1299.19,1871.58
148.0,108.0,3.0,0.0232983,187.491,1260.65,1893.6
