18.0,9.0,0.0,1018.33,1359.88,1394.71,1918.99
19.0,9.0,0.0,1018.15,1369.55,1348.61,1916.11
20.0,9.0,0.0,1039.74,1374.43,1305.65,1920.0
21.0,9.0,0.0,1057.13,1390.76,1270.39,1920.0
22.0,9.0,0.0,1061.51,1406.57,1238.8,1920.0
23.0,9.0,0.0,1093.77,1416.82,1215.36,1906.53
24.0,9.0,0.0,1112.34,1420.0,1198.36,1884.91
25.0,9.0,0.0,1123.23,1416.94,1186.78,1857.34
26.0,9.0,0.0,1144.19,1430.83,1172.39,1837.0
27.0,9.0,0.0,1150.33,1437.73,1164.47,1819.5
28.0,9.0,0.0,1157.81,1444.72,1156.18,1786.12
29.0,9.0,0.0,1163.49,1438.47,1149.27,1793.43
30.0,9.0,0.0,1163.87,1440.06,1145.56,1795.42
31.0,9.0,0.0,1163.91,1434.88,1145.37,1820.78
32.0,9.0,0.0,1154.74,1438.86,1155.04,1820.95
33.0,9.0,0.0,1150.15,1435.81,1167.25,1815.12
34.0,9.0,0.0,1152.88,1431.71,1169.35,1820.56
35.0,9.0,0.0,1149.5,1427.17,1178.03,1821.02
36.0,9.0,0.0,1149.03,1427.52,1178.66,1820.87
37.0,9.0,0.0,1147.94,1428.2,1178.2,1823.86
38.0,9.0,0.0,1147.88,1428.55,1180.87,1822.36
39.0,9.0,0.0,1148.03,1431.46,1180.78,1822.2
40.0,9.0,0.0,1147.71,1431.98,1176.93,1822.04
41.0,9.0,0.0,1146.39,1431.9,1175.54,1820.73
42.0,9.0,0.0,1144.87,1432.97,1174.86,1822.1
43.0,9.0,0.0,1146.71,1430.69,1175.6,1821.43
44.0,9.0,0.0,1145.45,1433.06,1173.11,1820.5
45.0,9.0,0.0,1145.61,1433.5,1174.35,1822.07
46.0,9.0,0.0,1147.36,1430.93,1172.32,1822.42
47.0,9.0,0.0,1146.79,1429.53,1175.28,1822.53
48.0,9.0,0.0,1147.06,1430.91,1178.06,1820.19
49.0,9.0,0.0,1146.77,1430.75,1178.72,1819.59
50.0,9.0,0.0,1145.21,1432.69,1178.19,1818.9
51.0,9.0,0.0,1145.76,1431.7,1177.72,1819.45
52.0,9.0,0.0,1146.04,1431.14,1177.67,1819.56
53.0,9.0,0.0,1145.92,1431.79,1176.8,1819.86
54.0,9.0,0.0,1145.65,1431.44,1176.06,1819.45
55.0,9.0,0.0,1146.04,1430.72,1174.76,1819.71
56.0,9.0,0.0,1146.73,1429.88,1173.49,1819.94
57.0,9.0,0.0,1147.28,1429.75,1173.63,1820.24
58.0,9.0,0.0,1147.08,1429.68,1173.99,1821.07
59.0,9.0,0.0,1145.01,1430.53,1175.11,1819.27
60.0,9.0,0.0,1144.39,1431.02,1176.06,1819.83
61.0,9.0,0.0,1145.06,1430.57,1176.48,1820.02
62.0,9.0,0.0,1145.47,1429.87,1177.81,1819.7
63.0,9.0,0.0,1144.68,1430.61,1179.17,1818.67
64.0,9.0,0.0,1145.45,1429.43,1178.75,1818.92
65.0,9.0,0.0,1145.29,1431.23,1178.48,1819.59
66.0,9.0,0.0,1144.96,1430.75,1178.49,1820.61
67.0,9.0,0.0,1145.33,1430.08,1178.5,1820.63
68.0,9.0,0.0,1146.79,1428.98,1178.22,1822.46
69.0,9.0,0.0,1146.9,1428.61,1178.75,1822.6
70.0,9.0,0.0,1147.02,1428.66,1178.53,1822.46
71.0,9.0,0.0,1146.39,1429.41,1178.62,1821.3
72.0,9.0,0.0,1147.46,1428.68,1178.16,1822.02
73.0,9.0,0.0,1147.24,1429.08,1177.8,1822.91
74.0,9.0,0.0,1148.56,1430.68,1176.38,1819.84
75.0,9.0,0.0,1148.2,1431.77,1176.38,1820.16
76.0,9.0,0.0,1148.42,1432.26,1176.55,1819.93
77.0,9.0,0.0,1147.98,1432.24,1176.86,1819.77
78.0,9.0,0.0,1146.53,1432.75,1176.82,1819.81
79.0,9.0,0.0,1147.72,1431.77,1177.0,1819.04
80.0,9.0,0.0,1146.21,1432.14,1176.14,1820.46
81.0,9.0,0.0,1146.32,1430.86,1176.04,1820.21
82.0,9.0,0.0,1147.21,1430.09,1174.98,1820.02
83.0,9.0,0.0,1145.84,1432.06,1175.94,1819.48
84.0,9.0,0.0,1145.46,1432.09,1176.31,1820.08
85.0,9.0,0.0,1147.51,1429.98,1176.17,1819.79
86.0,9.0,0.0,1148.0,1428.67,1176.54,1819.85
87.0,9.0,0.0,1147.24,1429.98,1177.39,1819.21
88.0,9.0,0.0,1147.18,1429.91,1176.82,1819.81
89.0,9.0,0.0,1145.21,1430.87,1176.5,1818.23
90.0,9.0,0.0,1145.3,1431.37,1175.06,1819.54
91.0,9.0,0.0,1145.55,1431.06,1175.86,1819.01
92.0,9.0,0.0,1128.71,1420.71,1172.14,1818.2
93.0,9.0,0.0,1127.93,1421.28,1170.98,1817.83
94.0,9.0,0.0,1127.56,1421.42,1169.67,1818.97
95.0,9.0,0.0,1145.13,1430.22,1174.58,1817.81
96.0,9.0,0.0,1145.13,1429.81,1173.67,1817.84
97.0,9.0,0.0,1125.62,1423.08,1169.0,1819.25
98.0,9.0,0.0,1126.52,1422.39,1168.78,1818.87
99.0,9.0,0.0,1145.22,1430.18,1173.05,1818.16
100.0,9.0,0.0,1127.7,1421.13,1168.87,1818.32
101.0,9.0,0.0,1145.45,1430.4,1172.52,1818.42
102.0,9.0,0.0,1126.96,1421.53,1167.68,1818.73
103.0,9.0,0.0,1128.5,1420.22,1166.81,1818.97
104.0,9.0,0.0,1146.25,1431.9,1168.79,1813.9
105.0,9.0,0.0,1127.49,1421.35,1166.49,1813.1
106.0,9.0,0.0,1125.51,1423.27,1164.19,1815.0
107.0,9.0,0.0,1146.12,1430.94,1167.45,1814.85
108.0,9.0,0.0,1127.55,1421.27,1166.38,1812.36
109.0,9.0,0.0,1126.0,1421.66,1162.0,1813.12
110.0,9.0,0.0,1124.69,1423.1,1164.11,1816.74
111.0,9.0,0.0,1125.63,1422.81,1164.58,1816.73
112.0,9.0,0.0,1126.98,1420.84,1170.96,1816.0
113.0,9.0,0.0,1129.15,1418.73,1171.52,1813.96
114.0,9.0,0.0,1129.35,1416.26,1169.85,1812.84
115.0,9.0,0.0,1130.44,1416.79,1174.68,1815.39
116.0,9.0,0.0,1129.89,1416.8,1175.74,1813.77
117.0,9.0,0.0,1128.51,1417.67,1174.11,1814.2
118.0,9.0,0.0,1128.02,1418.6,1172.02,1814.54
119.0,9.0,0.0,1124.57,1420.16,1169.45,1814.01
120.0,9.0,0.0,1125.19,1419.84,1168.77,1813.25
121.0,9.0,0.0,1124.19,1420.57,1168.96,1811.72
122.0,9.0,0.0,1125.32,1420.19,1169.05,1811.96
123.0,9.0,0.0,1126.26,1420.84,1171.29,1811.06
124.0,9.0,0.0,1125.48,1420.49,1170.38,1812.11
125.0,9.0,0.0,1118.0,1423.78,1172.24,1811.98
126.0,9.0,0.0,1120.18,1421.82,1169.45,1811.89
127.0,9.0,0.0,1123.47,1421.51,1169.02,1812.71
128.0,9.0,0.0,1121.17,1421.41,1169.07,1811.98
129.0,9.0,0.0,1121.78,1423.42,1166.23,1813.94
130.0,9.0,0.0,1119.98,1424.06,1164.6,1814.93
131.0,9.0,0.0,1124.37,1419.89,1163.4,1817.31
132.0,9.0,0.0,1125.28,1421.3,1161.14,1814.57
133.0,9.0,0.0,1125.47,1420.33,1168.14,1809.56
134.0,9.0,0.0,1131.07,1415.61,1167.48,1805.31
135.0,9.0,0.0,1133.24,1414.46,1164.14,1805.49
136.0,9.0,0.0,1131.68,1415.38,1167.34,1804.63
137.0,9.0,0.0,1133.78,1413.23,1167.3,1807.71
138.0,9.0,0.0,1133.93,1410.66,1166.88,1809.87
139.0,9.0,0.0,1126.82,1417.97,1168.07,1813.34
140.0,9.0,0.0,1127.52,1414.71,1164.77,1817.25
141.0,9.0,0.0,1127.49,1416.65,1165.56,1818.44
142.0,9.0,0.0,1125.27,1420.71,1161.28,1815.99
143.0,9.0,0.0,1128.91,1417.09,1159.92,1809.93
144.0,9.0,0.0,1142.69,1433.98,1151.56,1787.52
145.0,9.0,0.0,1144.93,1433.81,1146.3,1784.95
146.0,9.0,0.0,1149.64,1437.53,1141.13,1781.61
147.0,9.0,0.0,1149.49,1436.26,1139.5,1781.08
148.0,9.0,0.0,1151.86,1430.62,1139.64,1778.25
