2,1,3,1742.59,2186.32,508.057,855.872
2,2,3,1862.23,2293.62,171.607,490.157
2,3,0,1341.35,1441.73,0,130.493
2,4,3,1492.12,1809.42,2.8125,152.668
2,5,1,370.312,1173.75,12.1435,353.575
2,6,0,1211.68,1316.01,2.16346,124.76
2,7,3,1956.15,2231.54,3.53366,157.572
2,9,0,1700.82,1800.72,6.49039,169.76
3,1,3,1758.96,2197.22,490.497,815.925
3,2,3,1913.97,2338.97,159.877,467.572
3,3,0,1340.46,1436.47,3.17307,128.798
3,4,3,1499.62,1808.08,5.26442,152.957
3,5,1,472.188,1251.25,7.80108,348.65
3,6,0,1233.85,1309.23,4.03846,117.764
3,7,3,1942.69,2177.31,0,157.067
3,9,0,1691.83,1797.4,7.21154,169.615
4,1,3,1785.81,2210.81,469.312,796.053
4,2,3,1967.64,2380.07,148.242,455.787
4,3,0,1342.36,1439.18,1.62259,131.647
4,4,3,1498.85,1815,5.91346,153.173
4,5,1,569.062,1313.75,10.9261,345.999
4,6,0,1233.85,1309.23,4.03846,117.764
4,7,3,1940.96,2175.96,0,155.12
4,9,0,1696.88,1804.66,4.83173,174.159
4,14,3,892.5,1725,1478,1916.4
5,1,3,1805.81,2224,452.597,769.131
5,2,3,2019.26,2431.85,134.922,433.151
5,3,0,1342.36,1439.18,1.62259,131.647
5,4,3,1487.07,1918.4,0,165.15
5,5,1,643.75,1420,11.4905,335.621
5,7,3,1941.54,2169.23,0.504806,153.966
5,9,0,1709.9,1797.79,6.92307,175.385
5,14,3,956.25,1755,1377.84,1920
5,15,0,443.214,690.132,166.923,415.944
6,1,3,1823.53,2242.48,430.232,743.996
6,2,3,2075.05,2473.09,118.703,418.758
6,4,3,1500,1813.85,6.31009,150.036
6,5,1,736.25,1488.75,9.00488,330.22
6,7,3,1943.46,2164.23,1.44231,154.904
6,9,0,1714.3,1796.47,10.024,173.726
6,14,3,1012.5,1795,1298.36,1920
6,15,0,527.389,765.836,169.477,412.137
7,1,3,1846.45,2261.67,414.384,724.342
7,2,3,2120.76,2517.78,109.982,402.372
7,4,3,1444.71,1960.86,0,157.667
7,5,1,825,1575,11.5397,321.583
7,7,3,1940.19,2167.5,0.504806,155.697
7,9,0,1711.49,1799.28,9.15866,169.832
7,14,3,1083.75,1842.5,1223.17,1843.39
7,15,0,607.262,849.345,167.452,409.579
7,17,0,2059.16,2153.15,1.94712,194.207
8,1,3,1873.74,2286.23,392.453,701.466
8,2,3,2166.54,2549.76,95.7559,383.226
8,4,3,1405.05,1887.91,0,158.863
8,5,1,890.625,1650,12.1934,323.374
8,7,3,1946.83,2170.1,0,158.51
8,9,0,1723,1793.92,10.5289,174.952
8,14,3,1152.5,1892.5,1153.49,1723.16
8,15,0,691.545,925.923,160.379,404.941
8,17,0,2062.55,2146.68,3.24519,192.188
9,1,3,1899,2315.84,382.244,680.946
9,2,3,2224.26,2548.26,83.9735,374.186
9,4,3,1483.05,1936.41,0,171.685
9,5,1,985.34,1705.31,3.07278,321.817
9,7,3,1946.25,2170.67,0,157.428
9,9,0,1723,1793.92,10.5289,174.952
9,14,3,1228.75,1937.5,1083.83,1634.52
9,15,0,776.458,1004.85,159.189,406.152
9,17,0,2062.28,2146.95,2.95673,195.216
10,1,3,1928.68,2335.52,362.367,657.121
10,2,3,2266.13,2555.77,85.2309,368.098
10,4,3,1483.05,1936.41,0,171.685
10,5,1,1060.41,1777.92,1.87534,321.789
10,7,3,1946.44,2173.56,0,158.005
10,14,3,1282.5,1972.5,1028.15,1533.46
10,15,0,854.578,1080.2,151.885,394.663
10,17,0,2065.05,2147.26,4.75961,193.702
10,20,3,2.64774,466.587,141.498,379.208
11,1,3,1950.09,2364.32,351.452,644.02
11,2,3,2319.09,2555.16,70.595,321.692
11,5,1,1149.75,1830.91,0,322.606
11,7,3,1944.04,2179.04,0,160.745
11,14,3,1350,2001.25,971.4,1458.11
11,15,0,928.484,1159.9,148.775,390.371
11,17,0,2060.26,2148.97,3.96635,194.639
11,20,3,36.5553,564.808,144.316,368.937
12,1,3,1986.16,2384.39,335.578,626.011
12,2,3,2358.2,2558.63,65.5139,312.296
12,5,1,1215,1898.98,0.106716,315.676
12,7,3,1944.42,2175.58,0,160.889
12,14,3,1407.5,2042.5,919.459,1393.37
12,15,0,1005.28,1238.83,150.644,389.075
12,17,0,2058.77,2150.46,4.32693,193.413
12,20,3,132.921,663.922,142.17,362.473
13,1,3,2012.66,2413.77,321.129,611.314
13,2,3,2413.46,2558.85,54.8077,288.75
13,5,1,1298.15,1963.68,0,321.041
13,7,3,1939.04,2177.88,0,157.428
13,14,3,1455,2067.5,865.407,1332
13,15,0,1083.76,1308.33,145.903,388.563
13,17,0,2056.08,2153.15,3.46154,195
13,20,3,231.908,757.78,138.639,361.594
14,1,3,2044.07,2440.03,309.655,589.781
14,2,3,2457.12,2560,42.6923,292.5
14,5,1,1369.81,2030.65,0,308.936
14,6,0,1209.38,1316.78,3.93029,127.464
14,7,3,1939.04,2177.88,0,157.428
14,14,3,1503.75,2105,809.588,1277.55
14,15,0,1157.89,1376.22,146.538,387.485
14,17,0,2056.88,2152.36,1.73077,192.404
14,20,3,290.121,847.829,130.27,365.584
15,1,3,2077.47,2468.25,297.364,566.093
15,2,3,2508.44,2559.25,33.3173,297.26
15,5,1,1453.22,2110.68,0,304.643
15,6,0,1212.02,1312.6,2.01923,127.212
15,14,3,1557.5,2126.25,767.869,1211.71
15,15,0,1223.43,1441.6,148.954,382.09
15,17,0,2062.76,2152.62,0,166.298
15,20,3,397.154,936.649,122.554,359.989
16,1,3,2107.65,2503.81,285.398,552.916
16,2,3,2508.44,2559.25,33.3173,297.26
16,3,0,1343.08,1444.62,4.11057,131.466
16,5,1,1507.04,2161.3,0,289.573
16,6,0,1207.88,1318.27,1.47836,122.344
16,14,3,1604.13,2167.59,725.471,1155.26
16,15,0,1289.27,1502.72,140.997,377.689
16,17,0,2062.76,2152.62,0,166.298
16,20,3,495.96,1031.13,117.34,354.761
16,25,0,869.495,1212.04,1558.29,1919.29
17,1,3,2133.34,2534.36,274.926,540.152
17,3,0,1343.08,1444.62,4.11057,131.466
17,5,1,1587.43,2235.18,0,285.369
17,6,0,1212.98,1314.71,3.20914,127.32
17,14,3,1648.09,2187.32,687.907,1092.46
17,15,0,1356.46,1558.41,141.715,374.623
17,20,3,596.32,1124.64,107.998,350.975
17,25,0,888.403,1205.05,1469.39,1918.22
18,1,3,2163.11,2556.85,260.04,530.885
18,5,1,1653.42,2317.33,0,283.668
18,6,0,1212.98,1314.71,3.20914,127.32
18,14,3,1693.13,2215.04,649.063,1040.89
18,15,0,1413.4,1620.54,137.972,365.318
18,20,3,683.345,1214.48,101.01,351.845
18,25,0,913.267,1195.31,1403.62,1916.07
18,27,0,2492.87,2557.09,922.738,1405.8
19,1,3,2203.6,2557.23,251.867,514.387
19,4,3,1483.94,1725.29,7.57211,145.601
19,5,1,1714.44,2353.23,0,275.292
19,14,3,1731.61,2238.82,617.86,993.846
19,15,0,1467.64,1669.24,130.429,358.721
19,20,3,777.39,1311.64,92.0701,340.642
19,25,0,919.979,1209.85,1332.49,1911.05
19,27,0,2466.99,2559.74,881.149,1383.57
20,1,3,2230.24,2556.83,245.44,500.895
20,4,3,1493.08,1811.54,7.64423,150.288
20,5,1,1800.47,2413.29,1.17521,272.848
20,14,3,1773.54,2263.77,585.93,966.348
20,15,0,1519.97,1722.36,134.849,357.308
20,20,3,881.39,1403.68,114.246,336.223
20,25,0,928.246,1208.51,1263.88,1907.5
20,27,0,2453.19,2558.2,861.984,1327.56
21,1,3,2263.97,2559.47,231.054,489.742
21,4,3,1492.4,1806.06,6.85096,152.524
21,5,1,1870.38,2436.32,0,267.228
21,9,0,1694.47,1813.22,7.57211,177.188
21,14,3,1806.62,2282.98,551.206,912.435
21,15,0,1568.4,1772.63,129.601,354.024
21,20,3,969.549,1498.19,89.0204,332.695
21,25,0,938.48,1207.35,1210.02,1809.39
21,27,0,2435.7,2559.37,829.057,1309.29
22,1,3,2291.48,2560,220.769,476.943
22,4,3,1490,1823.85,4.03846,152.019
22,5,1,1942.87,2520.11,0,267.894
22,9,0,1694.52,1819.33,6.49038,172.933
22,14,3,1842.77,2310.2,525.001,869.519
22,15,0,1621.72,1821.02,134.146,356.063
22,20,3,1066.31,1597.7,89.37,330.037
22,25,0,953.922,1199.34,1151.91,1727.1
22,27,0,2421.62,2557.71,805.673,1272.61
23,1,3,2319.88,2560,210.104,473.122
23,4,3,1459.54,1962.43,0,170.038
23,5,1,1963.43,2545.34,0,253.338
23,9,0,1694.52,1819.33,6.49038,172.933
23,14,3,1874.84,2338.92,492.069,829.347
23,15,0,1670.44,1882,128.056,357.241
23,20,3,1169.86,1687.45,88.0038,323.462
23,25,0,969.815,1208.93,1105.05,1666.23
23,27,0,2408.37,2556.85,787.139,1236.74
24,1,3,2355.39,2559.62,206.748,460.247
24,4,3,1459.54,1962.43,0,170.038
24,5,1,2047.47,2558.53,0.973277,259.061
24,14,3,1910.42,2361.81,474.793,802.733
24,15,0,1724.05,1921.07,130.983,358.384
24,20,3,1262.53,1772.23,82.8343,325.493
24,25,0,973.598,1209.53,1052.26,1596.97
24,27,0,2404.01,2557.28,761.028,1210.96
25,1,3,2384.38,2560,195.78,451.829
25,4,3,1415.5,2039.49,0,181.533
25,5,1,2097.64,2560,4.94024,235.731
25,14,3,1938.23,2383.93,448.36,770.508
25,15,0,1761.18,1971.02,125.515,358.082
25,17,4,2067.31,2138.85,1.15384,185.769
25,20,3,1354.69,1858.57,82.1188,319.163
25,25,0,978.38,1212.44,1012.01,1554.06
25,27,0,2397.74,2555.68,743.122,1183.7
26,1,3,2417.79,2560,181.875,441.779
26,4,3,1422.76,2025.93,1.29762,169.736
26,5,1,2183.58,2560,4.96486,240.955
26,14,3,1971.97,2421.09,425.206,736.224
26,15,0,1813.92,2014.66,119.078,356
26,17,0,2052.21,2197.02,0,187.212
26,20,3,1434.57,1995.55,74.8766,311.863
26,25,0,987.063,1221.24,976.019,1493.88
26,27,0,2393.44,2556.4,726.509,1149.8
27,1,3,2444.66,2560,170.697,433.341
27,4,3,1479.67,2121.43,7.08207,179.179
27,5,1,2239.81,2557.11,5.80444,228.95
27,7,3,1942.5,2235.96,0.180287,126.454
27,14,3,2003.63,2437.26,403.837,717.219
27,15,0,1850.34,2055.72,116.53,350.178
27,17,0,2053.94,2155.29,0,188.365
27,20,3,1523.28,1990.14,71.625,310.113
27,25,0,991.3,1222.41,929.298,1444.01
27,27,0,2393.1,2553.65,711.354,1132.68
28,1,3,2474.64,2559.21,153.462,418.846
28,4,3,1459.39,2021.48,7.65352,147.362
28,5,1,2310.55,2560,2.3884,230.235
28,7,3,1952.02,2235.67,0,119.423
28,14,3,2036.78,2456.12,380.588,689.375
28,15,0,1891.47,2086.36,107.748,352.191
28,17,0,2050,2153.08,0,181.154
28,20,3,1609.14,2085.97,69.3809,300.088
28,25,0,1000.86,1225.29,889.124,1394.38
28,27,0,2394.11,2555.09,694.385,1114.23
29,1,3,2502,2559.54,145.457,418.197
29,4,3,1465.37,1999.75,7.87559,149.577
29,5,1,2379.69,2560,2.04266,227.95
29,6,0,1210.43,1315.72,1.18991,131.791
29,7,3,1962.02,2219.52,0,115.745
29,14,3,2065.23,2481.97,363.932,660.383
29,15,0,1937.2,2129.2,112.406,344.803
29,17,0,2050,2153.08,0,181.154
29,20,3,1679.4,2172.63,71.6254,296.356
29,25,0,996.626,1226.85,864.6,1337.74
29,27,0,2392.04,2558.28,675.059,1104.23
30,1,3,2527.57,2558.58,145.24,408.894
30,4,3,1465.15,1995.25,3.60935,159.923
30,5,1,2416.92,2558.46,0,211.875
30,6,0,1210.43,1315.72,1.18991,131.791
30,7,3,1962.02,2219.52,0,115.745
30,14,3,2099.45,2506.98,343.61,633.405
30,15,0,1966.36,2153.46,104.396,349.197
30,20,3,1770.94,2231.58,67.5846,285.694
30,25,0,1003.69,1217.01,820.022,1296.29
30,27,0,2400.56,2558.7,668.204,1077.97
31,1,3,2527.57,2558.58,145.24,408.894
31,4,3,1458.96,2002.29,0,157.773
31,5,1,2416.92,2558.46,0,211.875
31,14,3,2129.27,2536.5,323.925,617.997
31,15,0,2000.17,2183.12,108.329,347.227
31,20,3,1849.51,2269.77,66.7767,280.067
31,25,0,1005.33,1220.31,792.336,1257.57
31,27,0,2409.53,2556.71,657.229,1062.67
32,3,0,1351.92,1446.54,4.03846,134.279
32,4,3,1472.13,1969.53,0,159.202
32,6,0,1208.65,1315.96,2.8125,127.428
32,14,3,2160.39,2554.9,305.71,598.993
32,15,0,2028.84,2209.56,103.001,345.779
32,20,3,1920.44,2359.32,54.563,272.167
32,25,0,1007.42,1210.75,755.604,1223.91
32,27,0,2414.62,2556.23,649.273,1055.45
32,34,0,479.99,732.748,124.8,345.959
33,3,0,1344.57,1444.66,4.32692,134.856
33,4,3,1460.19,1975.13,0,150.895
33,6,0,1207.5,1315.58,2.37981,127.284
33,14,3,2187.23,2557.11,290.149,579.026
33,15,0,2061.9,2240.12,115.018,339.99
33,20,3,2014.41,2421.84,53.8891,273.521
33,25,0,1005.61,1211.27,728.853,1175.5
33,27,0,2415.29,2557.38,637.727,1041.53
33,34,0,586.303,840.174,116.995,342.627
34,3,0,1345.19,1445.58,3.53365,130.024
34,4,3,1488.27,1822.5,3.67789,150.938
34,6,0,1216.08,1311.61,1.33414,128.257
34,7,3,1949.42,2235.19,0,160.889
34,14,3,2224.26,2559.11,252.79,561.946
34,15,0,2096.57,2271.86,101.387,347.988
34,20,3,2077.2,2499.06,47.6068,284.999
34,25,0,995.762,1194.19,697.893,1138.47
34,27,0,2417.93,2557.99,629.28,1040
34,34,0,691.243,952.471,113.733,339.861
35,3,0,1345.19,1448.65,1.69471,133.594
35,4,3,1468.54,1952.96,0,159.124
35,6,0,1216.08,1311.61,1.33414,128.257
35,7,3,1938.08,2175.77,0,161.971
35,9,0,1690.67,1823.17,3.24519,171.418
35,14,3,2252.57,2560,248.932,541.35
35,15,0,2124.24,2288.59,77.3651,352.334
35,20,3,2148.16,2547.81,47.0988,286.163
35,25,0,992.389,1187.61,671.713,1109.29
35,27,0,2418.47,2558.09,620.964,1033.39
35,34,0,798.707,1055.76,101.665,334.459
36,3,0,1349.23,1452.31,0,136.623
36,4,3,1488.37,1831.63,6.92307,149.135
36,7,3,1915.29,2284.71,2.63221,131.647
36,9,0,1687.88,1816.73,4.18269,172.067
36,14,3,2291.74,2555.53,246.364,516.08
36,15,0,2150.39,2309.61,72.5166,353.046
36,17,0,2053.65,2152.5,0.9375,193.341
36,20,3,2220.12,2549.03,43.8776,272.147
36,25,0,963.102,1167.75,641.133,1068.99
36,27,0,2416.59,2558.55,605.095,1026.94
36,34,0,902.159,1158.21,98.862,329.957
37,3,0,1351.23,1448.77,0,131.647
37,4,3,1469.58,1944.23,0,160.815
37,6,0,1213.41,1312.74,0,129.05
37,7,3,1939.13,2177.79,0,161.611
37,9,0,1691.49,1819.28,4.39904,170.697
37,14,3,2325.4,2560,224.994,502.932
37,15,0,2178.85,2331.92,96.0577,324.231
37,17,0,2055.53,2153.7,1.51442,195.793
37,20,3,2276.54,2560,41.5385,240
37,25,0,949.664,1148.55,620.052,1030.72
37,27,0,2416.19,2558.5,593.781,1011.53
37,34,0,1010.69,1256.43,103.199,328.116
38,3,0,1345.87,1447.98,0,134.748
38,4,3,1466.74,1939.07,0,160.303
38,6,0,1213.41,1312.74,0,129.05
38,7,3,1941.54,2178.46,0,160.096
38,9,0,1690.43,1814.18,2.66827,170.409
38,14,3,2371.06,2560,220.412,482.277
38,15,0,2195.48,2352.21,104.567,327.548
38,17,0,2057.31,2148.85,3.96634,193.918
38,20,3,2333.17,2560,42.3317,233.149
38,25,0,930.17,1120.5,594.746,999.194
38,27,0,2414.26,2558.59,596.824,1004.3
38,34,0,1110.5,1353.41,92.4217,324.875
39,3,0,1345.87,1447.98,0,134.748
39,4,3,1488.94,1834.13,4.11057,149.784
39,7,3,1970.87,2219.9,0,167.38
39,9,0,1690.58,1814.04,2.95673,172.716
39,14,3,2399.16,2560,202.147,464.973
39,15,0,2227.31,2369.62,98.5096,318.317
39,17,0,2061.51,2144.64,4.90384,194.567
39,20,3,2385.82,2560,29.2067,237.043
39,25,0,904.449,1089.33,570.598,968.435
39,27,0,2410.07,2556.53,597.959,993.086
39,34,0,1204.61,1449.82,99.2994,322.629
40,4,3,1485.19,1828.65,4.50721,149.531
40,6,0,1207.74,1321.49,1.1899,122.993
40,7,3,1940.19,2182.88,0,161.683
40,9,0,1690.58,1814.04,2.95673,172.716
40,14,3,2435.24,2560,181.587,439.76
40,15,0,2244.71,2376.83,96.851,322.572
40,17,0,2061.37,2144.78,4.03846,194.712
40,20,3,2436.39,2560,24.5913,221.899
40,25,0,864.609,1058.74,547.276,950.689
40,27,0,2406.23,2552.37,587.053,986.74
40,34,0,1297.7,1540.47,91.5241,318.26
40,37,0,2209.84,2528.81,1558.18,1920
41,3,0,1341.11,1443.51,0,133.089
41,4,3,1454.59,1974.59,0,161.274
41,6,0,1212.31,1316.92,2.1274,123.93
41,7,3,1935.87,2254.9,2.66827,133.269
41,14,3,2475.24,2558.61,167.236,436.803
41,15,0,2265.43,2411.49,93.101,319.976
41,17,0,2058.77,2150.46,0,191.611
41,20,3,2487.96,2560,13.9183,220.457
41,25,0,830.952,1021.14,524.353,909.386
41,27,0,2390.82,2552.12,587.456,983.452
41,34,0,1383.35,1620.12,85.7587,321.757
41,37,0,2200.95,2498.62,1467.52,1918.99
42,3,0,1341.44,1444.71,0,134.567
42,4,3,1468.43,1954.84,0,168.324
42,6,0,1213.17,1314.52,0.721149,130.601
42,7,3,1934.52,2259.33,3.67789,131.178
42,14,3,2505.53,2559.09,139.976,419.351
42,15,0,2288.03,2422.74,92.6683,320.697
42,17,0,2063.27,2149.04,0.504806,191.611
42,20,3,2530.2,2559.03,18.6779,231.418
42,25,0,783.829,978.289,502.244,882.003
42,27,0,2389.83,2549.13,581.759,975.153
42,34,0,1476.49,1701.86,85.3645,321.94
42,37,0,2204.72,2470.71,1390.52,1920
43,3,0,1341.83,1445.87,0,135.829
43,4,3,1459.36,1967.32,0,178.888
43,6,0,1215.87,1316.44,0.252399,131.142
43,7,3,1935.38,2184.62,0,162.043
43,14,3,2532.16,2560,138.534,409.832
43,15,0,2305.96,2450.96,90.7212,321.49
43,17,0,2062.93,2146.3,1.37019,192.188
43,20,3,2530.2,2559.03,18.6779,231.418
43,25,0,742.61,931.963,484.401,854.413
43,27,0,2371.93,2543.29,579.987,966.716
43,34,0,1551.85,1782.79,81.2796,324.413
43,37,0,2201.34,2452.69,1308.3,1877.76
44,3,0,1341.83,1445.87,0,135.829
44,4,3,1455.21,1985.01,0,164.112
44,6,0,1215.87,1316.44,0.252399,131.142
44,7,3,1936.73,2257.12,3.10096,132.188
44,14,3,2532.16,2560,138.534,409.832
44,15,0,2330.48,2466.44,87.1875,318.678
44,17,0,2063.8,2142.36,1.65865,191.611
44,25,0,699.968,886.249,465.999,839.367
44,27,0,2366.84,2539.08,578.864,952.302
44,34,0,1627.22,1853.19,84.5961,311.443
44,37,0,2195.49,2441.5,1233.21,1788.66
45,3,0,1339.23,1450,0.649045,137.019
45,4,3,1459.54,1978.65,0,172.594
45,7,3,1909.4,2297.32,0,169.407
45,15,0,2347.21,2498.94,75.7933,316.226
45,17,0,2063.17,2139.9,2.01923,191.971
45,25,0,647.06,837.062,448.015,806.992
45,27,0,2351.1,2531.92,565.82,948.651
45,34,0,1693.35,1923.28,72.4526,305.588
45,37,0,2193.25,2441.95,1164.39,1703.01
46,3,0,1339.23,1450,0.649045,137.019
46,4,3,1444.75,1971.27,0,152.787
46,7,3,1936.73,2250.96,0.360575,138.678
46,15,0,2377.79,2520.67,83.5096,311.683
46,17,0,2060.17,2145.99,1.44231,190.096
46,25,0,605.114,785.532,424.307,783.471
46,27,0,2333.07,2517.68,557.054,942.51
46,34,0,1771.97,1987.95,77.6848,307.318
46,37,0,2196.46,2426.92,1104.22,1628.83
47,3,0,1337.26,1439.66,6.34616,152.019
47,4,3,1459.77,1927.2,0,161.514
47,6,0,1214.28,1314.95,0,126.743
47,7,3,1938.17,2181.83,0,165.865
47,9,0,1685,1819.62,2.01923,176.971
47,15,0,2399.66,2554.18,79.2548,314.495
47,17,0,2062.76,2146.47,2.09135,191.611
47,25,0,549.751,736.67,411.366,758.09
47,27,0,2316.95,2497.28,545.88,919.636
47,34,0,1838.56,2048.25,78.8129,301.925
47,37,0,2198.68,2430.61,1053.59,1560.32
48,3,0,1337.26,1439.66,6.34616,152.019
48,4,3,1469.23,1915.67,0,160.957
48,6,0,1211.06,1313.56,0,125.625
48,7,3,1940.58,2250.19,1.55048,128.257
48,9,0,1685,1819.62,2.01923,176.971
48,15,0,2428.56,2559.13,88.774,311.899
48,17,0,2051.39,2142.45,0.288463,192.548
48,25,0,507.975,682.799,394.529,745.855
48,27,0,2283.91,2474.09,536.313,914.222
48,34,0,1899.34,2109.16,76.0612,297.653
48,37,0,2202.55,2426,1012.2,1489.04
49,3,0,1309.04,1409.42,2.05529,136.55
49,4,3,1456.67,1938.15,0,155.302
49,6,0,1209.38,1316.78,0.360575,125.697
49,7,3,1934.04,2182.88,0,161.755
49,9,0,1670.62,1812.45,0,173.654
49,15,0,2455.24,2560,83.7981,302.163
49,17,0,2051.39,2142.45,0.288463,192.548
49,25,0,445.001,634.91,379.139,718.06
49,27,0,2257.36,2445.24,522.913,901.514
49,34,0,1960.9,2167.64,70.3023,298.037
49,37,0,2221.97,2428.76,958.965,1430.14
50,3,0,1309.04,1409.42,2.05529,136.55
50,4,3,1477.88,1811.35,4.03846,153.75
50,6,0,1209.38,1316.78,0.360575,125.697
50,7,3,1948.56,2232.98,1.00961,155.337
50,9,0,1662.5,1799.04,2.52404,173.582
50,15,0,2485.82,2560,92.9567,305.409
50,25,0,417.963,578.312,374.009,700.185
50,27,0,2228.88,2415.44,522.415,874.278
50,34,0,2025.76,2226.46,70.2619,292.504
50,37,0,2228.84,2431.98,934.441,1374.38
51,4,3,1452.69,1778.08,5.12019,148.63
51,7,3,1935,2181.92,0,159.808
51,9,0,1651.73,1772.88,5.69712,174.591
51,15,0,2514.87,2558.98,103.846,311.25
51,25,0,370.285,522.583,375.268,687.648
51,27,0,2187.82,2380.72,511.112,868.341
51,34,0,2079.73,2282.22,74.0471,293.486
51,37,0,2234.39,2434.01,881.528,1323.19
51,40,0,1848.34,1930.12,2.37981,103.918
51,41,3,0,625.735,56.506,397.26
52,4,3,1445.11,1953.75,0.864666,158.174
52,7,3,1919.69,2289.66,2.40968,176.918
52,9,0,1642.93,1772.45,8.29327,175.745
52,15,0,2537.54,2560,125.769,332.019
52,25,0,370.285,522.583,375.268,687.648
52,27,0,2146.26,2342.79,500.412,854.288
52,34,0,2137.58,2331.19,70.9105,295.005
52,37,0,2245.37,2450.62,842.828,1273.62
52,40,0,1848.56,1939.13,3.46154,102.62
52,41,3,1.25,736.875,35.497,375.348
53,4,3,1433.48,1857.25,1.35765,163.344
53,7,3,1934.42,2259.42,1.33413,133.45
53,9,0,1630.96,1765.96,7.93269,184.183
53,15,0,2537.54,2560,125.769,332.019
53,17,0,2057.55,2142.45,5.84135,191.611
53,27,0,2105.54,2299.2,483.985,838.781
53,34,0,2200.43,2378.03,83.3654,293.077
53,37,0,2255.71,2444.65,806.001,1221.46
53,40,0,1848.27,1936.35,1.15385,105.721
53,41,1,0,778.125,18.1381,362.752
54,3,0,1244.33,1355.67,5.73318,148.594
54,4,3,1421.04,1846.3,4.65975,159.606
54,7,3,1935.77,2181.15,0,160.529
54,9,0,1631.78,1765.14,7.57212,179.495
54,17,0,2051.44,2148.56,4.61539,191.538
54,27,0,2053.54,2255.34,474.897,825.537
54,34,0,2248.37,2428.56,87.9808,290.481
54,37,0,2263,2452.16,775.423,1178.1
54,40,0,1840.58,1919.42,0.793269,105.144
54,41,3,30.3125,975,20.8578,375.457
55,3,0,1231.15,1344.23,10.5288,146.394
55,4,3,1407.44,1836.54,2.4208,167.32
55,7,3,1934.04,2179.81,0,161.034
55,9,0,1631.78,1765.14,7.57212,179.495
55,17,0,2047.91,2142.86,2.59616,191.971
55,27,0,2010.49,2209.77,461.767,804.641
55,34,0,2297.55,2468.61,66.851,286.226
55,37,0,2280.51,2469.22,739.983,1144.88
55,40,0,1831.27,1922.57,2.59616,108.606
55,41,3,179.062,1060,14.4542,365.608
56,3,0,1213.12,1329.95,8.72596,152.668
56,4,3,1396.31,1855.77,0,160.305
56,7,3,1933.08,2177.69,0,162.837
56,17,0,2042.79,2141.83,4.90384,196.731
56,27,0,1952.31,2158.11,448.735,794.677
56,34,0,2346.92,2508.46,69.2308,279.808
56,37,0,2290.05,2476.78,716.19,1098.41
56,40,0,1826.54,1902.69,1.11779,110.373
56,41,3,201.875,1174.38,23.4556,356.165
56,25,0,40.1161,227.309,302.74,609.865
57,3,0,1194.42,1311.73,2.74038,154.471
57,4,3,1379.22,1835.63,0.665581,159.131
57,7,3,1933.27,2180.58,0,161.899
57,9,0,1603.56,1697.98,12.7644,187.139
57,17,0,2041.13,2137.33,7.86058,197.38
57,27,0,1908.91,2112.44,439.895,780.184
57,34,0,2388.32,2547.07,62.8125,277.861
57,37,0,2302.13,2482.55,687.063,1069.71
57,40,0,1819.57,1894.28,0.9375,108.245
57,41,3,357.188,1261.25,14.4282,343.502
57,25,0,0,159.008,301.471,596.11
58,3,0,1194.42,1311.73,2.74038,154.471
58,4,3,1397.59,2014.01,0,162.232
58,7,3,1928.27,2167.12,0,167.74
58,9,0,1573.99,1662.93,11.3221,184.976
58,17,0,2031.73,2134.42,6.92307,199.904
58,27,0,1857.59,2064.2,426.366,766.136
58,34,0,2424.33,2560,52.0673,275.913
58,37,0,2314.56,2497.33,662.454,1032.96
58,40,0,1810.58,1890.96,5.80529,112.031
58,41,3,478.125,1345,12.9369,341.689
58,25,0,0,88.4856,291.851,581.034
59,4,3,1282.48,1938.82,0,168.272
59,7,3,2021.54,2258.46,0.216343,121.37
59,9,0,1556.63,1661.83,13.8461,183.462
59,17,0,2014.13,2130.48,9.08654,203.798
59,27,0,1807.78,2015.78,416.972,753.583
59,34,0,2470.48,2560,70.7452,267.62
59,37,0,2331.12,2498.8,633.735,1001.94
59,40,0,1807.55,1884.76,6.09375,111.671
59,41,3,478.125,1345,12.9369,341.689
59,25,0,0,88.4856,291.851,581.034
60,4,3,1510,1779.23,0,162.981
60,7,3,1929.04,2160.19,0,169.76
60,9,0,1532.26,1643.12,34.9039,198.462
60,17,0,1996.68,2111.01,21.5625,207.62
60,27,0,1761.52,1959.08,402.801,747.416
60,34,0,2470.48,2560,70.7452,267.62
60,37,0,2343.64,2511.07,608.314,972.277
60,40,0,1794.88,1869.74,1.91106,111.887
60,41,3,672.5,1557.5,8.15968,315.64
61,4,3,1510,1779.23,0,162.981
61,7,3,1932.88,2242.5,0,163.125
61,9,0,1532.26,1643.12,34.9039,198.462
61,17,0,1968.22,2081.01,27.5481,212.019
61,27,0,1712.78,1910.22,396.442,725.979
61,37,0,2355.29,2523.87,584.436,936.965
61,40,0,1792.55,1865.91,1.80288,114.519
61,41,3,733.75,1607.5,13.8038,322.036
62,7,3,1905.29,2199.33,3.38943,159.736
62,17,0,1938.37,2058.56,35.3365,214.038
62,27,0,1650.18,1865.47,388.514,707.328
62,37,0,2366.45,2532.46,561.02,907.238
62,40,0,1774.76,1852.93,5.40865,113.149
62,41,3,842.5,1712.5,9.16878,323.633
63,7,3,1928.75,2255.87,0,160.817
63,17,0,1906.59,2047.26,21.851,216.562
63,27,0,1579.96,1799.97,378.881,691.376
63,37,0,2372.52,2543.01,536.879,878.145
63,40,0,1761.32,1844.83,2.48798,110.3
63,41,3,948.75,1772.5,9.47139,324.397
64,7,3,1922.12,2237.88,0,163.269
64,17,0,1869.9,2016.25,15.3606,216.851
64,27,0,1497.5,1733.05,372.228,682.784
64,37,0,2389.48,2548.54,521.14,849.072
64,40,0,1759.59,1837.33,3.56971,113.113
64,41,1,971.875,1925,18.4736,261.71
65,7,3,1884.42,2226.35,0,167.885
65,17,0,1869.9,2016.25,15.3606,216.851
65,27,0,1403.17,1643.81,356.972,660.444
65,37,0,2400.75,2553.6,506.051,831.471
65,40,0,1759.59,1837.33,3.56971,113.113
65,41,3,1106.25,1960,6.39839,320.556
65,53,0,493.335,739.591,134.667,356.693
66,3,0,1031.92,1148.08,1.65866,185.841
66,7,3,1890.38,2217.31,0,165.433
66,27,0,1298.6,1550.5,347.14,653.89
66,37,0,2425.01,2552.54,483.131,798.654
66,41,3,1210,2017.5,7.51976,312.161
66,53,0,595.636,854.703,129.451,355.524
67,3,0,1007.4,1123.37,0,188.798
67,6,0,1142.88,1258.65,0,162.909
67,7,3,1821.42,2246.66,0,166.771
67,27,0,1184.1,1443.17,337.795,637.659
67,37,0,2429.92,2554.86,464.609,774.823
67,41,3,1267.5,2082.5,4.4993,320.735
67,53,0,704.02,955.117,117.835,349.778
68,3,0,983.75,1096.25,5.26443,192.476
68,6,0,1123.8,1245.43,0,166.226
68,7,3,1821.42,2246.66,0,166.771
68,27,0,1060.91,1329.9,326.724,621.831
68,37,0,2434.64,2557.53,445.464,761.257
68,41,3,1343.75,2150,0,319.01
68,53,0,810.798,1060.23,117.156,345.894
68,56,3,9.08098,360.823,172.63,402.437
69,3,0,961.01,1071.3,4.32693,195
69,6,0,1095.1,1215.67,0.360582,171.13
69,9,0,1286.06,1424.71,27.0433,223.918
69,27,0,930.186,1204.82,312.204,603.34
69,37,0,2451.11,2555.05,431.827,731.827
69,41,3,1464.71,2203.92,0,310.809
69,53,0,913.938,1157.03,111.813,341.895
69,56,3,4.36825,504.02,167.478,405.304
70,3,0,933.702,1052.45,3.31731,200.048
70,4,3,1258.65,1539.81,5.26442,169.255
70,6,0,1083.94,1196.06,1.44231,169.183
70,9,0,1248.61,1386.78,45.3606,232.428
70,27,0,804.054,1068.1,295.891,584.197
70,37,0,2472,2558.77,390.865,708.75
70,41,3,1534.63,2276.73,0.499477,307.033
70,53,0,1013.45,1253.3,114.785,339.098
70,56,3,8.55991,632.859,165.663,403.113
71,3,0,916.587,1020.34,3.31731,208.413
71,4,3,1252.41,1641.75,0,187.687
71,6,0,1047.02,1165.29,0.721149,176.25
71,9,0,1248.61,1386.78,45.3606,232.428
71,27,0,660.403,930.977,286.428,573.189
71,37,0,2482.31,2560,378.75,687.404
71,41,1,1582.54,2329,3.07121,299.305
71,53,0,1106.07,1341.8,112.619,337.371
71,56,3,125.552,765.28,170.065,383.565
72,3,0,897.356,999.567,13.774,215.12
72,4,3,1243.12,1671.72,0,179.448
72,6,0,1020.96,1137.5,0,176.322
72,27,0,510.189,786.639,273.193,560.515
72,37,0,2491.3,2560,360.288,655.673
72,41,3,1650.22,2384.03,10.9314,289.557
72,53,0,1198.66,1440.18,94.8763,332.958
72,56,3,215.685,864.536,154.268,388.265
72,59,0,2194.9,2498.75,1503.63,1915.36
73,3,0,874.76,959.087,18.9663,222.476
73,4,3,1251.78,1655.84,0,196.137
73,6,0,1003.22,1112.16,0,177.188
73,9,0,1166.11,1286.2,61.0096,247.356
73,17,0,1524.86,1687.45,37.0673,243.462
73,27,0,391.669,633.752,265.206,550.57
73,37,0,2503,2558.53,345.433,646.875
73,41,3,1766.54,2441.24,6.20048,292.689
73,53,0,1294.9,1523.56,126.995,322.139
73,56,3,336.029,950.949,150.99,388.744
73,59,0,2186.94,2467.13,1408.87,1918.58
74,3,0,874.76,959.087,18.9663,222.476
74,4,3,1221.62,1641.98,2.05228,194.368
74,6,0,974.952,1083.51,0,183.173
74,9,0,1127.6,1260.1,60.7933,254.495
74,17,0,1486.3,1644.47,43.2692,234.087
74,27,0,391.669,633.752,265.206,550.57
74,37,0,2525.54,2557.54,344.279,640.529
74,40,0,1627.84,1744.47,0.144231,135.144
74,41,3,1856.71,2502.09,13.145,288.491
74,53,0,1381.64,1613.74,103.198,326.31
74,56,3,452.007,1077.53,144.544,386.153
74,59,0,2182.15,2416.64,1313.51,1904.35
75,4,3,1179.42,1589.14,0,189.388
75,6,0,960.457,1054.93,2.30769,184.904
75,9,0,1096.59,1244.95,73.4135,247.644
75,17,0,1486.3,1644.47,43.2692,234.087
75,27,0,62.6491,449.434,267.147,516.357
75,37,0,2525.54,2557.54,344.279,640.529
75,40,0,1609.95,1728.51,2.05529,138.281
75,41,3,1858.47,2542.45,14.8012,284.352
75,53,0,1480.84,1697.42,102.795,324.387
75,56,3,568.804,1184.33,139.15,380.354
75,59,0,2159.72,2391.96,1231.58,1786.76
76,4,3,1158.97,1545,0,197.03
76,6,0,960.457,1054.93,2.30769,184.904
76,9,0,1096.59,1244.95,73.4135,247.644
76,17,0,1406.68,1562.55,42.5481,264.375
76,27,0,0,150.895,240.214,520.332
76,40,0,1592.6,1718.17,1.76682,138.57
76,41,1,1925.29,2559.42,6.36629,294.398
76,53,0,1567.13,1792.22,94.4389,323.065
76,56,3,661.832,1286.13,137.16,377.621
76,59,0,2165.02,2382.21,1152.71,1692.91
77,4,3,1121.28,1549.41,8.46305,192.421
77,17,0,1376.73,1523.27,44.0625,267.764
77,27,0,0,150.895,240.214,520.332
77,40,0,1578.85,1698.08,0,143.438
77,41,1,1981.87,2560,0,288.215
77,53,0,1657.78,1869.29,90.1077,312.893
77,56,3,783.349,1393.19,137.249,372.535
77,59,0,2140.12,2362.89,1087.8,1597.52
78,3,0,703.75,816.25,50.3365,265.817
78,4,3,1121.28,1549.41,8.46305,192.421
78,6,0,881.514,975.409,9.23078,193.125
78,17,0,1337.02,1487.6,51.0577,227.452
78,40,0,1561.59,1675.34,3.46154,149.712
78,41,1,2022.2,2560,0,278.156
78,53,0,1747.61,1949.81,82.9929,315.56
78,56,3,857.054,1479.53,133.899,363.874
78,59,0,2139.56,2358.4,1024.36,1513.59
78,7,3,1681.77,2038.87,7.87351,208.584
79,3,0,664.038,783.654,46.7308,275.192
79,4,3,1065.35,1630.74,0,186.835
79,6,0,849.135,970.865,2.52404,211.803
79,17,0,1337.02,1487.6,51.0577,227.452
79,40,0,1545.58,1660.58,0,156.635
79,41,1,2088.16,2560,0,271.468
79,53,0,1833.03,2038.19,79.9798,306.163
79,56,3,953.818,1566.19,132.852,363.334
79,59,0,2134.77,2344.91,967.158,1432.28
79,7,3,1661.42,2033.12,7.48181,207.972
79,62,0,596.202,715.337,0,178.63
80,3,0,629.183,735.433,65.4808,283.558
80,4,3,1065.35,1630.74,0,186.835
80,6,0,821.442,927.788,7.86057,222.764
80,40,0,1534.47,1643.99,0.432694,158.51
80,41,1,2112.55,2560,0,263.363
80,53,0,1910.28,2119.07,72.8433,303.375
80,56,3,1057.76,1648.84,125.18,366.354
80,59,0,2133.87,2339.7,908.025,1365.93
80,7,3,1636.9,2032.18,14.4681,208.624
80,62,0,563.365,680.481,3.31731,188.51
81,3,0,590,702.308,94.2548,301.514
81,4,3,1027.89,1635.05,0,209.657
81,6,0,793.269,895.962,14.4952,225.938
81,40,0,1534.47,1643.99,0.432694,158.51
81,41,1,2202.75,2560,0,258.981
81,53,0,1993.27,2191.45,78.5924,298.567
81,56,3,1132.29,1737.68,124.615,358.155
81,59,0,2114.32,2329.01,854.476,1299.82
81,7,3,1619.64,2003.04,10.8705,216.667
81,62,0,563.365,680.481,3.31731,188.51
82,3,0,555.769,660.385,85.9615,309.808
82,4,3,1003.48,1519.56,0.638866,205.308
82,6,0,757.163,873.606,18.8221,235.457
82,41,1,2280.66,2560,0,250.091
82,53,0,2076.84,2271.63,76.3381,297.282
82,56,3,1206.34,1809.37,122.131,353.119
82,59,0,2126.01,2324.59,809.175,1237.19
82,7,3,1599.28,1977.2,17.6997,216.897
82,9,0,852.885,970.192,111.779,323.798
83,3,0,525.962,628.654,93.101,319.399
83,4,3,968.119,1523.25,1.74969,195.054
83,6,0,729.375,828.317,24.375,244.76
83,17,0,1162.12,1285.58,75.3606,312.62
83,40,0,1480.72,1582.36,2.12741,126.526
83,41,1,2332.34,2557.11,0,248.255
83,53,0,2156.85,2338.15,59.0092,297.732
83,56,3,1298.91,1883.52,118.041,350.671
83,59,0,2124.34,2316.91,760.781,1177.86
83,7,3,1573.21,1955.95,15.7638,212.4
83,62,0,461.442,586.25,1.58654,203.654
83,9,0,816.25,929.904,123.606,327.26
84,3,0,486.971,583.798,105.649,325.312
84,4,3,947.8,1549.65,0,203.561
84,6,0,701.058,813.558,33.5337,246.418
84,17,0,1125.67,1254.33,80.7692,315.577
84,40,0,1480.72,1582.36,2.12741,126.526
84,41,1,2332.34,2557.11,0,248.255
84,53,0,2228.92,2408.81,61.716,291.013
84,56,3,1398.35,1955.52,119.53,348.832
84,59,0,2122.88,2314.89,722.46,1128.59
84,7,3,1505.69,1945.57,21.3569,213.345
84,62,0,419.904,550.096,15.649,215.12
84,9,0,773.077,885.385,120,342.404
84,66,0,2107.51,2411.2,1568.95,1919.04
84,67,3,2012.12,2369.42,0,122.668
84,6,0,595.938,694.062,29.2789,232.356
85,3,0,447.788,553.75,118.702,340.817
85,4,3,924.174,1473.64,0.855095,208.798
85,6,0,674.183,784.279,44.1346,262.212
85,17,0,1093.51,1220.34,87.1154,325.385
85,40,0,1441.92,1548.85,4.6875,177.62
85,41,3,2423.46,2558.08,0,206.611
85,53,0,2309.52,2487.4,73.4135,282.26
85,56,3,1473.2,2022.94,112.035,343.814
85,59,0,2127.07,2313.8,684.634,1075.01
85,7,3,1495.21,1950.06,18.3545,191.378
85,62,0,390.721,528.51,25.3846,218.077
85,9,0,735.769,859.615,129.88,353.005
85,66,0,2096.81,2382.94,1480.9,1911.43
85,67,3,2000.96,2285.19,0.144231,121.01
85,6,0,569.014,664.062,30.7212,241.587
86,3,0,416.779,517.067,131.034,352.139
86,4,3,921.058,1373.56,8.50491,229.158
86,6,0,650.337,760.433,46.4423,276.923
86,17,0,1059.9,1177.02,93.3894,327.476
86,40,0,1418.92,1511.85,10.3125,168.389
86,41,3,2402.07,2557.93,0,168.966
86,53,0,2384.42,2547.88,70.3846,281.538
86,56,3,1553.36,2096.29,111.59,338.111
86,59,0,2137.21,2320.83,646.148,1029.96
86,7,3,1523.89,1904.12,17.4053,230.722
86,62,0,390.721,528.51,25.3846,218.077
86,9,0,701.058,818.173,134.784,368.005
86,66,0,2080.55,2349.28,1405.74,1920
86,67,3,2002.6,2268.17,0,117.656
86,6,0,537.5,635.577,42.0433,235.457
87,3,0,416.779,517.067,131.034,352.139
87,4,3,898.966,1336.98,9.84117,240.042
87,6,0,617.596,720.096,48.3894,279.88
87,17,0,1022.4,1136.06,100.168,350.409
87,40,0,1395.24,1498.61,7.21154,173.654
87,41,3,2402.07,2557.93,0,168.966
87,53,0,2384.42,2547.88,70.3846,281.538
87,56,3,1630.19,2152.6,102.379,330.008
87,59,0,2135.96,2313.06,607.209,984.265
87,7,3,1486.57,1912.51,21.1261,246.599
87,9,0,652.163,774.76,142.933,381.49
87,66,0,2067.1,2318.45,1325.4,1883.03
87,67,3,1984.23,2289.62,0,115.925
87,6,0,508.101,606.514,49.6875,253.486
87,70,0,788.317,913.221,0,193.413
88,4,3,876.105,1303.38,13.4894,243.521
88,6,0,579.423,686.731,57.6923,289.327
88,17,0,982.981,1103.17,105.288,356.538
88,40,0,1365.1,1474.9,2.16346,178.702
88,56,3,1698.35,2210.1,96.3562,326.697
88,59,0,2149.26,2325.24,576.959,938.951
88,7,3,1469.86,1850.84,28.2966,244.391
88,9,0,618.173,741.058,147.692,390.865
88,66,0,2038.68,2283.5,1256.61,1790.39
88,67,3,1971.15,2305.77,0.036056,120.252
88,6,0,480.481,581.827,50.6971,264.591
88,70,0,750.24,877.452,0,201.49
89,4,3,845.412,1260.73,17.7631,244.505
89,6,0,548.317,656.298,66.9952,274.543
89,17,0,939.231,1065.38,110.337,369.952
89,40,0,1353.7,1457.07,3.75,189.808
89,56,3,1764.84,2271.68,93.2608,321.447
89,59,0,2150.97,2327.98,548.633,901.754
89,7,3,1458.91,1832.61,43.1275,255.587
89,9,0,575.288,693.173,169.543,406.226
89,66,0,2025.78,2265.92,1191.52,1704.61
89,67,3,1963.46,2291.92,0.432694,118.63
89,6,0,454.736,549.111,57.2596,275.625
89,70,0,715.625,838.221,3.31731,207.981
90,4,3,817.477,1237.07,25.137,251.603
90,6,0,548.317,656.298,66.9952,274.543
90,17,0,895.385,1029.23,129.231,376.731
90,40,0,1353.7,1457.07,3.75,189.808
90,56,3,1836.01,2318.32,90.1181,317.054
90,59,0,2179.52,2333.77,516.604,863.011
90,7,3,1434.28,1803.9,45.2713,255.794
90,9,0,535.192,658.654,177.981,420.865
90,66,0,2009.16,2239.5,1128.05,1627.3
90,67,3,1949.42,2262.88,0,113.546
90,6,0,424.808,529.038,61.3702,281.611
90,70,0,670.385,791.154,9.23078,208.125
91,4,3,793.281,1205.72,30.4426,249.566
91,6,0,497.981,598.173,79.3269,252.404
91,17,0,850.529,977.163,140.769,388.558
91,40,0,1312.6,1422.79,6.70673,176.322
91,56,3,1898.98,2366.47,90.8571,312.726
91,59,0,2193.86,2348.48,491.842,829.647
91,7,3,1409.22,1786.68,46.1434,259.512
91,9,0,486.827,622.404,199.255,427.861
91,66,0,1993.64,2221.61,1080.09,1555.89
91,67,3,1949.42,2262.88,0,113.546
91,6,0,389.952,488.51,70.9615,281.538
91,70,0,631.683,755.24,11.1779,220.024
92,4,3,767.949,1180.64,43.706,256.919
92,6,0,497.981,598.173,79.3269,252.404
92,17,0,802.885,935.577,145.24,396.202
92,40,0,1301.59,1387.64,25.4567,216.707
92,56,3,1951.07,2415.17,86.678,303.672
92,59,0,2212.09,2354.64,462.476,795.288
92,7,3,1379.5,1763.65,50.7609,262.366
92,9,0,448.173,574.135,205.168,447.909
92,66,0,1979.25,2206.56,1015.47,1488.72
92,6,0,389.952,488.51,70.9615,281.538
92,70,0,583.654,714.808,17.2356,228.678
92,74,0,2191.92,2407.44,1360.7,1920
93,3,0,111.587,231.106,199.183,460.24
93,4,3,747.306,1161.15,45.4331,255.828
93,6,0,419.159,516.226,112.284,294.447
93,67,3,1862.98,2304.86,5.75216,183.225
93,17,0,757.212,888.942,149.856,407.74
93,40,0,1269.11,1366.27,42.9808,219.231
93,56,3,2016.53,2468.38,78.7531,298.171
93,59,0,2231.18,2377.04,442.073,758.561
93,7,3,1350.68,1747.12,51.368,269.797
93,9,0,448.173,574.135,205.168,447.909
93,66,0,1967.75,2189.43,969.004,1421.91
93,70,0,539.519,667.404,20.625,241.01
93,74,0,2178.3,2377.65,1286.96,1852.68
94,3,0,65.2404,183.221,221.466,493.918
94,4,3,716.466,1136.24,43.4829,258.946
94,6,0,379.471,489.76,112.428,308.438
94,67,3,1845.62,2261.29,0.427158,184.161
94,17,0,709.231,840,172.212,430.096
94,40,0,1245.72,1354.28,44.7115,226.01
94,56,3,2083.26,2521.17,74.293,290.652
94,59,0,2241.91,2390.35,418.889,733.988
94,7,3,1334.3,1721.65,54.3989,273.281
94,66,0,1972.3,2180.12,919.358,1370.17
94,70,0,501.827,619.712,28.1971,248.438
94,74,0,2147.85,2334.36,1225.93,1762.2
95,3,0,16.2019,134.183,240.433,511.298
95,4,3,692.969,1097.62,45.275,261.766
95,6,0,379.471,489.76,112.428,308.438
95,67,3,1827.32,2257.71,0,185.139
95,17,0,659.615,787.308,181.875,440.625
95,30,1,1428.71,1981.81,0,145.615
95,40,0,1212.98,1310.1,68.9423,236.538
95,56,3,2121.06,2557.05,66.1534,284.635
95,59,0,2261.09,2417.3,387.432,701.802
95,7,3,1315.93,1687.98,59.4431,281.474
95,66,0,1972.49,2175.13,882.397,1305.63
95,70,0,452.019,575.673,35.1202,250.457
95,74,0,2108.89,2312.29,1167.07,1680.03
95,77,0,1455.9,1723.2,1283.38,1908.15
96,3,0,0.0961542,83.2211,250.601,529.976
96,4,3,670.262,1066.12,48.6024,266.924
96,67,3,1815.9,2263.11,0,190.371
96,17,0,608.798,735.048,195.216,453.245
96,30,1,1339.32,1930.97,3.76999,152.78
96,40,0,1182.07,1297.93,69.0144,242.812
96,56,3,2190.18,2560,69.3498,276.306
96,59,0,2294.95,2446.25,379.696,670.157
96,7,3,1275.19,1667.11,58.1391,290.57
96,62,0,96.8269,230.288,7.06731,151.875
96,66,0,1980.18,2172.94,837.842,1247.61
96,70,0,411.298,532.548,44.9279,272.38
96,74,0,2084.93,2282.68,1109.7,1612.24
96,77,0,1471.39,1695.2,1203.18,1792.58
97,3,0,0.0961542,83.2211,250.601,529.976
97,4,3,627.182,1043,56.7475,272.948
97,67,3,1791.49,2186.96,0,189.356
97,17,0,546.305,696.499,198.192,471.288
97,30,1,1321.43,1914.81,6.75794,149.99
97,40,0,1151.25,1261.06,52.0673,262.356
97,56,3,2245.37,2560,63.8906,274.902
97,59,0,2315.69,2466.84,356.722,641.669
97,7,3,1246.17,1639.63,67.0392,297.38
97,62,0,96.8269,230.288,7.06731,151.875
97,66,0,1984.08,2178.21,797.559,1183.06
97,70,0,377.837,490.625,53.5817,277.861
97,74,0,2069.21,2278.92,1054.31,1557.35
97,77,0,1465.03,1696.62,1121.93,1699.36
98,4,3,598.636,1006.42,58.9838,281.857
98,67,3,1781.26,2175.58,0,194.053
98,17,0,491.116,640.286,210.671,491.406
98,30,1,1288.85,1930.77,0,145.324
98,40,0,1120,1224.62,56.6106,259.255
98,56,3,2297.4,2560,64.9039,265.673
98,59,0,2340.49,2490.69,336.411,617.008
98,7,3,1222.12,1605.52,74.5581,305.237
98,9,2,181.635,290.673,291.418,572.236
98,66,0,1993.5,2183.45,755.028,1127.26
98,70,0,377.837,490.625,53.5817,277.861
98,74,0,2049.3,2246.59,1000.75,1483.57
98,77,0,1474.87,1686.59,1046.24,1602.37
99,4,3,567.187,979.621,63.1389,292.554
99,67,3,1750.01,2150.54,0,199.308
99,17,0,419.592,579.199,226.994,498.627
99,30,1,1158.79,1905.24,2.39419,161.558
99,40,0,1082.07,1202.55,76.0096,260.913
99,56,3,2353.94,2560,62.2356,252.764
99,59,0,2370.76,2524.14,312.429,590.911
99,7,3,1174.98,1575.21,74.9883,314.264
99,9,0,141.25,272.596,319.904,581.827
99,66,0,2011.87,2197.88,724.802,1092.14
99,74,0,2044.52,2232.63,943.915,1430.29
99,77,0,1478.36,1687.1,979.532,1519.48
100,4,3,533.819,951.115,66.1502,299.662
100,67,3,1731.63,2135.11,1.57049,204.722
100,17,0,380.178,516.298,233.422,528.709
100,30,1,1114.16,1788.52,1.52229,175.86
100,40,0,1049.09,1167.84,67.5,276.923
100,56,3,2403.65,2560,44.351,258.245
100,59,0,2411.83,2535.87,288.101,568.053
100,7,3,1161.31,1549.8,87.17,319.629
100,9,0,86.0667,242.51,329.272,600.111
100,66,0,2030.82,2214.61,689.678,998.759
100,74,0,2045.86,2231.55,907.884,1364.45
100,77,0,1471.6,1690.66,919.758,1437.5
101,4,3,505.672,915.197,70.9784,309.539
101,67,3,1718.74,2118.05,1.6193,209.461
101,17,0,380.178,516.298,233.422,528.709
101,30,1,1152.07,1861.22,0,193.3
101,40,0,1013.7,1126.3,63.6058,287.163
101,56,1,2452.26,2560,1.80287,254.062
101,59,0,2438.12,2555.72,272.452,547.933
101,7,3,1126.74,1517.89,98.6003,326.397
101,9,0,25.2752,189.868,338.44,616.991
101,66,0,2041.21,2229.55,662.176,1021.02
101,74,0,2053.69,2230.71,861.924,1306.83
101,77,0,1490,1695.9,862.845,1362.94
102,4,3,474.366,885.745,69.774,310.162
102,67,3,1689.46,2096.54,1.77705,209.949
102,30,1,1120.71,1788.68,2.99293,189.711
102,40,0,978.029,1094.28,68.8702,289.976
102,56,3,2518.39,2558.53,10.2404,241.298
102,59,0,2477.96,2558.97,251.683,521.394
102,7,3,1092.38,1479.73,112.142,334.689
102,9,0,4.46246,139.952,358.169,647.038
102,66,0,2061.58,2233.53,626.784,1039.61
102,74,0,2063.11,2234.01,823.936,1257.42
102,77,0,1511.97,1700.54,813.857,1284.34
102,84,1,24.6875,1026.25,1396.21,1916.59
103,4,3,449.141,857.019,97.1301,317.756
103,17,0,164.187,329.384,295.841,571.684
103,67,3,1674.22,2075.62,2.55082,214.311
103,30,1,1132.23,1875.41,0,196.387
103,40,0,943.317,1047.45,83.6539,304.904
103,56,3,2518.39,2558.53,10.2404,241.298
103,59,0,2511.39,2559.38,233.438,521.178
103,7,3,1055.19,1447.01,110.791,344.217
103,9,0,4.46246,139.952,358.169,647.038
103,66,0,2072.7,2247.82,590.563,936.421
103,74,0,2069.55,2233.9,771.141,1209.63
103,77,0,1518.92,1718.47,767.745,1222.87
103,84,1,23.4375,1030,1305.77,1907.05
103,85,3,2200,2504.62,0,115.385
103,86,4,2491.63,2558.15,820.305,1325.8
104,4,3,417.699,829.279,90.0354,327.427
104,17,0,84.1229,240.147,301.914,602.805
104,67,3,1641.65,2050.62,2.45629,224.244
104,30,1,1136.91,1737.58,0,201.097
104,40,0,904.423,1014.04,96.5625,315.072
104,59,0,2511.39,2559.38,233.438,521.178
104,7,3,1016.7,1414.79,120.889,355.229
104,66,0,2094.55,2256.67,569.159,970.411
104,74,0,2078.27,2238.27,729.136,1156.58
104,77,0,1549.98,1739.56,722.537,1160.97
104,84,1,46.25,1040.62,1206.55,1915.21
104,85,3,2183.56,2493.37,0,116.106
104,86,4,2483.43,2557.27,825.426,1326.62
104,87,0,1978.56,2203.67,1299.86,1912.15
105,4,3,393.905,798.956,111.24,338.065
105,17,0,4.02794,153.892,327.896,621.064
105,67,3,1614.61,2033.65,3.63223,233.299
105,30,1,1141,1751.73,0,216.701
105,40,0,863.462,973.462,107.163,325.529
105,7,3,980.145,1375.81,126.09,373.836
105,66,0,2111.27,2276.71,549.599,868.335
105,74,0,2109.69,2258.43,702.236,1119.78
105,77,0,1570.19,1760.8,680.715,1098.72
105,84,1,61.5625,1065,1092.04,1920
105,85,3,2161.73,2432.12,0.504806,113.582
105,86,4,2460.03,2553.15,829.226,1321.93
105,87,0,1962.33,2196.65,1217.67,1775.98
106,4,3,376.767,766.586,120.566,339.315
106,17,0,0,60.8894,342.981,642.981
106,67,3,1583.53,2009.71,0.724919,237.307
106,30,1,1117.25,1751.38,0,204.286
106,40,0,821.394,930.914,110.769,344.135
106,7,3,945.587,1345.72,134.631,385.053
106,66,0,2111.27,2276.71,549.599,868.335
106,74,0,2123.66,2275.96,637.002,1081.15
106,77,0,1605.03,1785.14,634.384,1046.96
106,84,1,129.688,1088.75,966.852,1920
106,85,3,2147.21,2455.87,0.46875,117.296
106,86,4,2432.45,2538.18,827.022,1318.29
106,87,0,1965.07,2179.38,1136.46,1682.24
107,4,3,369.871,734.911,122.627,346.209
107,17,0,0,60.8894,342.981,642.981
107,67,3,1572.54,1983.72,2.53067,244.967
107,30,1,1117.25,1751.38,0,204.286
107,40,0,771.731,889.808,115.24,354.087
107,7,3,902.643,1316.64,144.546,393.612
107,66,0,2143.52,2300.38,498.527,767.651
107,74,0,2142.7,2281.78,646.491,1034.5
107,77,0,1638.16,1814.22,592.844,996.552
107,84,1,177.5,1090,955.544,1910.52
107,85,3,2129.23,2443.08,0,114.772
107,86,4,2401.39,2500.9,819.757,1321.57
107,87,0,1952.74,2163.76,1065.39,1586.94
108,4,3,361.458,709.612,123.705,356.647
108,67,3,1533.1,1952.31,3.28099,243.757
108,40,0,732.308,852.308,122.957,362.236
108,7,3,861.822,1276.28,154.211,406.798
108,66,0,2164.46,2316.01,472.773,808.933
108,70,2,46.9711,140.721,193.846,425.769
108,74,0,2157.37,2308.12,596.841,998.338
108,77,0,1658.05,1856.72,557.497,958.357
108,84,1,220.625,1104.38,907.788,1912.7
108,85,3,2129.23,2443.08,0,114.772
108,86,4,2389.42,2485.4,832.654,1337.17
108,87,0,1950.8,2158.93,996.136,1499.42
109,4,3,339.705,690.59,134.907,362.815
109,67,3,1510.44,1921.72,0.468764,252.562
109,40,0,684.038,805.192,141.274,383.726
109,7,3,818.07,1237.31,162.014,418.484
109,66,0,2164.46,2316.01,472.773,808.933
109,70,2,19.7596,129.856,191.034,440.12
109,74,0,2176.1,2328.92,450.338,961.047
109,77,0,1703.44,1878.73,525.288,909.898
109,84,1,282.5,1100,854.282,1865.53
109,85,3,2096.15,2399.23,0.144231,126.274
109,86,4,2359.16,2459.12,837.956,1330.78
109,87,0,1949.25,2152.28,938.321,1415.63
110,4,3,232.527,654.228,138.61,383.829
110,67,3,1484.82,1899.23,2.21382,261.438
110,40,0,631.875,760.433,142.139,396.13
110,7,3,782.628,1195.62,173.636,433.938
110,70,0,2.57211,86.899,206.466,448.341
110,74,0,2201.73,2348.84,431.147,937.634
110,77,0,1747.81,1913.37,498.864,858.137
110,84,1,320.625,1131.88,802.005,1729.19
110,85,3,2073.65,2384.81,0,124.76
110,86,4,2326.9,2433.82,860.694,1313.71
110,87,0,1965.33,2148.86,879.917,1349.6
111,4,3,220.648,613.62,140.56,383.248
111,67,3,1458.5,1902.71,6.1205,260.331
111,30,1,1152.38,1650.15,3.26683,218.099
111,40,0,586.635,712.596,155.625,409.183
111,7,3,739.43,1163.38,185.914,447.076
111,70,2,0,77.0673,212.308,481.154
111,74,0,2226.56,2372.49,401.678,863.741
111,77,0,1782.95,1945.15,463.533,830.295
111,84,1,367.5,1147.5,741.067,1662.94
111,85,3,2048.08,2358.08,0.360575,129.736
111,86,4,2294.19,2402.69,858.784,1332.38
111,87,0,1984.79,2160.77,829.232,1279.05
112,4,3,186.871,561.665,149.617,400.1
112,67,3,1430.22,1845.08,16.8345,283.79
112,30,1,1165.05,1647.27,1.74371,220.92
112,40,0,539.038,664.038,169.038,426.346
112,7,3,696.895,1121.44,193.927,464.005
112,70,2,0,77.0673,212.308,481.154
112,74,0,2247.72,2384.04,424.697,839.698
112,77,0,1823.3,1982.44,441.372,781.743
112,84,1,405.625,1188.12,737.897,1554.95
112,85,3,2029.81,2336.35,0,135.144
112,86,4,2225.53,2345.75,828.4,1338.11
112,87,0,1985.09,2159.53,779.158,1216.95
113,4,3,154.535,530.795,157.195,413.415
113,67,3,1388.84,1827.28,14.6946,288.164
113,30,1,1146.54,1557.42,2.6317,212.411
113,40,0,487.5,615.577,178.63,439.255
113,7,3,653.114,1078.64,208.71,476.294
113,74,0,2277.16,2400.16,446.285,819.654
113,77,0,1861.63,2000.13,412.776,753.917
113,84,1,448.75,1188.75,648.599,1510.53
113,85,3,2005.48,2308.37,1.29807,152.885
113,86,4,2185.82,2283.6,893.649,1342.92
113,87,0,1995.39,2163.89,729.207,1148.79
114,4,3,127.141,509.513,156.857,422.002
114,67,3,1366.41,1798.03,10.995,294.008
114,30,1,1111.29,1530.65,3.85433,222.603
114,40,0,440.577,564.808,190.962,451.731
114,7,3,606.584,1043.83,216.65,490.922
114,74,0,2289.81,2425.07,430.242,789.615
114,77,0,1904.06,2041.79,389.708,722.297
114,84,1,489.062,1217.5,621.883,1426.07
114,85,3,1980.19,2281.35,2.37981,155.697
114,86,4,2132.63,2239.6,908.583,1321.16
114,87,0,2005.55,2167.24,689.069,1077.24
114,89,0,858.606,987.548,90.649,239.928
114,90,3,1721.54,2066.15,0.685097,114.627
115,4,3,97.4308,503.719,165.996,443.197
115,67,3,1332.64,1771.03,17.4153,297.097
115,30,1,1087.39,1537.28,3.05564,231.576
115,40,0,440.577,564.808,190.962,451.731
115,7,3,559.215,1005.48,225.241,506.875
115,74,0,2324.66,2458.57,377.226,765.966
115,77,0,1938.59,2081.94,363.754,689.531
115,84,1,536.612,1226.9,594.091,1376.15
115,85,3,1952.21,2272.4,0,158.077
115,86,4,2063.48,2177.24,853.884,1328.41
115,87,0,2020.92,2161.67,642.217,1016.45
115,89,0,833.317,951.298,95.6971,253.053
115,90,3,1719.71,2049.52,0.43269,117.404
116,4,3,66.6973,469.873,172.217,434.145
116,67,3,1300.47,1741.85,16.8856,307.07
116,30,1,1057.38,1569.32,2.39272,243.832
116,7,3,521.234,965.078,240.366,524.105
116,74,0,2346.26,2483.51,359.07,741.643
116,77,0,1974.18,2112.44,339.526,658.574
116,84,1,561.456,1273.65,550.043,1309.33
116,85,3,1929.42,2249.04,0,162.404
116,86,4,2000.72,2105.99,865.979,1324.22
116,87,0,2024.31,2173.73,607.074,967.368
116,89,0,791.346,910.192,105.433,276.49
116,90,3,1687.88,2016.73,0.180287,119.243
117,4,3,28.6585,452.941,175.029,447.766
117,67,3,1272.58,1712.82,26.815,316.504
117,30,1,1009.13,1485.64,4.41079,232.374
117,7,3,479.842,924.893,250.857,541.396
117,74,0,2375.66,2496.7,364.551,712.166
117,77,0,2010.93,2151.95,314.154,630.565
117,84,1,617.343,1279.56,515.271,1274.19
117,85,3,1902.69,2223.46,0,171.995
117,86,4,1944.94,2048.72,833.379,1325
117,87,0,2042.24,2184.09,574.17,933.762
117,89,0,750.385,874.231,109.255,280.168
117,90,3,1677.88,2008.27,0,129.267
118,4,3,6.0293,431.972,177.137,463.451
118,67,3,1239.93,1683.05,42.878,329.087
118,30,1,981.802,1489.88,7.68312,240.114
118,7,3,433.68,878.894,266.255,552.709
118,74,0,2402.85,2542.13,284.294,690.97
118,77,0,2053.68,2191.2,300.74,593.229
118,84,1,651.308,1306.45,474.288,1202.89
118,85,3,1879.81,2197.12,3.96635,170.986
118,86,4,1892.31,2000.33,827.347,1332.6
118,87,0,2056.74,2190.32,534.584,890.551
118,89,0,705.817,842.644,111.995,291.562
118,90,3,1650.19,1974.42,0,132.332
118,93,1,2322.88,2550.96,0.180287,67.8245
119,4,3,14.1736,356.679,192.59,460.369
119,67,3,1207.34,1649.74,24.7619,336.313
119,30,1,934.851,1364.19,1.51706,250.339
119,40,0,179.532,335.746,267.393,537.967
119,7,3,420.308,840.98,280.559,565.931
119,74,0,2423.39,2556.45,307.213,667.376
119,77,0,2089.52,2230.78,272.809,555.262
119,84,1,689.923,1345.39,444.178,1147.09
119,85,3,1850.87,2173.75,1.80289,180.649
119,86,4,1812.83,1920.17,822.07,1334.15
119,87,0,2070.89,2213.72,505.684,843.86
119,89,0,665.673,801.25,118.63,305.986
119,90,3,1640.1,1969.13,0,132.548
119,93,1,2312.98,2557.79,0.649041,87.1154
120,4,3,9.19325,355.06,189.854,457.176
120,67,3,1172.94,1623.66,53.634,342.405
120,30,1,897.805,1323.2,4.42354,259.131
120,40,0,113.877,252.885,287.587,571.839
120,7,3,410.371,800.761,294.6,580.146
120,74,0,2461.34,2556.21,268.107,645.993
120,77,0,2137.46,2278.83,251.853,540.969
120,84,1,742.814,1360.98,428.004,1108.46
120,85,3,1829.16,2162.11,0.482433,190.141
120,86,4,1755.38,1866.24,823.016,1330.74
120,87,0,2097.93,2223.67,474.199,813.906
120,89,0,644.375,768.702,125.12,308.149
120,90,3,1631.25,1981.06,0,134.459
120,93,1,2312.98,2557.79,0.649041,87.1154
121,4,3,15.0213,354.944,197.697,480.883
121,67,3,1139.63,1595.27,58.4136,356.606
121,30,1,861.954,1411.69,0,275.918
121,40,0,61.2863,189.816,299.109,599.193
121,7,3,403.911,763.555,299.011,609.045
121,74,0,2480.31,2558.61,270.731,635.651
121,77,0,2182.2,2322.44,231.128,522.05
121,84,1,773.98,1384.64,389.105,1041.9
121,85,3,1774.65,2138.98,4.13235,184.18
121,86,4,1697.4,1809.89,819.699,1328.04
121,87,0,2121.77,2241.23,441.031,781.07
121,89,0,598.75,728.942,132.837,327.26
121,90,3,1610.19,1983.65,0,141.779
122,4,3,0.635662,308.587,201.804,486.403
122,67,3,1104.56,1555.45,72.0494,358.748
122,30,1,816.962,1444.16,0,273.049
122,40,0,6.34029,139.86,310.995,611.812
122,7,3,289.622,723.356,309.965,625.381
122,74,0,2503.12,2558.41,278.798,584.856
122,77,0,2240.19,2356.73,209.423,488.077
122,84,1,806.765,1437.12,368.557,1006.19
122,85,3,1777.31,2105.77,9.51923,189.231
122,86,4,1635.73,1744.97,811.531,1322.99
122,87,0,2145.76,2271.37,423.219,736.976
122,89,0,568.413,690.817,137.668,337.139
122,90,3,1587.31,1932.69,0,139.724
123,4,3,5.24004,291.443,205.837,489.604
123,67,3,1072.81,1510.34,71.9442,380.769
123,30,1,785.561,1469.21,5.32979,263.433
123,40,0,0,80.625,328.486,617.668
123,7,3,219.117,687.066,328.464,642.382
123,74,0,2503.12,2558.41,278.798,584.856
123,77,0,2281.92,2398.08,205.24,467.452
123,84,1,868.767,1456.03,339.174,970.535
123,85,3,1759.81,2090.24,6.77497,206.216
123,86,4,1576.64,1686.2,800.932,1312.14
123,87,0,2164.93,2291.59,393.706,702.259
123,89,0,529.856,660.913,146.034,355.889
123,90,3,1582.69,1915.77,3.46154,150.865
123,94,3,1933.94,2259.9,2.99279,90.7572
123,95,2,2444.13,2556.62,616.084,1072.1
124,4,3,0,280.836,212.463,495.607
124,67,3,1030.68,1482.16,80.3976,371.718
124,30,1,713.478,1498.63,10.6548,252.013
124,40,0,0,80.625,328.486,617.668
124,7,3,179.956,647.077,341.718,658.987
124,77,0,2311.42,2464.47,176.205,444.673
124,84,1,895.058,1499.79,323.234,935.506
124,85,3,1759.81,2090.24,6.77497,206.216
124,86,4,1508.36,1630.83,796.594,1319.16
124,87,0,2188.15,2325.68,373.233,667.225
124,89,0,492.692,618.846,155.481,371.25
124,90,3,1570.36,2069.46,0,167.851
124,94,3,1933.94,2259.9,2.99279,90.7572
124,95,2,2401.99,2560,589.961,1083.99
125,4,3,1.39859,258.576,219.951,499.318
125,67,3,996.607,1446.97,86.4798,376.842
125,30,1,701.476,1405.11,0,290.312
125,7,3,138.774,608.928,344.459,682.726
125,77,0,2366.49,2485.82,156.995,407.812
125,84,1,944.987,1533.4,310.999,910.331
125,86,4,1456.01,1576.69,805.647,1320.11
125,87,0,2239.04,2348.65,343.99,629.856
125,89,0,465.625,588.221,163.774,377.091
125,85,3,1619.95,2060.41,4.15662,187.666
125,95,2,2344.3,2560,680.79,1071.7
125,93,1,2164.23,2560,0.504806,98.726
126,4,3,0,264.336,230.705,514.126
126,67,3,962.43,1414.24,85.0192,421.393
126,30,1,682.335,1349.01,0,280.806
126,7,3,95.4037,567.801,364.698,699.515
126,77,0,2415.24,2526.3,146.538,404.135
126,84,1,981.27,1546.39,242.292,874.193
126,86,4,1397.26,1503.34,798.631,1302.4
126,87,0,2267.79,2378.37,316.298,611.394
126,89,0,436.346,559.808,164.856,392.74
126,85,3,1647.55,2014.1,6.83702,209.567
126,95,2,2303.75,2560,671.63,1078.7
126,93,5,2106.73,2560,1.29807,99.5192
127,4,3,0,261.641,240.254,517.515
127,67,3,922.608,1378.81,104.899,422.711
127,30,1,649.837,1270.49,10.4067,300.061
127,7,3,49.6186,526.506,382.332,719.858
127,77,0,2451.39,2557.84,132.043,393.245
127,84,1,1020.42,1586.78,262.747,837.712
127,86,4,1348.07,1462.22,789.854,1298.32
127,87,0,2303.89,2409.95,299.712,576.058
127,89,0,409.279,526.875,179.639,396.707
127,85,3,1640.44,1983.37,7.04296,228.911
127,95,2,2258.73,2560,675.745,1073.58
127,93,5,2098.46,2560,0,105.108
128,4,3,0,230.54,240.042,527.856
128,67,3,880.061,1337.3,122.374,436.1
128,30,1,607.341,1277.44,8.19541,316.305
128,7,3,13.2282,482.465,401.774,748.995
128,77,0,2502.33,2559.21,99.1587,367.572
128,84,1,1069.14,1612.6,231.384,779.953
128,86,4,1299.04,1426.07,796.402,1299.93
128,87,0,2338.51,2455.34,273.822,556.947
128,89,0,377.019,496.827,192.909,424.976
128,85,3,1614.37,1961.5,15.2761,235.311
128,95,2,2214.78,2556.98,672.637,1070.67
128,93,5,2080.38,2560,0,108.678
128,90,3,1490.96,1807.5,4.83173,163.053
129,4,3,0,213.835,240.146,547.459
129,67,3,844.6,1266.35,124.146,444.021
129,30,1,583.674,1126.6,6.52501,331.08
129,7,3,5.45059,451.426,421.716,772.687
129,77,0,2502.33,2559.21,99.1587,367.572
129,84,1,1096.92,1647.86,218.056,745.03
129,86,4,1243.6,1372.19,795.361,1300.37
129,87,0,2384.71,2501.44,250.385,529.039
129,89,0,363.702,471.683,202.212,423.173
129,85,3,1538.38,1964.09,10.9241,227.125
129,95,2,2161.25,2552.26,661.722,1069.85
129,93,5,2080.38,2560,0,108.678
129,90,3,1490.96,1807.5,4.83173,163.053
130,4,3,0,188.175,252.282,525.111
130,67,3,804.209,1271.05,140.145,477.588
130,30,1,550.25,1170.45,9.75337,336.096
130,7,3,2.36986,418.039,440.166,789.086
130,84,1,1146.59,1690.72,193.839,736.945
130,86,4,1198.68,1322.53,789.992,1292.78
130,87,0,2425.62,2537.45,229.976,519.447
130,89,0,353.413,458.125,214.615,428.077
130,85,3,1549.22,1909.21,20.644,246.282
130,95,2,2115.13,2518.7,664.141,1058.27
130,90,3,1431.54,1771.54,6.92308,177.981
131,4,3,0,173.561,256.149,519.425
131,67,3,753.739,1229.67,150.618,488.72
131,30,1,519.065,957.457,0,349.846
131,7,3,0.481777,322.818,455.934,822.831
131,84,1,1178.34,1730.37,167.564,701.076
131,86,4,1140.13,1284.5,790.114,1308.61
131,87,0,2457.93,2557.45,208.197,497.38
131,89,0,353.413,458.125,214.615,428.077
131,85,3,1515.6,1877.26,27.3476,251.749
131,95,2,2072.5,2475.77,661.605,1059.21
131,90,3,1431.54,1771.54,6.92308,177.981
132,4,3,0,173.561,256.149,519.425
132,67,3,708.482,1195.31,155.674,503.744
132,30,1,475.625,1206.88,0,348.376
132,7,3,0,326.865,475.562,840.85
132,87,0,2520.04,2556.89,184.038,502.5
132,84,1,1219.55,1760.63,183.591,662.587
132,86,4,1074.86,1214.17,791.501,1292.09
132,85,3,1414.92,1866.41,25.9534,233.897
132,95,2,2029.27,2429.79,662.079,1048.86
132,93,1,2023.96,2560,0,136.408
132,99,3,1128.65,1400.58,11.3942,168.606
133,67,3,657.011,1146.52,172.299,512.721
133,30,1,438.75,1236.25,2.93947,341.879
133,7,3,0,287.056,494.741,865.883
133,87,0,2520.04,2556.89,184.038,502.5
133,84,1,1269.36,1795.85,172.387,645.803
133,86,4,1012.02,1132,799.427,1290.57
133,85,3,1482.67,1825.09,34.1611,271.365
133,95,2,1983.26,2377.01,658.868,1047.64
133,93,1,2009.37,2560,0,134.967
133,99,3,1128.65,1400.58,11.3942,168.606
133,94,3,1735.38,2040,0,122.849
134,67,3,614.466,1108,184.206,536.981
134,30,1,404.519,832.416,4.56655,384.334
134,7,3,0,234.715,513.472,915.263
134,84,1,1301.98,1863.52,137.13,625.216
134,86,4,958.359,1088.91,769.767,1269.38
134,85,3,1482.67,1825.09,34.1611,271.365
134,95,2,1929.61,2335.8,653.318,1046
134,93,1,1985.62,2498.68,0,138.582
134,94,3,1712.98,2007.02,0,123.245
135,67,3,567.932,1065.21,204.224,552.209
135,30,1,386.941,717.647,5.56612,387.37
135,7,3,0,189.153,539.597,964.854
135,84,1,1357.09,1884.74,101.274,591.869
135,86,4,916.51,1036.84,774.859,1263.97
135,95,2,1887.09,2278.34,648.865,1042.51
135,93,1,1985.62,2498.68,0,138.582
135,90,3,1263.29,1767.23,28.4327,230.594
135,94,3,1687.79,2013.75,0.324526,123.281
136,67,3,517.554,1023.1,215.935,572.345
136,30,1,317.715,738.644,9.28976,373.619
136,7,3,0,189.153,539.597,964.854
136,84,1,1394.5,1926.81,93.654,572.884
136,86,4,862.972,979.771,760.333,1272.79
136,95,2,1840.09,2237.79,650.193,1039.35
136,90,3,1160.52,1695.56,13.6049,233.639
136,94,3,1682.88,1987.88,0.396631,129.988
137,67,3,460.394,984.6,224.636,589.054
137,30,1,304.446,810.667,1.82519,381.5
137,7,3,0,110.608,598.532,1056.22
137,84,1,1453.73,1954.39,85.4502,548.012
137,86,4,807.18,918.413,775.923,1239.46
137,89,0,108.462,231.538,287.812,561.995
137,95,2,1786.92,2188.72,647.432,1034.6
137,90,3,1140.77,1587.41,29.2829,219.127
137,94,3,1682.88,1987.88,0.396631,129.988
138,67,3,437.479,944.814,235.483,607.814
138,30,1,292.994,777.071,8.38449,454.314
138,7,3,0.0433969,67.8071,619.791,1085.25
138,84,1,1499.22,2004.3,42.0774,528.736
138,85,3,1331.16,1656.15,69.133,304.792
138,86,4,748.848,875.695,771.435,1254.37
138,89,0,65.879,214.867,296.994,577.935
138,95,2,1747.13,2144.44,634.359,1037.04
138,90,3,1118.9,1691.51,24.0942,208.907
138,103,1,1742.5,2548.75,1466.59,1920
139,67,3,402.523,894.609,249.514,628.911
139,30,5,205.161,744.524,10.9089,395.623
139,7,3,0.0433969,67.8071,619.791,1085.25
139,84,1,1565.4,2045.83,46.9976,511.03
139,85,3,1314.11,1661.16,77.6325,317.478
139,86,4,693.273,818.703,773.563,1249.71
139,89,0,33.5253,175.83,315.834,587.865
139,95,2,1694.8,2097.68,635.075,1027.47
139,90,3,1133.33,1535.77,10.1069,248.544
139,103,1,1728.75,2542.5,1382.72,1920
140,67,3,401.491,845.402,262.487,649.178
140,30,1,198.985,721.886,0,415.754
140,84,1,1591.33,2094.07,31.4104,484.583
140,85,3,1266.65,1628.85,85.4343,320.72
140,86,4,627.309,738.163,786.711,1232.92
140,89,0,2.50212,135.177,327.158,609.267
140,95,2,1663.35,2049.85,621.281,1025.94
140,90,3,1068.11,1543.02,14.7951,253.947
140,103,1,1740,2543.75,1302.19,1920
141,67,3,308.09,805.794,275.695,674.856
141,30,1,200.652,703.89,13.9708,463.727
141,84,1,1646.04,2134.75,28.389,470.524
141,85,3,1247.54,1600.4,91.6826,327.976
141,86,4,579.441,693.48,773.742,1244.23
141,89,0,1.00962,89.8558,339.736,602.38
141,95,2,1604.64,2005.07,631.936,1027.51
141,90,3,1047.73,1447.47,48.6969,262.118
141,94,3,1536.47,1939.84,0.660539,170.877
141,103,1,1747.5,2547.5,1233.19,1920
142,67,3,247.611,746.715,290.286,699.912
142,30,5,160.162,686.008,0,426.717
142,84,1,1701.73,2179.12,18.7102,453.141
142,85,3,1221.04,1575.19,99.1201,347.101
142,86,4,551.783,659.226,765.902,1241.24
142,89,0,1.20192,52.8846,344.639,638.438
142,95,2,1566.53,1956.78,641.354,1015.51
142,90,3,994.917,1432.96,33.0375,273.55
142,94,3,1495.61,1951.41,0.158308,174.284
142,103,1,1755,2547.5,1170.48,1913.69
143,67,3,152.574,714.937,293.325,717.485
143,30,1,110.514,657.174,0.968313,483.133
143,84,1,1757.6,2224.38,14.0547,447.956
143,85,3,1186.28,1551.5,99.1219,353.177
143,86,4,519.108,616.27,767.287,1233.32
143,89,0,1.20192,52.8846,344.639,638.438
143,95,2,1514.6,1905.84,631.543,1015.98
143,90,3,962.518,1370.6,29.3137,278.798
143,94,3,1468.52,1824.67,0,185.261
143,103,1,1765,2543.75,1110.95,1905.78
144,67,3,103.379,652.441,326.693,746.647
144,30,1,66.0891,626.533,0,475.817
144,84,1,1802.3,2282.84,0,428.647
144,85,3,1166.67,1523.95,104.394,355.429
144,86,4,484.298,591.479,768.258,1224.38
144,95,2,1463.77,1858.09,622.206,1016.72
144,90,3,912.867,1379.82,34.9399,281.54
144,94,3,1440.46,1784.39,1.68207,192.269
144,103,1,1768.75,2537.5,1048.14,1887.23
145,67,3,42.0429,597.848,345.781,754.807
145,30,1,62.5961,607.923,0,428.761
145,84,1,1866.29,2328.42,0,422.128
145,85,3,1135.88,1497.2,108.072,364.464
145,86,4,448.727,576.694,779.932,1230.74
145,95,2,1412.25,1823.48,618.957,997.245
145,90,3,863.984,1371.5,43.5719,293.505
145,94,3,1389.12,1747.01,2.94406,203.141
145,103,1,1766.25,2540,979.187,1920
146,67,3,3.5528,553.694,350.705,791.762
146,30,1,56.1857,574.511,8.20232,458.178
146,84,1,1918.07,2379.61,1.54052,389.272
146,85,3,1110.01,1472.12,120.377,376.926
146,86,4,411.471,526.011,794.003,1216.1
146,95,2,1365.06,1766.02,617.826,999.453
146,90,3,820.39,1286.6,65.7055,305.025
146,94,3,1370.99,1714,3.48332,209.783
146,103,1,1807.5,2547.5,932.768,1857.01
147,67,3,3.86795,495.088,361.278,806.228
147,30,1,43.916,559.843,15.5496,466.515
147,84,1,1962.19,2471.82,0,380.834
147,85,3,1076.83,1450.8,126.259,388.379
147,86,4,361.686,512.947,754.737,1217.48
147,95,2,1324.5,1714.89,616.528,993.525
147,93,1,1773.75,2241.07,0,211.523
147,90,3,765.026,1190.68,91.4529,315.772
147,94,3,1330.55,1677.69,10.2002,220.082
147,103,1,1798.31,2512.95,878.784,1727.91
148,67,3,0,463.315,376.255,843.243
148,30,1,13.0781,539.566,10.3867,523.397
148,84,1,2043.17,2536.94,0,363.377
148,85,3,1050.17,1429.01,136.861,395.059
148,86,4,325.692,436.06,761.237,1141.16
148,95,2,1267.94,1669.35,606.789,998.038
148,93,1,1781.92,2221.6,1.03046,203.587
148,90,3,716.297,1158.76,99.3139,320.344
148,94,3,1225.21,1649.2,11.6725,229.117
148,103,1,1805.95,2503.01,820.407,1662.92
