2.0,1.0,0.0,2183.55,2334.85,687.154,1070.59
2.0,8.0,0.0,2469.23,2558.46,327.188,606.274
3.0,1.0,0.0,2195.33,2344.61,650.01,1027.13
3.0,8.0,0.0,2498.63,2559.83,292.284,578.87
4.0,1.0,0.0,2198.27,2350.72,625.725,983.27
4.0,8.0,0.0,2530.64,2558.59,286.731,561.346
5.0,1.0,0.0,2210.3,2354.28,595.484,944.545
5.0,8.0,0.0,2530.64,2558.59,286.731,561.346
5.0,14.0,0.0,2200.35,2475.74,1315.67,1915.33
6.0,1.0,0.0,2217.61,2359.32,568.111,916.512
6.0,14.0,0.0,2203.54,2440.39,1237.37,1818.77
7.0,1.0,0.0,2229.18,2382.71,539.229,875.02
7.0,14.0,0.0,2194.56,2422.61,1162.82,1727.3
8.0,1.0,0.0,2245.22,2389.06,515.45,842.263
8.0,14.0,0.0,2182.41,2408.58,1097.29,1646.54
9.0,1.0,0.0,2265.91,2410.25,496.201,811.454
9.0,14.0,0.0,2189.53,2403.59,1040.37,1567.55
10.0,1.0,0.0,2285.79,2426.99,470.242,778.494
10.0,14.0,0.0,2187.23,2381.12,984.024,1489.77
10.0,22.0,0.0,2178.22,2460.12,1600.47,1920.0
11.0,1.0,0.0,2302.57,2451.45,448.715,755.727
11.0,14.0,0.0,2171.86,2380.04,931.751,1421.46
11.0,22.0,0.0,2149.58,2446.75,1522.17,1917.21
12.0,1.0,0.0,2333.95,2473.26,431.052,726.952
12.0,14.0,0.0,2181.7,2366.17,874.958,1359.67
12.0,22.0,0.0,2147.88,2398.26,1444.48,1920.0
13.0,1.0,0.0,2354.79,2493.59,401.138,698.741
13.0,14.0,0.0,2178.53,2365.45,836.197,1290.87
13.0,22.0,0.0,2137.36,2366.34,1380.16,1918.26
14.0,1.0,0.0,2374.31,2508.15,381.337,676.335
14.0,14.0,0.0,2159.65,2355.06,792.869,1228.32
14.0,22.0,0.0,2130.74,2345.29,1310.03,1876.72
15.0,1.0,0.0,2409.23,2529.23,365.264,649.543
15.0,14.0,0.0,2162.27,2345.13,746.291,1181.1
15.0,22.0,0.0,2122.91,2342.15,1242.09,1786.0
16.0,1.0,0.0,2433.37,2542.02,340.673,630.288
16.0,14.0,0.0,2167.23,2339.64,704.236,1119.24
16.0,22.0,0.0,2114.19,2329.32,1177.84,1716.73
17.0,1.0,0.0,2456.78,2555.53,323.438,599.639
17.0,14.0,0.0,2173.74,2335.59,662.233,1077.23
17.0,22.0,0.0,2114.96,2319.41,1120.42,1637.4
18.0,1.0,0.0,2487.79,2558.37,299.423,579.231
18.0,14.0,0.0,2173.63,2339.31,627.19,1028.15
18.0,22.0,0.0,2114.23,2307.46,1070.02,1572.93
19.0,1.0,0.0,2511.31,2559.46,282.26,557.164
19.0,14.0,0.0,2194.18,2344.71,596.609,981.406
19.0,22.0,0.0,2112.18,2294.59,1018.51,1509.41
20.0,1.0,0.0,2511.31,2559.46,282.26,557.164
20.0,14.0,0.0,2197.71,2344.07,570.882,944.889
20.0,22.0,0.0,2099.71,2285.45,961.911,1446.62
21.0,14.0,0.0,2205.91,2348.87,537.975,901.917
21.0,22.0,0.0,2096.49,2273.94,916.398,1380.72
22.0,14.0,0.0,2211.34,2356.1,513.993,860.02
22.0,22.0,0.0,2099.51,2265.68,871.724,1327.51
23.0,14.0,0.0,2224.27,2362.64,487.186,819.795
23.0,22.0,0.0,2102.29,2263.27,824.126,1271.65
24.0,14.0,0.0,2238.73,2369.41,459.772,789.43
24.0,22.0,0.0,2097.56,2260.87,791.824,1209.98
25.0,14.0,0.0,2252.48,2391.15,434.424,758.298
25.0,22.0,0.0,2099.2,2260.77,747.714,1164.64
26.0,14.0,0.0,2278.53,2409.85,418.064,724.515
26.0,22.0,0.0,2102.76,2266.75,714.623,1113.53
27.0,14.0,0.0,2305.43,2437.85,391.761,700.918
27.0,22.0,0.0,2108.28,2254.21,680.955,1065.05
28.0,14.0,0.0,2331.26,2465.93,372.157,669.36
28.0,22.0,0.0,2110.64,2262.64,647.003,1025.93
29.0,14.0,0.0,2358.6,2489.22,356.271,641.218
29.0,22.0,0.0,2116.71,2277.26,615.572,982.95
30.0,14.0,0.0,2384.45,2520.08,327.161,612.317
30.0,22.0,0.0,2131.62,2283.33,583.344,943.156
31.0,14.0,0.0,2428.08,2538.08,297.26,601.586
31.0,22.0,0.0,2142.38,2292.94,554.939,904.042
32.0,14.0,0.0,2456.54,2558.85,287.236,571.803
32.0,22.0,0.0,2157.21,2302.64,529.505,871.397
33.0,14.0,0.0,2496.03,2559.35,265.096,556.442
33.0,22.0,0.0,2179.68,2317.71,503.135,839.664
34.0,14.0,0.0,2533.23,2559.07,252.332,520.745
34.0,22.0,0.0,2193.95,2344.99,479.84,807.932
35.0,14.0,0.0,2533.23,2559.07,252.332,520.745
36.0,22.0,0.0,2240.84,2376.49,439.424,749.185
37.0,22.0,0.0,2264.07,2400.22,422.316,713.025
38.0,22.0,0.0,2298.46,2435.01,391.037,692.001
39.0,22.0,0.0,2318.77,2452.75,377.538,665.633
40.0,22.0,0.0,2347.37,2486.31,353.029,636.035
41.0,22.0,0.0,2389.9,2505.48,327.62,613.341
41.0,32.0,3.0,1250.62,2012.5,1473.51,1920.0
42.0,22.0,0.0,2420.48,2536.44,308.942,597.981
42.0,32.0,3.0,1282.5,1992.5,1366.06,1920.0
43.0,22.0,0.0,2451.97,2557.26,287.596,576.058
43.0,32.0,3.0,1305.0,1983.75,1270.95,1900.47
44.0,22.0,0.0,2490.5,2560.0,252.043,545.264
45.0,22.0,0.0,2525.73,2557.34,234.952,541.587
46.0,22.0,0.0,2525.73,2557.34,234.952,541.587
59.0,37.0,3.0,1735.0,2526.25,1565.59,1915.12
60.0,37.0,3.0,1726.25,2495.0,1457.7,1920.0
61.0,37.0,3.0,1732.5,2460.0,1352.01,1920.0
62.0,37.0,3.0,1730.0,2422.5,1270.76,1879.13
63.0,37.0,3.0,1736.25,2393.75,1192.55,1747.6
64.0,37.0,3.0,1741.25,2371.25,1123.78,1651.41
65.0,37.0,3.0,1750.0,2360.0,1060.49,1556.59
66.0,37.0,3.0,1762.5,2342.5,994.482,1484.04
67.0,37.0,3.0,1770.0,2342.5,934.35,1406.36
68.0,37.0,3.0,1789.77,2327.17,873.123,1329.74
69.0,37.0,3.0,1795.46,2327.63,819.814,1285.21
75.0,41.0,0.0,2250.55,2548.73,1535.07,1920.0
76.0,41.0,0.0,2226.28,2518.98,1449.74,1920.0
77.0,41.0,0.0,2209.92,2450.97,1366.31,1918.11
78.0,41.0,0.0,2194.34,2419.62,1274.19,1840.32
79.0,41.0,0.0,2184.79,2404.38,1198.02,1736.12
80.0,41.0,0.0,2165.8,2390.7,1129.13,1654.9
81.0,41.0,0.0,2168.53,2379.08,1062.59,1571.81
82.0,41.0,0.0,2144.04,2368.67,997.62,1490.81
83.0,41.0,0.0,2140.3,2352.89,954.824,1421.99
84.0,41.0,0.0,2139.33,2331.71,894.812,1355.64
85.0,41.0,0.0,2139.07,2323.86,855.221,1287.54
86.0,41.0,0.0,2134.71,2337.4,790.045,1229.02
87.0,41.0,0.0,2145.77,2333.33,752.717,1176.11
88.0,41.0,0.0,2159.4,2349.54,715.58,1122.75
89.0,41.0,0.0,2176.95,2366.53,678.733,1064.8
90.0,41.0,0.0,2194.08,2363.49,647.083,1027.93
91.0,41.0,0.0,2205.69,2367.13,614.518,979.706
92.0,41.0,0.0,2227.4,2383.84,583.534,941.593
93.0,41.0,0.0,2237.73,2398.19,556.521,901.452
94.0,41.0,0.0,2254.77,2408.37,515.889,869.323
95.0,41.0,0.0,2263.42,2423.73,504.238,833.253
96.0,41.0,0.0,2276.5,2431.84,474.423,793.004
97.0,41.0,0.0,2297.64,2450.57,448.93,772.528
98.0,37.0,3.0,2487.04,2559.11,205.096,490.673
98.0,41.0,0.0,2305.24,2464.3,434.836,738.457
99.0,37.0,3.0,2513.41,2557.36,210.937,474.447
99.0,41.0,0.0,2320.07,2471.93,397.172,717.155
100.0,37.0,3.0,2534.28,2558.03,189.952,447.548
100.0,41.0,0.0,2330.9,2480.11,388.792,682.031
100.0,51.0,0.0,2253.75,2541.78,1333.51,1904.84
101.0,37.0,3.0,2534.28,2558.03,189.952,447.548
101.0,41.0,0.0,2347.41,2501.39,365.299,653.464
101.0,51.0,0.0,2260.4,2527.17,1250.33,1792.12
102.0,41.0,0.0,2372.28,2506.68,325.856,632.194
102.0,51.0,0.0,2264.09,2517.03,1173.4,1693.68
103.0,41.0,0.0,2382.41,2527.17,324.253,610.805
103.0,51.0,0.0,2262.34,2519.39,1101.89,1606.89
104.0,41.0,0.0,2418.37,2535.48,305.553,595.024
104.0,51.0,0.0,2264.52,2515.41,1037.94,1533.9
104.0,54.0,0.0,2392.18,2557.06,1389.48,1920.0
105.0,41.0,0.0,2443.7,2550.14,281.611,572.812
105.0,51.0,0.0,2273.19,2503.28,983.67,1455.42
105.0,54.0,0.0,2345.01,2556.83,1316.96,1917.4
106.0,41.0,0.0,2456.39,2555.91,276.274,551.034
106.0,51.0,0.0,2279.14,2496.14,920.574,1368.2
106.0,54.0,0.0,2319.54,2543.76,1244.25,1826.78
107.0,41.0,0.0,2487.19,2558.97,260.553,530.409
107.0,51.0,0.0,2284.1,2500.25,879.244,1294.35
107.0,54.0,0.0,2301.46,2541.54,1170.82,1744.32
108.0,41.0,0.0,2497.98,2560.0,245.553,521.178
108.0,51.0,0.0,2288.93,2506.54,833.055,1209.54
108.0,54.0,0.0,2290.8,2533.15,1114.3,1663.01
109.0,41.0,0.0,2497.98,2560.0,245.553,521.178
109.0,51.0,0.0,2288.53,2512.23,791.8,1155.64
109.0,54.0,0.0,2284.4,2523.75,1061.5,1586.37
110.0,51.0,0.0,2294.2,2509.96,742.95,1082.87
110.0,54.0,0.0,2282.56,2517.6,1006.59,1520.55
111.0,51.0,0.0,2297.07,2511.89,709.323,1040.72
111.0,54.0,0.0,2278.83,2519.88,959.587,1451.33
112.0,51.0,0.0,2302.66,2513.19,677.274,999.689
112.0,54.0,0.0,2282.96,2509.51,919.023,1385.96
113.0,51.0,0.0,2312.79,2514.24,644.315,958.761
113.0,54.0,0.0,2290.39,2502.39,869.104,1327.57
114.0,51.0,0.0,2319.64,2520.51,612.268,934.525
114.0,54.0,0.0,2296.3,2501.2,826.336,1280.68
115.0,51.0,0.0,2325.29,2521.31,583.872,910.326
115.0,54.0,0.0,2300.56,2498.12,784.672,1223.0
116.0,51.0,0.0,2325.9,2515.02,555.233,839.069
116.0,54.0,0.0,2307.48,2498.09,748.47,1177.59
117.0,51.0,0.0,2331.89,2523.19,529.249,819.355
117.0,54.0,0.0,2305.26,2502.68,709.175,1131.64
118.0,51.0,0.0,2334.84,2528.59,502.513,771.178
118.0,54.0,0.0,2309.19,2499.89,673.838,1081.61
119.0,51.0,0.0,2337.94,2521.33,475.534,747.565
119.0,54.0,0.0,2313.25,2504.88,646.051,1027.95
120.0,51.0,0.0,2346.39,2508.59,451.996,745.916
120.0,54.0,0.0,2328.98,2502.27,609.795,1001.56
121.0,51.0,0.0,2347.2,2516.27,435.027,690.514
121.0,54.0,0.0,2336.46,2502.26,583.975,966.011
122.0,51.0,0.0,2349.58,2521.14,404.858,678.02
122.0,54.0,0.0,2349.15,2504.37,564.72,931.874
123.0,51.0,0.0,2359.19,2522.03,381.48,677.488
123.0,54.0,0.0,2358.44,2502.53,534.479,897.844
124.0,51.0,0.0,2375.87,2522.6,367.139,609.591
124.0,54.0,0.0,2369.03,2519.04,511.237,862.199
125.0,51.0,0.0,2383.12,2527.64,341.755,573.822
125.0,54.0,0.0,2376.6,2528.6,489.834,833.63
126.0,51.0,0.0,2405.34,2545.43,325.529,575.625
126.0,54.0,0.0,2390.23,2544.81,463.943,801.192
127.0,51.0,0.0,2405.34,2545.43,325.529,575.625
127.0,54.0,0.0,2405.2,2544.69,449.175,776.207
128.0,51.0,0.0,2443.46,2559.62,294.303,545.12
128.0,54.0,0.0,2418.86,2550.83,437.763,751.099
129.0,51.0,0.0,2443.46,2559.62,294.303,545.12
129.0,54.0,0.0,2429.6,2558.07,415.417,720.45
130.0,54.0,0.0,2456.06,2559.33,393.173,699.519
131.0,54.0,0.0,2476.71,2560.0,368.077,687.115
132.0,54.0,0.0,2494.09,2560.0,345.721,673.702
133.0,54.0,0.0,2515.06,2558.79,325.096,650.481
134.0,54.0,0.0,2515.06,2558.79,325.096,650.481
137.0,80.0,0.0,2249.37,2515.49,1465.68,1920.0
138.0,80.0,0.0,2233.03,2480.43,1395.42,1920.0
139.0,80.0,0.0,2231.68,2456.14,1314.54,1914.69
140.0,80.0,0.0,2217.32,2438.77,1241.83,1796.74
141.0,80.0,0.0,2208.86,2432.75,1175.74,1688.45
142.0,80.0,0.0,2199.75,2419.31,1116.86,1603.95
143.0,73.0,4.0,1165.6,1368.66,1510.35,1913.37
143.0,80.0,0.0,2197.04,2412.02,1059.72,1522.12
143.0,85.0,0.0,2142.03,2457.9,1492.17,1918.83
144.0,73.0,4.0,1239.55,1434.44,1504.9,1912.62
144.0,80.0,0.0,2192.7,2399.52,1008.55,1446.88
144.0,85.0,0.0,2144.19,2425.41,1404.3,1919.76
145.0,73.0,4.0,1291.64,1504.29,1467.82,1918.85
145.0,80.0,0.0,2193.36,2393.45,960.333,1384.86
145.0,85.0,0.0,2133.4,2412.98,1336.88,1917.63
146.0,73.0,4.0,1354.54,1564.94,1470.34,1915.68
146.0,80.0,0.0,2195.72,2385.35,912.651,1334.39
146.0,85.0,0.0,2121.98,2393.63,1255.3,1853.9
147.0,73.0,4.0,1427.83,1639.42,1476.14,1912.39
147.0,80.0,0.0,2198.83,2386.52,859.583,1280.09
147.0,85.0,0.0,2121.67,2372.66,1184.81,1747.08
148.0,73.0,4.0,1506.87,1701.71,1465.53,1920.0
148.0,80.0,0.0,2199.13,2385.09,823.054,1230.13
148.0,85.0,0.0,2110.78,2354.43,1115.22,1667.69
