2.0,3.0,0.0,2302.79,2445.2,534.181,888.901
2.0,4.0,0.0,2343.51,2489.08,349.099,636.702
2.0,8.0,3.0,1667.35,2191.28,981.219,1450.15
3.0,3.0,0.0,2302.6,2447.5,523.358,859.231
3.0,4.0,0.0,2369.17,2502.04,327.826,644.971
3.0,8.0,3.0,1679.29,2177.28,931.774,1376.72
4.0,3.0,0.0,2304.93,2443.67,508.441,838.824
4.0,4.0,0.0,2397.32,2539.94,321.75,615.276
5.0,3.0,0.0,2310.6,2449.54,489.453,803.9
5.0,4.0,0.0,2435.96,2548.65,299.351,594.303
5.0,15.0,5.0,1868.75,2550.0,934.325,1920.0
6.0,3.0,0.0,2322.08,2458.73,465.046,776.818
6.0,4.0,0.0,2459.25,2556.13,287.596,571.442
6.0,15.0,5.0,1863.75,2560.0,883.092,1920.0
7.0,3.0,0.0,2334.22,2467.47,451.847,753.989
7.0,4.0,0.0,2487.36,2558.8,262.356,563.221
7.0,15.0,5.0,1862.5,2560.0,825.944,1920.0
8.0,3.0,0.0,2339.32,2481.21,430.91,740.67
8.0,4.0,0.0,2515.29,2558.56,248.149,540.505
8.0,15.0,5.0,1852.5,2560.0,760.669,1920.0
9.0,3.0,0.0,2352.65,2492.71,413.803,715.355
9.0,4.0,0.0,2515.29,2558.56,248.149,540.505
9.0,15.0,5.0,1837.5,2560.0,714.978,1911.91
10.0,3.0,0.0,2368.89,2508.24,392.683,685.172
10.0,15.0,5.0,1832.5,2560.0,661.055,1920.0
11.0,3.0,0.0,2398.56,2518.37,374.784,641.178
12.0,3.0,0.0,2424.28,2541.88,357.909,627.476
13.0,3.0,0.0,2446.54,2556.54,335.553,607.139
14.0,3.0,0.0,2472.5,2558.27,316.154,605.769
15.0,3.0,0.0,2501.03,2560.0,291.923,575.192
16.0,3.0,0.0,2501.03,2560.0,291.923,575.192
34.0,34.0,3.0,1847.5,2532.5,1431.84,1920.0
35.0,34.0,3.0,1860.0,2503.75,1328.94,1910.87
36.0,34.0,3.0,1870.61,2484.26,1232.99,1812.04
37.0,34.0,3.0,1884.26,2458.2,1151.97,1701.14
38.0,34.0,3.0,1879.89,2439.24,1073.83,1603.19
39.0,34.0,3.0,1882.69,2432.16,1007.39,1516.66
40.0,34.0,3.0,1891.61,2408.67,943.905,1443.69
41.0,34.0,3.0,1895.66,2407.08,874.419,1360.72
42.0,34.0,3.0,1912.51,2393.99,823.201,1281.6
43.0,34.0,3.0,1908.53,2401.68,772.725,1213.67
44.0,34.0,3.0,1915.32,2394.81,729.685,1164.12
65.0,35.0,4.0,1881.24,1984.77,799.198,1301.99
66.0,35.0,4.0,1922.14,2033.75,795.532,1306.24
67.0,35.0,4.0,1960.5,2096.65,814.834,1308.38
68.0,35.0,4.0,2025.77,2142.97,823.326,1320.5
69.0,35.0,4.0,2078.81,2185.84,812.127,1322.09
70.0,35.0,4.0,2119.37,2245.66,825.123,1333.1
71.0,35.0,4.0,2191.17,2316.23,827.64,1340.72
72.0,35.0,4.0,2258.03,2378.01,832.284,1348.64
73.0,35.0,4.0,2298.65,2419.28,842.536,1343.37
73.0,55.0,0.0,1924.05,2224.0,1385.58,1913.07
74.0,35.0,4.0,2368.07,2493.01,857.732,1348.16
74.0,55.0,0.0,1923.21,2201.16,1315.39,1917.55
75.0,35.0,4.0,2438.58,2545.66,874.369,1360.62
75.0,55.0,0.0,1923.92,2197.29,1249.59,1844.12
76.0,35.0,4.0,2486.98,2556.14,885.494,1362.81
76.0,55.0,0.0,1929.28,2189.11,1199.21,1763.69
77.0,35.0,4.0,2486.98,2556.14,885.494,1362.81
77.0,55.0,0.0,1930.63,2190.45,1136.67,1700.04
78.0,55.0,0.0,1934.75,2188.81,1087.56,1631.21
79.0,55.0,0.0,1951.14,2196.52,1042.6,1566.7
80.0,55.0,0.0,1953.55,2197.32,989.265,1508.78
81.0,55.0,0.0,1958.19,2207.93,949.436,1440.22
82.0,55.0,0.0,1976.09,2211.13,908.318,1396.12
83.0,55.0,0.0,1984.88,2215.03,866.513,1338.84
84.0,55.0,0.0,1996.9,2222.41,828.366,1283.15
85.0,55.0,0.0,2005.41,2230.84,790.596,1236.81
86.0,55.0,0.0,2016.53,2231.55,757.488,1188.13
87.0,55.0,0.0,2026.94,2239.97,721.977,1142.38
88.0,55.0,0.0,2043.56,2241.05,689.36,1102.24
89.0,55.0,0.0,2049.33,2246.36,657.691,1058.16
90.0,55.0,0.0,2063.38,2254.83,627.11,1019.74
91.0,55.0,0.0,2074.81,2267.94,599.545,980.743
92.0,55.0,0.0,2088.45,2272.87,576.403,951.898
92.0,60.0,0.0,1989.14,2171.55,1298.11,1920.0
93.0,60.0,0.0,1982.34,2172.81,1233.76,1840.1
94.0,60.0,0.0,1970.61,2143.99,1171.38,1756.2
95.0,60.0,0.0,1966.38,2139.17,1104.11,1670.24
95.0,61.0,0.0,2189.2,2508.8,1603.72,1920.0
96.0,60.0,0.0,1967.95,2137.6,1050.49,1588.86
96.0,61.0,0.0,2158.52,2456.49,1511.63,1920.0
97.0,60.0,0.0,1967.17,2143.84,999.158,1531.25
97.0,61.0,0.0,2136.91,2405.77,1427.51,1920.0
98.0,60.0,0.0,1972.0,2147.68,942.551,1467.67
98.0,61.0,0.0,2110.79,2355.64,1353.32,1912.72
99.0,60.0,0.0,1996.31,2153.48,901.143,1401.85
99.0,61.0,0.0,2089.19,2330.3,1267.3,1826.01
100.0,60.0,0.0,2006.54,2170.89,850.981,1350.35
100.0,61.0,0.0,2073.75,2293.21,1199.07,1738.49
101.0,60.0,0.0,2017.12,2170.43,814.828,1266.08
101.0,61.0,0.0,2064.8,2279.54,1134.72,1654.74
102.0,60.0,0.0,2041.48,2187.76,777.272,1192.63
102.0,61.0,0.0,2035.09,2260.43,1073.78,1570.22
103.0,60.0,0.0,2072.41,2201.7,741.667,1103.66
103.0,61.0,0.0,2021.89,2249.03,1012.21,1490.92
104.0,55.0,0.0,2360.23,2507.12,330.627,624.691
104.0,60.0,0.0,2083.33,2215.62,703.989,1102.12
104.0,61.0,0.0,2021.2,2242.65,950.749,1427.6
105.0,55.0,0.0,2390.21,2543.82,312.098,603.446
105.0,60.0,0.0,2103.49,2247.83,669.351,1064.53
105.0,61.0,0.0,2026.27,2230.58,913.235,1365.04
106.0,55.0,0.0,2428.27,2550.19,290.769,584.423
106.0,60.0,0.0,2112.15,2246.59,636.433,1022.85
106.0,61.0,0.0,2033.8,2228.49,868.517,1308.99
107.0,55.0,0.0,2452.55,2559.76,286.442,563.365
107.0,60.0,0.0,2117.75,2264.18,613.705,994.763
107.0,61.0,0.0,2041.56,2220.49,829.237,1248.0
108.0,55.0,0.0,2491.35,2560.0,255.721,543.894
108.0,60.0,0.0,2136.14,2262.74,585.246,959.322
108.0,61.0,0.0,2040.87,2228.57,792.755,1196.17
109.0,55.0,0.0,2520.7,2559.3,227.596,537.404
109.0,60.0,0.0,2129.64,2289.56,561.336,938.852
109.0,61.0,0.0,2051.53,2210.83,742.157,1152.82
110.0,55.0,0.0,2520.7,2559.3,227.596,537.404
110.0,60.0,0.0,2157.55,2287.09,534.274,892.038
110.0,61.0,0.0,2062.58,2222.38,710.958,1096.88
111.0,60.0,0.0,2173.59,2305.62,511.219,865.3
111.0,61.0,0.0,2062.02,2228.59,673.748,1057.0
112.0,61.0,0.0,2074.25,2232.27,641.703,1018.18
113.0,61.0,0.0,2080.85,2235.81,614.345,977.554
114.0,61.0,0.0,2095.36,2247.14,590.222,949.463
115.0,61.0,0.0,2104.86,2257.34,566.09,916.709
118.0,75.0,0.0,2449.19,2559.45,1292.05,1920.0
119.0,75.0,0.0,2439.98,2556.78,1246.26,1920.0
120.0,75.0,0.0,2434.92,2555.66,1202.39,1860.56
121.0,60.0,0.0,2382.3,2522.81,311.497,612.314
121.0,75.0,0.0,2427.09,2559.5,1147.9,1766.19
122.0,60.0,0.0,2432.31,2540.0,299.279,593.221
122.0,75.0,0.0,2424.07,2560.0,1097.75,1683.71
123.0,60.0,0.0,2460.99,2554.4,277.861,569.062
123.0,75.0,0.0,2424.24,2558.77,1062.66,1622.61
124.0,60.0,0.0,2492.84,2559.47,264.447,557.668
124.0,75.0,0.0,2428.54,2558.71,1012.5,1580.57
125.0,60.0,0.0,2526.88,2559.28,239.135,529.327
125.0,75.0,0.0,2427.69,2560.0,970.903,1516.54
126.0,60.0,0.0,2526.88,2559.28,239.135,529.327
126.0,75.0,0.0,2430.9,2558.3,934.836,1462.01
127.0,61.0,0.0,2375.56,2524.91,311.507,583.538
127.0,75.0,0.0,2435.83,2559.8,889.033,1406.01
128.0,61.0,0.0,2418.8,2544.28,292.644,560.048
128.0,75.0,0.0,2441.33,2558.3,854.264,1373.27
129.0,61.0,0.0,2448.94,2554.13,273.389,548.149
129.0,75.0,0.0,2441.19,2558.33,826.781,1309.84
130.0,61.0,0.0,2491.35,2560.0,253.413,520.817
130.0,75.0,0.0,2446.25,2560.0,795.002,1260.23
131.0,61.0,0.0,2491.35,2560.0,253.413,520.817
131.0,75.0,0.0,2440.79,2558.97,766.491,1228.89
132.0,75.0,0.0,2449.56,2560.0,732.317,1193.59
133.0,75.0,0.0,2448.32,2560.0,708.151,1146.8
133.0,85.0,0.0,2347.61,2559.33,1575.33,1920.0
134.0,75.0,0.0,2454.87,2559.57,680.553,1116.53
134.0,85.0,0.0,2332.61,2557.75,1520.22,1916.36
135.0,75.0,0.0,2455.66,2560.0,656.932,1087.1
135.0,85.0,0.0,2320.1,2558.05,1461.43,1919.12
135.0,86.0,0.0,1662.1,1930.32,1299.68,1916.41
136.0,75.0,0.0,2458.32,2559.06,632.973,1043.89
136.0,85.0,0.0,2315.55,2552.63,1406.36,1917.45
136.0,86.0,0.0,1679.54,1904.5,1218.88,1830.56
137.0,75.0,0.0,2451.93,2560.0,602.954,1009.38
137.0,85.0,0.0,2312.36,2548.06,1350.97,1915.45
137.0,86.0,0.0,1684.74,1909.15,1151.39,1732.22
138.0,75.0,0.0,2456.77,2560.0,586.253,984.771
138.0,85.0,0.0,2303.76,2543.23,1297.59,1882.41
138.0,86.0,0.0,1692.72,1909.54,1085.33,1650.36
139.0,75.0,0.0,2457.97,2558.56,564.156,956.4
139.0,85.0,0.0,2297.14,2540.23,1245.28,1811.41
139.0,86.0,0.0,1711.16,1924.3,1023.86,1567.51
140.0,75.0,0.0,2463.7,2559.22,541.635,947.22
140.0,85.0,0.0,2290.72,2539.97,1195.92,1750.01
140.0,86.0,0.0,1719.61,1930.34,964.645,1490.92
141.0,75.0,0.0,2471.24,2557.24,521.684,901.164
141.0,85.0,0.0,2282.49,2539.04,1150.42,1695.4
141.0,86.0,0.0,1739.43,1936.84,912.881,1416.04
142.0,75.0,0.0,2472.71,2559.25,501.359,867.394
142.0,85.0,0.0,2283.42,2520.99,1111.95,1637.58
143.0,75.0,0.0,2480.52,2559.9,477.292,866.222
143.0,85.0,0.0,2278.45,2514.23,1065.94,1585.33
144.0,75.0,0.0,2487.66,2559.16,454.192,823.481
144.0,85.0,0.0,2275.09,2510.82,1032.64,1536.9
145.0,75.0,0.0,2500.84,2557.62,439.183,787.356
145.0,85.0,0.0,2276.52,2505.86,996.874,1489.46
146.0,75.0,0.0,2507.29,2558.89,401.029,801.693
146.0,85.0,0.0,2270.83,2499.92,962.084,1442.55
147.0,75.0,0.0,2524.89,2559.53,355.049,771.776
147.0,85.0,0.0,2276.12,2488.07,933.396,1395.01
148.0,75.0,0.0,2529.13,2560.0,401.394,736.298
148.0,85.0,0.0,2271.69,2487.45,894.024,1352.16
