2.0,3.0,0.0,2189.87,2361.27,587.773,928.082
3.0,3.0,0.0,2187.44,2357.39,562.396,901.958
4.0,3.0,0.0,2186.24,2354.37,542.488,881.326
5.0,3.0,0.0,2192.12,2348.26,517.631,854.53
6.0,3.0,0.0,2193.84,2347.89,501.096,818.861
7.0,3.0,0.0,2197.49,2348.56,481.528,800.225
17.0,3.0,0.0,2388.7,2512.84,307.788,584.711
18.0,3.0,0.0,2419.9,2543.17,295.601,568.63
19.0,3.0,0.0,2446.2,2553.8,272.596,551.25
20.0,3.0,0.0,2478.77,2558.15,262.284,532.716
21.0,3.0,0.0,2509.64,2560.0,234.519,529.327
22.0,3.0,0.0,2509.64,2560.0,234.519,529.327
29.0,23.0,0.0,2333.58,2557.5,1087.21,1611.05
30.0,23.0,0.0,2300.68,2538.86,1027.09,1535.68
30.0,24.0,3.0,1661.25,2550.0,1541.91,1917.08
31.0,23.0,0.0,2283.03,2506.43,963.876,1466.18
31.0,24.0,3.0,1655.0,2542.5,1466.17,1918.96
32.0,23.0,0.0,2266.95,2483.08,915.385,1390.37
32.0,24.0,3.0,1658.75,2507.5,1415.72,1920.0
33.0,23.0,0.0,2243.05,2454.1,869.973,1321.66
33.0,24.0,3.0,1657.5,2487.5,1356.83,1918.45
34.0,23.0,0.0,2243.18,2436.98,818.783,1259.58
34.0,24.0,3.0,1655.0,2458.75,1294.57,1920.0
35.0,23.0,0.0,2235.31,2429.35,765.518,988.848
35.0,24.0,3.0,1650.0,2432.5,1252.91,1913.29
36.0,23.0,0.0,2219.05,2408.77,730.258,1148.82
36.0,24.0,3.0,1653.75,2397.5,1196.08,1894.26
37.0,23.0,0.0,2215.3,2385.83,688.052,1100.83
37.0,24.0,3.0,1652.5,2387.5,1156.04,1830.27
38.0,23.0,0.0,2217.02,2371.38,655.492,1048.31
38.0,24.0,3.0,1663.75,2368.75,1111.73,1767.29
39.0,23.0,0.0,2212.05,2358.87,619.05,995.715
39.0,24.0,3.0,1670.0,2348.75,1078.06,1709.74
40.0,23.0,0.0,2217.63,2352.92,585.861,952.725
40.0,24.0,3.0,1681.25,2335.0,1047.81,1660.21
41.0,23.0,0.0,2212.83,2354.79,554.651,912.458
41.0,24.0,3.0,1672.5,2335.0,995.642,1600.75
42.0,23.0,0.0,2217.47,2359.78,528.331,878.587
42.0,24.0,3.0,1681.25,2311.25,966.881,1552.09
43.0,23.0,0.0,2226.74,2366.05,496.908,845.606
43.0,24.0,3.0,1692.62,2299.12,928.108,1500.83
44.0,23.0,0.0,2245.88,2381.1,473.247,791.906
44.0,24.0,3.0,1681.25,2293.75,893.521,1454.66
45.0,23.0,0.0,2265.15,2399.72,452.606,758.832
46.0,23.0,0.0,2278.66,2420.0,429.214,729.078
47.0,23.0,0.0,2302.45,2443.82,400.122,704.336
48.0,23.0,0.0,2336.01,2464.42,375.897,672.232
49.0,23.0,0.0,2355.7,2493.49,354.373,638.348
50.0,23.0,0.0,2384.06,2517.64,324.913,611.885
51.0,23.0,0.0,2410.32,2554.13,312.606,586.503
52.0,23.0,0.0,2450.58,2555.58,285.433,562.067
53.0,23.0,0.0,2484.52,2558.56,244.76,542.164
54.0,23.0,0.0,2513.85,2560.0,236.394,523.99
55.0,23.0,0.0,2513.85,2560.0,236.394,523.99
55.0,35.0,0.0,2512.79,2560.0,861.12,1323.18
56.0,35.0,0.0,2509.44,2557.35,834.087,1299.89
57.0,35.0,0.0,2497.1,2558.14,795.306,1246.34
58.0,35.0,0.0,2506.58,2556.89,774.349,1215.9
59.0,35.0,0.0,2494.45,2558.17,751.418,1189.0
60.0,35.0,0.0,2487.41,2556.37,727.859,1144.13
61.0,35.0,0.0,2484.82,2557.59,693.798,1117.55
62.0,35.0,0.0,2487.32,2558.05,669.184,1075.66
63.0,35.0,0.0,2486.85,2557.8,650.414,1049.22
64.0,35.0,0.0,2492.37,2559.34,618.602,1028.47
65.0,35.0,0.0,2501.37,2557.38,591.428,995.53
66.0,35.0,0.0,2496.91,2557.18,566.938,976.054
67.0,35.0,0.0,2497.57,2559.82,539.987,962.862
68.0,35.0,0.0,2503.92,2559.77,524.4,926.093
69.0,35.0,0.0,2501.32,2559.28,507.62,896.859
70.0,35.0,0.0,2505.64,2558.93,488.329,883.167
71.0,35.0,0.0,2509.5,2558.2,478.846,820.385
72.0,35.0,0.0,2515.44,2560.0,449.578,845.188
73.0,35.0,0.0,2519.0,2560.0,433.11,830.56
74.0,35.0,0.0,2520.49,2560.0,403.228,818.989
75.0,35.0,0.0,2520.49,2560.0,403.228,818.989
88.0,57.0,3.0,1687.5,2395.0,1386.75,1920.0
89.0,57.0,3.0,1690.0,2351.25,1304.26,1912.56
90.0,57.0,3.0,1695.0,2317.5,1225.77,1798.26
91.0,57.0,3.0,1704.2,2286.62,1139.22,1704.72
92.0,57.0,3.0,1704.69,2267.6,1069.6,1610.58
93.0,57.0,3.0,1709.43,2260.64,1008.56,1520.7
94.0,57.0,3.0,1718.82,2249.04,943.319,1438.24
95.0,57.0,3.0,1729.96,2247.02,886.54,1373.08
97.0,63.0,3.0,1647.5,2472.5,1551.31,1914.14
98.0,63.0,3.0,1638.75,2430.0,1451.48,1920.0
99.0,63.0,3.0,1645.0,2382.5,1362.52,1920.0
100.0,63.0,3.0,1642.5,2352.5,1278.82,1870.71
101.0,63.0,3.0,1650.0,2321.25,1208.24,1759.33
102.0,63.0,3.0,1657.5,2298.75,1133.62,1664.69
103.0,63.0,3.0,1656.25,2297.5,1073.73,1556.22
104.0,63.0,3.0,1676.25,2277.5,996.448,1483.6
104.0,65.0,3.0,1780.0,2496.25,1462.81,1919.77
105.0,63.0,3.0,1678.75,2280.0,946.378,1404.17
105.0,65.0,3.0,1762.5,2452.5,1359.18,1920.0
106.0,65.0,3.0,1775.21,2401.27,1273.7,1881.88
107.0,65.0,3.0,1757.5,2376.25,1200.34,1738.13
108.0,65.0,3.0,1757.5,2342.5,1138.15,1641.14
109.0,65.0,3.0,1772.06,2329.09,1060.21,1569.48
110.0,65.0,3.0,1775.59,2313.91,998.717,1481.23
111.0,65.0,3.0,1775.94,2304.49,942.506,1409.61
112.0,65.0,3.0,1788.8,2286.3,886.864,1361.44
113.0,65.0,3.0,1797.4,2290.78,839.281,1291.35
146.0,86.0,3.0,1477.5,2307.5,1557.17,1915.95
147.0,86.0,3.0,1480.0,2268.75,1494.75,1915.49
148.0,86.0,3.0,1481.25,2227.5,1432.45,1920.0
