2,1,3,924.519,1041.63,51.0577,146.683
2,2,3,1078.65,1182.88,57.6202,157.861
2,3,3,1224.47,1324.76,50.4808,149.856
2,4,0,1376.42,1422.04,102.584,215.3
2,5,0,1342.88,1550.96,253.413,432.548
2,6,3,1016.08,1088.53,27.3137,99.2488
2,7,0,2.88462,104.231,385.961,620.192
2,8,3,1705.48,1857.6,160.709,290.445
2,9,0,355.913,500.24,163.233,272.344
3,1,3,924.856,1041.3,51.3822,146.647
3,2,3,1079.18,1182.36,59.3149,150.397
3,3,3,1224.42,1327.88,47.2716,151.623
3,4,0,1376.49,1421.97,101.286,211.695
3,5,0,1259.81,1467.88,247.572,425.697
3,6,3,1014.66,1088.41,27.9988,98.6358
3,7,0,6.97115,119.375,384.087,631.298
3,8,3,1704.42,1855.58,160.925,290.517
3,9,0,356.01,500.144,162.873,271.839
4,1,3,924.087,1040.53,51.1659,146.575
4,2,3,1082.07,1185.62,54.1587,145.601
4,3,3,1228.17,1327.21,50.0841,145.493
4,4,0,1375.62,1421.3,99.3029,206.755
4,5,0,1168.46,1380.77,246.274,425.264
4,6,3,1014.66,1088.41,28.2873,99.0685
4,7,0,22.7404,129.183,389.135,650.481
4,8,3,1705,1858.08,161.034,290.12
4,9,0,357.163,499.76,162.837,273.317
4,10,0,905.541,1235.77,1245.24,1920
5,1,3,924.038,1040.58,50.7332,146.575
5,2,3,1082.31,1186.92,49.8678,140.805
5,3,3,1233.08,1331.54,44.7115,144.231
5,4,0,1376.27,1419.11,91.875,200.048
5,5,0,1054.52,1265.48,247.572,421.659
5,6,3,1014.28,1087.26,28.5577,98.5817
5,7,0,41.0577,142.404,399.303,654.159
5,8,3,1705.48,1857.6,161.611,289.832
5,9,0,355.673,500.481,162.548,273.029
5,10,0,984.018,1285.43,1132.47,1775.92
6,1,3,923.846,1040.77,51.274,146.611
6,2,3,1085.62,1191.3,46.3702,135.505
6,3,3,1233.17,1332.98,44.0625,142.284
6,4,0,1376.73,1420.19,87.6923,198.462
6,5,0,972.981,1174.71,239.062,418.053
6,6,3,1014.66,1089.95,28.107,98.2392
6,7,0,56.9231,152.115,405.649,670.312
6,8,3,1704.28,1858.8,161.538,289.615
6,9,0,355.673,500.481,162.548,273.029
6,10,0,1039.68,1314.52,1051.73,1668.73
7,1,3,923.75,1040.87,51.274,146.322
7,2,3,1085.14,1191.78,44.6755,133.594
7,3,3,1234.76,1332.93,42.0793,139.219
7,4,0,1377.2,1421.26,85.8173,194.567
7,5,0,879.423,1083.65,235.673,416.25
7,6,3,1014.33,1088.75,28.125,97.9327
7,7,0,62.7644,155.312,414.231,679.615
7,8,3,1699.76,1869.47,165.361,286.37
7,9,0,356.25,501.442,162.26,272.74
7,10,0,1092.92,1341.72,994.842,1573.41
8,1,3,924.423,1041.73,51.4543,146.43
8,2,3,1091.15,1196.54,39.4111,125.877
8,3,3,1239.42,1335.96,37.4639,135.469
8,4,0,1376.13,1420.79,84.3029,191.466
8,5,0,762.308,963.846,247.284,406.947
8,6,3,1013.32,1091.3,28.5036,98.7079
8,7,0,68.0529,156.947,421.587,698.798
8,8,3,1699.76,1869.47,165.361,286.37
8,9,0,356.635,501.058,162.115,274.038
8,10,0,1136.66,1383.66,912.603,1458.64
8,11,0,0.576923,71.1539,367.644,576.202
9,1,3,924.183,1040.43,50.7692,146.538
9,2,3,1098.58,1196.8,38.5096,123.317
9,3,3,1240,1336.92,36.4904,132.548
9,4,0,1375.79,1418.05,80.3005,186.382
9,5,0,671.731,872.885,240.721,411.779
9,6,3,1013.92,1092.24,26.881,99.3209
9,7,0,72.6442,160.817,437.019,707.596
9,8,3,1704.71,1858.37,161.394,288.894
9,9,0,356.683,500.24,162.296,273.858
9,10,0,1171.55,1404.1,860.329,1380.86
9,11,0,1.05769,80.8654,366.923,583.269
10,1,3,929.183,1043.13,46.4423,146.827
10,2,3,1100.1,1201.44,35.3726,119.387
10,3,3,1243.37,1338.17,36.3101,131.43
10,4,0,1376.35,1415.96,78.4976,183.425
10,5,0,579.231,780,232.5,414.808
10,6,3,1013.03,1093.12,26.7728,99.7176
10,7,0,65.3365,163.702,439.832,730.168
10,8,3,1704.38,1855.62,161.538,288.75
10,9,0,356.683,500.24,162.296,273.858
10,10,0,1205.16,1426.34,810.929,1311.39
10,11,0,6.92308,110.962,376.01,607.644
11,1,3,929.471,1042.84,47.524,146.611
11,2,3,1109.52,1202.79,27.7284,116.07
11,3,3,1245.62,1337.45,31.3702,127.716
11,4,0,1376.96,1413.81,74.8558,179.856
11,5,0,458.365,661.635,235.457,413.582
11,6,3,1012.31,1093.85,26.5204,99.393
11,7,0,55.8173,161.106,453.173,743.365
11,8,3,1695.87,1867.21,164.567,285.433
11,10,0,1241.23,1449.57,763.51,1226.7
11,11,0,6.92308,110.962,376.01,607.644
11,13,0,1629.71,1841.06,275.553,454.832
12,1,3,929.856,1042.45,48.3534,146.502
12,2,3,1116.39,1209.76,28.0529,114.159
12,3,3,1246.85,1339.3,29.7836,125.986
12,4,0,1376.78,1413.99,73.125,177.981
12,5,0,368.173,566.442,240.072,407.236
12,6,3,1012.31,1093.85,26.2139,99.1947
12,7,0,53.1731,152.019,458.077,759.231
12,8,3,1704.62,1861.54,158.221,291.49
12,9,0,356.298,497.548,166.298,283.702
12,10,0,1268.29,1472.72,725.25,1176.28
12,13,0,1572.21,1784.71,273.894,454.183
12,14,0,108.75,312.788,286.154,480.577
13,1,3,929.519,1042.79,47.9928,146.719
13,2,3,1119.28,1213.03,25.4567,107.308
13,3,3,1250.65,1341.66,29.9639,123.786
13,4,0,1376.77,1412.46,69.1587,171.274
13,5,0,291.106,473.894,239.423,404.423
13,6,3,1011.54,1094.62,26.4844,98.8522
13,7,0,36.875,140.24,467.308,775.385
13,8,3,1708.22,1861.01,158.546,291.743
13,9,0,359.808,500.962,167.812,283.63
13,10,0,1287.87,1487.37,690.197,1128.52
13,11,0,55.5289,188.125,396.923,654.231
13,13,0,1505.77,1721.92,269.423,451.731
13,14,0,161.731,372.885,289.904,477.981
14,1,3,929.519,1042.79,46.7308,145.962
14,2,3,1125.6,1217.48,22.2837,104.207
14,3,3,1253.51,1343.41,29.0986,122.344
14,4,0,1376.11,1413.12,68.2211,168.462
14,5,0,166.058,311.635,241.587,402.837
14,6,3,1012.64,1093.51,25.8173,98.8702
14,7,0,10.2856,146.273,483.371,786.733
14,8,3,1704.33,1858.75,155.3,292.969
14,9,0,359.808,500.962,167.812,283.63
14,10,0,1320.98,1504.82,651.056,1065.4
14,11,0,77.5,200.577,403.63,672.332
14,13,0,1422.79,1637.21,265.817,448.413
14,14,0,240.962,461.346,284.423,486.923
15,1,3,923.942,1040.67,49.4712,146.683
15,2,3,1130.22,1222.09,22.0312,101.647
15,3,3,1256.35,1343.65,29.0986,120.757
15,4,0,1374.57,1413.12,65.5529,164.207
15,5,0,80.4327,256.875,243.389,406.226
15,6,3,1011.63,1091.44,25.3846,98.6539
15,7,0,5.17292,132.02,489.845,814.709
15,8,3,1704.76,1858.32,155.95,292.32
15,9,0,358.702,498.99,161.791,273.498
15,10,0,1337.58,1522.14,625.447,1027.88
15,11,0,88.125,213.029,414.736,684.88
15,13,0,1358.27,1564.81,264.231,438.462
15,14,0,301.923,531.154,286.01,484.183
16,1,3,929.279,1043.03,47.7404,146.538
16,2,3,1133.7,1224.76,18.6418,98.5457
16,3,3,1258.05,1345.02,29.387,120.18
16,4,0,1374.84,1412.85,63.137,162.584
16,5,0,3.94231,165.096,239.856,405.721
16,6,3,1010.46,1091.08,26.6286,98.8522
16,7,0,4.86156,123.907,502.091,838.005
16,8,3,1703.85,1859.23,156.022,292.824
16,9,0,358.702,498.99,161.791,273.498
16,10,0,1355.96,1534.19,599.698,995.984
16,11,0,93.8461,211.538,423.822,708.101
16,13,0,1288.56,1502.21,255.721,434.279
16,14,0,370.096,599.904,288.606,484.471
17,1,3,929.135,1043.17,48.3534,146.358
17,2,3,1140,1229.23,20.5889,96.5264
17,3,3,1259.47,1345.14,23.4375,115.024
17,4,0,1374.18,1413.51,59.6034,157.32
17,5,0,3.94231,165.096,239.856,405.721
17,6,3,1010.55,1089.45,27.0072,99.1226
17,7,0,6.17226,104.527,511.596,868.019
17,8,3,1704.23,1858.85,156.418,292.428
17,10,0,1386.37,1551.93,570.329,945.526
17,11,0,97.8365,214.856,432.692,731.539
17,13,0,1197.79,1412.98,244.471,427.644
17,14,0,462.019,695.673,289.111,485.697
18,1,3,929.279,1043.03,48.5697,146.43
18,2,3,1144.78,1230.6,19.1286,92.4339
18,3,3,1262.45,1346.78,22.8606,114.159
18,4,0,1373.56,1412.6,58.5577,155.625
18,6,3,1011.15,1088.85,27.2596,99.375
18,7,0,2.66487,94.7007,523.532,910.993
18,8,3,1703.61,1859.47,156.238,292.32
18,9,0,352.163,500.913,161.178,271.803
18,10,0,1402.08,1568.94,555.511,905.873
18,11,0,87.5421,223.595,448.151,751.623
18,13,0,1135.96,1347.12,245.697,423.534
18,14,0,532.596,771.25,285.721,485.625
19,1,3,929.423,1042.88,48.137,146.575
19,2,3,1150.82,1236.87,16.7308,88.3413
19,3,3,1264.09,1348.22,22.1755,113.762
19,4,0,1371.48,1410.06,56.9351,152.921
19,6,3,1012.16,1089.37,26.7007,99.2127
19,7,0,0.546446,79.3073,535.527,917.843
19,8,3,1701.97,1858.03,155.553,292.716
19,9,0,351.346,499.423,161.358,271.911
19,10,0,1420.49,1583.97,535.908,876.529
19,11,0,94.0313,224.267,452.155,768.063
19,13,0,1064.13,1277.4,245.264,423.389
19,14,0,613.654,845.577,287.019,490.096
20,1,3,924.519,1040.1,50.8774,147.007
20,2,3,1154.74,1243.73,14.369,87.2416
20,3,3,1265.82,1349.57,21.7788,109.399
20,4,0,1372.27,1409.27,52.6803,150.252
20,6,3,1011.88,1089.66,27.5841,98.9062
20,7,0,1.94711,41.2019,590.481,912.981
20,8,3,1703.99,1859.09,157.212,291.635
20,9,0,351.01,498.99,161.863,271.695
20,10,0,1441.95,1611.15,516.281,845.617
20,11,0,89.2546,225.374,475.048,792.309
20,13,0,969.904,1185.48,249.808,418.846
20,14,0,716.442,948.173,289.615,490.385
21,1,3,924.423,1040.19,50.5889,147.151
21,2,3,1161.06,1246.63,13.5757,84.7897
21,3,3,1267.79,1352.21,22.0312,108.281
21,4,0,1372.27,1409.27,52.6803,150.252
21,6,3,1011.47,1090.07,27.0613,99.2849
21,7,0,1.94711,41.2019,590.481,912.981
21,8,3,1701.49,1858.51,157.5,291.346
21,9,0,351.49,499.279,162.476,272.236
21,10,0,1457.3,1627.86,496.64,825.033
21,11,0,90.9719,226.495,492.208,816.676
21,13,0,931.683,1105.24,240.144,415.817
21,14,0,791.442,1031.63,290.913,494.279
22,1,3,924.038,1040.58,50.7332,146.863
22,2,3,1163.65,1247.12,13.107,80.9315
22,3,3,1267.88,1353.65,21.274,106.947
22,6,3,1010.26,1089.74,27.0793,99.5553
22,8,3,1703.08,1860,158.906,290.805
22,9,0,351.731,499.038,163.269,271.731
22,10,0,1484.53,1649,487.324,805.361
22,11,0,88.5639,215.411,508.993,840.568
22,13,0,832.26,995.433,239.784,406.37
22,14,0,876.154,1113.08,302.308,496.731
23,1,3,924.183,1040.43,50.7692,146.538
23,2,3,1173.89,1255.34,7.73438,79.4531
23,3,3,1266.83,1353.17,18.1731,106.01
23,6,3,1009.76,1090.24,27.4038,99.375
23,8,3,1703.22,1859.86,155.264,293.005
23,9,0,352.26,500.048,163.558,271.731
23,10,0,1509.71,1684.02,475.908,774.239
23,11,0,70.9668,207.286,520.821,868.744
23,13,0,731.731,931.346,242.885,411.923
23,14,0,979.808,1227.88,292.212,498.75
24,1,3,924.423,1040.19,51.1298,147.043
24,2,3,1176.32,1257.52,7.55409,76.5324
24,3,3,1269.28,1355.34,18.2812,104.459
24,6,3,1010.7,1089.3,27.4038,99.0865
24,8,3,1703.27,1859.81,155.228,293.041
24,9,0,352.885,499.423,163.522,272.055
24,10,0,1535.62,1713.94,464.894,754.329
24,11,0,59.1433,199.893,540.355,891.113
24,13,0,657.115,862.885,238.486,412.861
24,14,0,1063.65,1311.73,291.274,500.264
25,1,3,928.99,1043.32,49.2548,147.188
25,2,3,1180.29,1258.17,7.42789,75.9375
25,3,3,1267.84,1355.24,17.3798,102.764
25,4,0,1367.04,1402.19,45.2885,132.404
25,6,3,1008.61,1091.39,27.6923,99.5192
25,8,3,1701.44,1858.56,155.048,292.644
25,9,0,352.933,497.837,161.971,273.029
25,10,0,1563.29,1742.87,459.801,736.927
25,11,0,39.7777,183.374,548.74,920.653
25,13,0,579.038,786.346,226.01,410.913
25,14,0,1147.31,1398.85,295.024,505.745
25,17,3,1824.1,2238.4,290.556,469.771
26,1,3,928.702,1043.61,48.8221,147.332
26,2,3,1186.2,1266.11,5.71514,72.0974
26,3,3,1268.99,1352.55,15.6851,100.853
26,4,0,1367.04,1402.19,45.2885,132.404
26,6,3,1007.55,1090.91,27.2776,100.367
26,8,3,1702.4,1857.6,156.562,291.13
26,9,0,352.404,498.365,160.204,273.065
26,10,0,1603.15,1791.4,445.092,718.055
26,11,0,10.8209,171.798,571.111,956.261
26,13,0,476.731,685.577,231.995,407.812
26,14,0,1258.26,1525.75,289.867,516.88
26,17,3,1754.05,2233.53,282.608,469.326
27,1,3,928.942,1043.37,48.4615,147.26
27,2,3,1189.45,1267.48,6.92308,70.3846
27,3,3,1268.92,1354.16,11.899,98.0769
27,4,0,1364.82,1398.26,39.9159,124.796
27,6,3,1007.91,1090.55,26.881,99.7536
27,8,3,1703.27,1859.81,157.897,289.219
27,9,0,354.423,500.192,169.038,279.231
27,10,0,1642.77,1825.5,435.007,696.617
27,11,0,3.91632,149.418,592.42,982.634
27,13,0,404.904,605.865,227.452,407.74
27,14,0,1355.93,1608.51,300.123,521.283
27,17,3,1699.07,2192.3,282.238,465.479
28,1,3,922.981,1040.1,50.7692,146.827
28,2,3,1197.84,1268.32,3.65986,65.7151
28,3,3,1268.25,1351.75,11.7548,94.1106
28,4,0,1363.03,1395.43,38.9062,122.921
28,6,3,1008.08,1091.92,27.3137,99.1767
28,8,3,1703.56,1859.52,157.897,289.796
28,9,0,357.452,486.394,166.262,282.584
28,10,0,1677.38,1855.87,425.064,683.5
28,11,0,0.274272,137.06,592.502,1017.24
28,13,0,323.269,530.577,237.115,406.154
28,14,0,1458.66,1697.77,300.401,529.194
28,17,3,1650.32,2162.76,278.121,472.467
29,1,3,925.673,1038.94,52.2115,145.24
29,2,3,1204.01,1277.52,3.29928,65.5349
29,3,3,1271.92,1352.69,16.5865,93.6779
29,4,0,1363.03,1395.43,38.9062,122.921
29,6,3,1009.09,1092.45,27.1334,99.2127
29,8,3,1706.39,1859.76,160.889,289.976
29,9,0,357.452,486.394,166.262,282.584
29,10,0,1726.13,1909.35,420.284,671.749
29,11,0,4.29489,99.2523,629.432,1056.09
29,13,0,223.558,423.75,234.663,405.721
29,14,0,1571.92,1797.31,322.861,519.447
29,17,3,1597.65,2102.83,276.531,472.64
30,1,3,923.942,1040.67,50.8413,147.332
30,2,3,1207.04,1277.57,2.05529,61.8389
30,3,3,1270.19,1349.81,15.1803,92.4159
30,6,3,1009.38,1092.16,27.6743,99.2488
30,8,3,1703.65,1862.5,158.438,290.12
30,9,0,355,498.077,161.538,273.462
30,10,0,1764.45,1941.59,411.137,662.971
30,11,0,2.08352,76.7986,659.624,1063.33
30,13,0,151.971,345.721,235.745,408.101
30,14,0,1661.15,1892.69,322.644,524.279
30,17,3,1520.44,2056.26,269.305,459.985
31,1,3,923.894,1040.72,50.6971,147.476
31,2,3,1209.5,1282.81,1.69471,59.9279
31,3,3,1272.93,1350.14,19.381,91.6046
31,6,3,1008.12,1091.88,27.9627,99.1046
31,8,3,1701.49,1861.59,156.815,292.031
31,9,0,355,498.077,161.538,273.462
31,10,0,1795.38,1983.86,406.376,662.926
31,11,0,1.74376,50.3144,701.071,1116.98
31,13,0,71.0577,265.673,235.889,408.534
31,14,0,1759.09,1936.3,325.385,529.615
31,17,3,1490.53,1981.29,277.883,452.349
32,1,3,923.654,1040.96,51.238,147.224
32,2,3,1214.38,1287.16,0.811297,57.8185
32,3,3,1272.5,1350.58,18.0649,89.2428
32,6,3,1007.88,1092.12,28.3774,98.762
32,8,3,1703.99,1862.16,156.526,294.051
32,9,0,353.173,499.904,164.351,272.668
32,10,0,1850.74,2034.99,410.351,658.583
32,11,0,1.74376,50.3144,701.071,1116.98
32,13,0,1.00961,160.817,235.889,409.688
32,14,0,1759.09,1936.3,325.385,529.615
32,17,3,1412.92,1964.81,273.824,459.723
33,1,3,923.894,1040.72,50.6971,147.188
33,2,3,1216.32,1289.83,1.31611,54.8618
33,3,3,1274.33,1351.83,16.9832,88.3053
33,6,3,1007.79,1092.21,27.512,99.3389
33,8,3,1705.77,1860.38,160.385,291.635
33,9,0,352.404,501.442,164.964,272.921
33,10,0,1890.34,2071.2,394.203,653.651
33,13,0,0,84.0625,233.51,405.721
33,17,3,1361.33,1898.99,275.511,453.896
34,1,3,923.606,1041.01,50.9135,146.971
34,2,3,1218.75,1295.1,2.37981,52.1034
34,3,3,1275.7,1352,15.7752,87.6382
34,6,3,1007.79,1092.21,27.9086,99.0865
34,8,3,1704.47,1861.68,159.303,292.139
34,9,0,354.471,500.144,164.639,273.245
34,10,0,1963.17,2110.67,395.481,626.827
34,13,0,0,84.0625,233.51,405.721
34,17,3,1308.87,1833.27,270.611,454.614
35,1,3,923.654,1040.96,51.5264,146.791
35,2,3,1223.15,1295.31,1.78486,48.9844
35,3,3,1278.94,1351.83,15.4147,86.268
35,6,3,1009.09,1092.45,28.3954,98.3834
35,8,3,1699.57,1869.66,159.772,290.517
35,9,0,353.413,499.663,165.505,271.226
35,10,0,1986.24,2179.38,387.222,629.408
35,17,3,1237.37,1765.82,270.313,447.612
36,1,3,925.24,1039.37,52.7163,145.024
36,2,3,1227.64,1303.12,0.865384,46.4784
36,3,3,1282.09,1353.29,15.2344,85.6551
36,6,3,1009.33,1092.21,28.0168,98.4014
36,8,3,1704.81,1861.35,158.762,291.238
36,9,0,355.673,500.481,164.712,271.442
36,10,0,1986.24,2179.38,387.222,629.408
36,17,3,1186.15,1711.83,261.641,448.541
37,1,3,925.385,1039.23,52.4639,144.988
37,2,3,1230.29,1305.1,0.234375,46.0998
37,3,3,1281.68,1353.7,13.8101,84.6274
37,6,3,1009.13,1092.4,28.1611,98.5457
37,8,3,1705.19,1860.96,158.438,292.139
37,9,0,354.135,500.481,164.928,271.514
37,17,3,1131.39,1651.52,262.523,445.406
38,1,3,924.856,1038.22,52.5721,145.024
38,2,3,1232.88,1307.12,0.432692,42.1154
38,3,3,1281.68,1353.7,13.8101,84.6274
38,6,3,1007.64,1092.36,28.2512,98.3834
38,8,3,1705.82,1857.26,160.745,291.274
38,9,0,353.365,499.712,164.315,271.839
38,17,3,1057.6,1577.73,256.317,442.353
39,1,3,923.942,1040.67,50.9495,146.791
39,2,3,1238.85,1307.31,0.234375,41.3401
39,3,3,1285.99,1357.09,8.07692,81.0577
39,6,3,1008.75,1092.79,28.1611,98.1851
39,8,3,1704.33,1858.75,160.385,291.058
39,9,0,354.375,501.01,164.748,271.406
39,17,3,991.852,1520.94,256.707,438.167
40,1,3,923.606,1041.01,51.4183,146.899
40,2,3,1238.85,1307.31,0.234375,41.3401
40,3,3,1287.74,1358.41,4.79567,80.0841
40,6,3,1007.31,1092.69,28.2692,98.6538
40,8,3,1704.13,1858.94,161.25,290.192
40,9,0,353.702,501.683,163.846,272.019
40,17,3,931.135,1455.21,253.966,436.671
41,1,3,923.846,1040.77,51.3462,146.538
41,3,3,1287.31,1357.31,5.30048,77.7043
41,6,3,1007.93,1092.07,28.8462,98.3654
41,8,3,1703.7,1859.37,161.683,290.913
41,9,0,354.279,500.337,164.099,272.632
41,17,3,847.938,1364.58,251.888,431.541
42,1,3,925,1039.62,52.7885,145.096
42,3,3,1287.21,1358.94,5.51683,78.0649
42,6,3,1010.02,1091.51,28.9183,98.149
42,8,3,1703.37,1859.71,159.375,290.625
42,9,0,354.231,499.615,165.216,271.803
42,17,3,787.719,1305.44,246.648,434.006
43,1,3,924.952,1039.66,52.8606,145.601
43,3,3,1287.21,1358.94,5.51683,78.0649
43,6,3,1009.42,1092.12,28.1791,98.8882
43,8,3,1703.65,1859.42,159.663,290.625
43,9,0,355.096,501.827,165.685,271.623
43,17,3,718.541,1236.07,248.476,426.818
44,1,3,924.087,1038.99,52.2837,144.447
44,6,3,1011.25,1091.83,28.3233,98.1671
44,8,3,1705.29,1857.79,159.952,290.625
44,9,0,353.173,500.673,162.656,274.075
44,17,3,642.542,1137.16,244.706,425.106
45,1,3,923.942,1040.67,51.0938,146.647
45,6,3,1010.43,1091.11,28.5757,98.0589
45,8,3,1705.14,1857.93,160.673,290.192
45,9,0,351.298,499.471,163.558,273.462
45,17,3,570.038,1074.9,242.758,425.329
46,1,3,923.942,1040.67,50.9495,146.935
46,6,3,1011.03,1090.5,28.3413,98.5817
46,8,3,1704.42,1858.65,160.312,289.976
46,9,0,351.298,499.471,163.558,273.462
46,17,3,492.143,1000.35,240.382,422.597
47,1,3,924.952,1039.66,52.9688,145.204
47,6,3,1010.87,1090.67,28.4135,98.0769
47,8,3,1705.48,1857.6,158.762,290.95
47,9,0,349.471,498.221,166.623,280.204
47,17,3,410.154,903.804,239.707,419.097
48,1,3,925.048,1039.57,52.9327,144.952
48,6,3,1010.53,1091.01,28.5397,98.0228
48,8,3,1705.62,1857.45,160.421,290.156
48,9,0,355.481,498.365,164.928,281.899
48,17,3,332.35,830.479,242.322,416.617
49,1,3,924.712,1039.9,52.9687,144.627
49,6,3,1010.91,1090.62,29.0625,97.6442
49,8,3,1706.88,1859.28,159.411,290.301
49,9,0,355.481,498.365,164.928,281.899
49,17,3,263.692,748.652,239.736,417.686
50,1,3,924.712,1039.9,53.0409,144.844
50,6,3,1010.02,1091.51,29.5673,97.6442
50,8,3,1706.15,1856.92,160.601,289.976
50,17,3,164.571,652.47,241.329,417.421
51,1,3,924.808,1039.81,52.9688,145.06
51,6,3,1010.6,1090.94,29.7476,97.4639
51,8,3,1703.08,1856.92,154.796,296.358
51,17,3,89.4995,577.935,239.319,418.796
51,18,3,1616.78,2194.58,252.97,465.637
52,1,3,925.288,1039.33,52.9327,144.952
52,6,3,1010.24,1091.3,28.7921,98.2031
52,8,3,1698.85,1876.54,152.452,281.106
52,17,3,21.2601,508.058,241.759,416.822
52,18,3,1564.91,2146.11,249.429,469.195
53,1,3,924.038,1040.58,51.3101,146.863
53,6,3,1010.38,1091.15,28.9904,97.9327
53,8,3,1714.23,1861.15,150.938,259.832
53,17,3,7.15769,393.094,237.741,424.049
53,18,3,1476.85,2035.65,242.496,462.396
54,1,3,923.75,1040.87,51.9591,146.647
54,3,3,1279.01,1348.68,0.955528,61.3522
54,6,3,1009.76,1090.24,29.5132,97.5541
54,8,3,1704.76,1855.24,150.252,260.517
54,17,3,0.288467,320.288,242.452,414.087
54,18,3,1415.46,1981.68,238.559,460.943
55,1,3,923.317,1041.3,51.9952,146.466
55,3,3,1277.79,1346.83,1.42428,59.1166
55,6,3,1009.25,1090.75,29.2608,97.6623
55,8,3,1664.86,1858.22,157.139,259.688
55,17,3,0.384617,253.077,243.678,412.861
55,18,3,1348.38,1968.73,233.541,460.062
56,1,3,924.423,1040.19,53.5096,144.663
56,3,3,1280.1,1350.67,1.33413,59.2067
56,6,3,1010.82,1090.72,29.8017,97.2656
56,8,3,1704.57,1855.43,148.486,287.091
56,9,0,353.221,503.702,162.26,274.183
56,17,3,1.00961,158.221,234.303,417.62
56,18,3,1261.32,1854.99,223.701,454.548
56,19,0,272.856,604.058,1358.19,1920
57,1,3,924.519,1040.1,53.5817,144.88
57,3,3,1280.1,1350.67,1.33413,59.2067
57,6,3,1010.29,1091.25,29.6935,97.518
57,8,3,1704.62,1855.38,148.918,288.389
57,9,0,351.923,502.692,162.404,273.75
57,17,3,1.00961,158.221,234.303,417.62
57,18,3,1199.91,1791.85,224.122,453.481
57,19,0,322.511,629.122,1290.77,1920
58,1,3,924.76,1039.86,53.5096,144.808
58,6,3,1010.05,1091.49,29.351,97.9327
58,8,3,1705.48,1857.6,153.966,293.438
58,9,0,351.731,502.115,162.043,272.091
58,18,3,1135.53,1734.16,215.337,451.4
58,19,0,356.923,663.16,1234.83,1912.14
59,1,3,924.808,1039.81,52.5721,144.014
59,6,3,1007.12,1091.35,30.1983,98.6719
59,8,3,1704.81,1858.27,156.13,293.005
59,9,0,351.731,502.115,162.043,272.091
59,18,3,1050.06,1643.45,210.421,451.279
59,19,0,408.776,695.548,1173.63,1814.27
60,1,3,924.375,1040.24,52.6082,143.834
60,6,3,1008.65,1091.35,30.018,98.7801
60,8,3,1706.88,1856.2,158.546,291.743
60,9,0,352.548,499.76,163.45,273.281
60,18,3,979.089,1565.56,207.212,445.518
60,19,0,435.831,725.134,1139.86,1759.96
61,1,3,923.125,1041.49,51.851,145.457
61,6,3,1007.69,1090.77,29.9459,98.4195
61,8,3,1705.38,1857.69,158.293,291.707
61,9,0,352.644,500.433,162.692,272.885
61,18,3,903.308,1498.44,204.454,440.358
61,19,0,464.588,741.452,1106.37,1706.51
62,1,3,923.558,1041.06,51.5264,145.06
62,6,3,1008.65,1089.81,29.7476,98.3293
62,8,3,1706.25,1856.83,159.663,291.202
62,9,0,352.644,500.433,162.692,272.885
62,18,3,812.431,1404.37,203.036,441.357
62,19,0,512.786,763.256,1055.62,1642.73
62,21,0,981.486,1268.81,1444.19,1911.7
63,1,3,923.51,1041.11,51.1659,144.7
63,6,3,1010.26,1089.74,29.1526,98.6358
63,8,3,1705.91,1857.16,159.014,291.274
63,9,0,351.779,499.76,163.99,272.452
63,18,3,748.221,1337.28,203.428,438.8
63,19,0,533.401,776.164,1022.21,1601.91
63,21,0,989.699,1265.21,1427.92,1912.51
64,1,3,924.712,1039.9,52.0312,143.69
64,6,3,1008.94,1089.52,29.6394,98.149
64,8,3,1705.48,1857.6,159.7,290.877
64,9,0,350.433,498.029,162.368,273.498
64,18,3,671.138,1260.77,202.315,436.626
64,19,0,546.091,796.989,993.571,1564.14
64,21,0,1002.19,1269.03,1402.74,1916.19
64,24,0,1679.61,2025.68,1498.23,1917.77
65,1,3,923.221,1041.39,51.3462,144.231
65,6,3,1010.82,1089.18,29.7837,98.0048
65,8,3,1705.53,1857.55,159.88,290.697
65,9,0,351.923,500.385,161.034,274.543
65,18,3,572.012,1162.8,200.389,433.104
65,19,0,572.218,812.446,970.046,1518.49
65,21,0,989.7,1283.7,1368.25,1917.55
65,24,0,1662.01,1998.42,1410.01,1914.94
66,1,3,923.51,1041.11,51.0938,145.06
66,6,3,1010.55,1089.45,29.1887,98.0949
66,8,3,1705.1,1857.98,159.519,290.769
66,9,0,351.923,500.385,161.034,274.543
66,18,3,499.292,1087.77,197.548,430.633
66,19,0,580.16,821.534,948.117,1488.46
66,21,0,1003.26,1282.36,1316.98,1916.82
66,24,0,1638.23,1972.77,1349.32,1914.55
67,1,3,923.846,1040.77,51.0938,145.349
67,6,3,1011.39,1090.14,28.8822,98.5457
67,8,3,1705.34,1857.74,160.276,290.589
67,18,3,418.112,1013.82,200.59,428.859
67,19,0,592.265,825.017,924.808,1465.15
67,21,0,1005.66,1281.44,1317.24,1917.2
67,24,0,1624.67,1943.02,1293.14,1916.88
67,26,3,1.00961,149.471,276.635,480.865
68,1,3,923.894,1040.72,50.9856,145.889
68,6,3,1011.3,1090.24,28.738,99.0505
68,8,3,1705.48,1857.6,159.88,290.697
68,18,3,315.236,906.887,198.058,427.305
68,19,0,600.3,832.938,906.735,1436.23
68,21,0,1002.34,1282.6,1292.81,1897.4
68,24,0,1602.85,1909.16,1228.28,1911.99
68,26,3,0,171.662,236.863,486.006
69,1,3,924.952,1039.66,52.6082,143.834
69,6,3,1009.47,1090.53,29.0264,98.8341
69,8,3,1705.62,1857.45,159.267,291.022
69,18,3,251.191,828.855,196.483,428.829
69,19,0,603.606,838.012,889.215,1417.42
69,21,0,1009.52,1277.21,1268.26,1878.44
69,24,0,1585.38,1888.27,1181.42,1843.28
69,26,3,0,182.212,240.657,484.802
70,1,3,923.894,1040.72,51.1298,145.889
70,6,3,1008.2,1090.26,28.8101,98.9784
70,8,3,1705.53,1857.55,159.195,290.805
70,18,3,167.771,755.105,194.49,430.667
70,19,0,612.28,833.967,877.551,1398.33
70,21,0,1014.5,1265.72,1255.83,1825.43
70,24,0,1569.99,1854.11,1144.5,1782.21
70,26,3,0,187.163,242.814,482.412
70,27,0,332.828,672.039,1551.5,1920
71,1,3,923.846,1040.77,51.2019,145.962
71,6,3,1009.38,1090.62,28.9183,98.9423
71,8,3,1705.82,1857.26,159.591,290.697
71,18,3,113.53,643.624,197.379,430.151
71,19,0,615.604,838.213,863.244,1380.98
71,21,0,1008.03,1279.54,1221.52,1808.61
71,24,0,1540.18,1826.46,1104.91,1709.02
71,26,3,0,225.442,249.501,476.681
71,27,0,378.249,677.821,1450.34,1920
71,28,0,4.18269,115.24,386.178,659.784
72,1,3,923.942,1040.67,50.8413,146.034
72,6,3,1009.28,1090.72,28.6839,99.2488
72,8,3,1705.62,1857.45,160.385,290.481
72,18,3,93.8503,552.861,199.315,424.595
72,19,0,618.886,837.536,857.899,1373.75
72,21,0,1025.44,1261.83,1197.56,1784.1
72,24,0,1528.26,1807.43,1065.23,1666.46
72,26,3,0,236.265,244.603,477.17
72,27,0,403.041,684.462,1399.94,1915.28
72,28,0,13.5096,137.067,399.663,671.106
73,1,3,924.087,1040.53,50.9856,146.034
73,6,3,1010.26,1089.74,28.6298,98.8702
73,8,3,1704.86,1858.22,160.096,290.481
73,18,3,28.7899,476.129,203.973,430.19
73,19,0,616.498,834.802,850.93,1358.66
73,21,0,1024.05,1262,1193.59,1776.12
73,24,0,1514.95,1792.56,1043.58,1628.1
73,26,3,5.12096,236.259,248.676,503.354
73,27,0,411.593,704.164,1340.82,1915.22
73,28,0,22.0211,155.28,389.51,686.822
74,1,3,924.423,1040.19,51.274,147.043
74,6,3,1009.57,1090.43,28.774,99.0144
74,8,3,1704.33,1858.75,159.014,290.986
74,18,3,0,378.06,189.976,438.313
74,19,0,615.998,835.37,849.948,1356.93
74,21,0,1015.34,1268.22,1184.19,1746.6
74,24,0,1505.41,1759.78,1008.77,1583.96
74,26,0,0,188.243,280.002,516.001
74,27,0,430.853,723.281,1272.71,1919.71
74,28,0,37.0446,182.014,407.47,705.837
75,1,3,924.231,1040.38,51.3462,146.827
75,6,3,1009.28,1090.72,28.9543,98.9784
75,8,3,1704.28,1858.8,158.942,291.058
75,18,3,0.384617,306.923,216.707,402.332
75,19,0,618.818,831.7,848.824,1355.93
75,21,0,1017.91,1267.04,1178.98,1737.29
75,24,0,1493.62,1748.68,990.596,1556.45
75,26,0,51.5867,272.221,284.898,518.946
75,27,0,446.985,725.885,1228.85,1919.26
75,28,0,56.2662,188.424,424.084,736.884
76,1,3,924.808,1039.81,53.2212,144.663
76,6,3,1008.22,1090.24,29.0084,98.7079
76,8,3,1704.42,1858.65,159.014,290.986
76,18,3,0.384617,306.923,216.707,402.332
76,19,0,617.138,832.845,849.021,1352.79
76,21,0,1019.85,1265.27,1160.1,1733.6
76,24,0,1480.32,1738.69,966.596,1530.8
76,26,3,0,244.282,228.163,479.505
76,27,0,463.664,746.403,1205.95,1900.17
76,28,0,55.243,190.766,465.05,757.788
77,1,3,924.856,1039.76,53.2933,144.591
77,6,3,1009.52,1090.48,29.2969,98.6358
77,8,3,1697.31,1868.85,164.171,287.272
77,19,0,612.713,834.536,849.998,1350.46
77,21,0,1022.73,1263.72,1142.89,1722.59
77,24,0,1469.4,1718.96,948.021,1509.47
77,26,3,2.06106,326.814,264.495,481.781
77,27,0,489.128,757.999,1172.13,1841.47
77,28,0,57.0432,198.378,492.897,789.92
78,1,3,925.048,1039.57,53.3654,144.663
78,6,3,1009.95,1090.05,29.2969,98.7801
78,8,3,1697.4,1868.75,163.846,287.308
78,19,0,615.815,834.412,852.487,1338.62
78,21,0,1020.52,1261.63,1138.87,1721.41
78,24,0,1453.68,1710.1,937.821,1489.76
78,26,3,1.07601,368.89,253.441,472.564
78,27,0,503.316,778.697,1150.53,1810.29
78,28,0,57.4921,188.301,505.674,832.447
78,29,0,1440.04,1726.24,1571.96,1920
78,30,0,310.261,549.465,292.953,511.003
79,1,3,924.231,1040.38,51.5625,146.466
79,6,3,1009.86,1090.14,29.2067,98.7981
79,8,3,1695.87,1867.21,163.558,287.308
79,19,0,616.831,835.188,854.2,1328.84
79,21,0,1019.49,1264.22,1137.42,1715.71
79,24,0,1445.64,1698.15,925.307,1479.95
79,26,3,5.47096,393.675,258.426,469.052
79,27,0,516.432,782.951,1125.81,1773.69
79,28,0,52.0923,186.528,525.973,855.953
79,29,0,1414.74,1702.07,1516.68,1919.94
79,30,0,398.276,634.318,293.692,512.276
80,1,3,924.231,1040.38,51.3101,146.575
80,6,3,1010.53,1091.01,29.0084,99.0685
80,8,3,1695.96,1867.12,163.846,287.308
80,19,0,614.596,840.656,857.187,1290.09
80,21,0,1018.82,1261.58,1141.69,1712.96
80,24,0,1444.01,1698.06,919.842,1467.75
80,26,3,1.7404,418.401,250.077,473.822
80,27,0,529.298,794.388,1102.18,1743.91
80,28,0,28.4819,178.822,549.754,906.46
80,29,0,1393.76,1687.9,1453.67,1892.38
80,30,0,513.462,755,301.082,503.149
81,1,3,924.808,1041.35,51.5264,146.358
81,6,3,1009.69,1090.31,29.2248,98.9964
81,8,3,1704.42,1858.65,159.014,290.986
81,19,0,614.055,841.277,859.082,1303.23
81,21,0,1016.89,1259.62,1141.5,1711.24
81,24,0,1443.07,1700.06,918.31,1462.22
81,26,3,2.49189,447.57,248.803,471.703
81,27,0,535.786,809.692,1090.79,1724
81,28,0,8.95835,164.45,579.325,941.141
81,29,0,1357.87,1708.07,1408.41,1920
81,30,0,607.664,849.865,295.604,510.798
82,1,3,924.279,1041.88,51.7428,145.853
82,6,3,1008.99,1091.01,29.0445,98.744
82,8,3,1695.77,1867.31,162.764,287.524
82,19,0,616.021,842.109,861.691,1289.97
82,21,0,1017.98,1259.42,1136.58,1709.24
82,24,0,1444.01,1698.81,921.513,1457.52
82,26,3,0,476.23,250.609,469.679
82,27,0,552.918,810.606,1073.52,1705.88
82,28,0,5.48058,143.037,603.404,991.125
82,29,0,1360.97,1684.97,1362.96,1920
82,30,0,706.731,950.192,297.188,496.659
83,1,3,923.894,1042.26,52.2115,145.962
83,6,3,1008.94,1091.06,29.1346,98.6539
83,8,3,1702.74,1857.26,157.788,291.058
83,19,0,616.685,845.577,861.859,1268.29
83,21,0,1015.88,1257.67,1132.46,1711.6
83,24,0,1449.41,1710.26,921.624,1470.2
83,26,3,1.89745,516.593,250.313,466.751
83,27,0,556.813,814.502,1053.08,1687.34
83,28,0,0.648251,110.908,644.344,1050.82
83,29,0,1367.89,1659.04,1308.95,1919.5
83,30,0,845.168,1090.7,291.373,510.812
84,1,3,928.606,1043.7,50.2284,146.358
84,6,3,1008.68,1091.32,29.2969,98.7801
84,8,3,1693.94,1866.06,163.377,286.623
84,19,0,617.322,847.334,857.268,1269.79
84,21,0,1014.9,1259.51,1136.24,1710.87
84,24,0,1449.38,1709.84,924.457,1455.25
84,26,3,1.14975,555.329,247.512,467.493
84,27,0,568.437,822.502,1051.72,1680.97
84,28,0,1.91912,82.2334,669.324,1086.87
84,29,0,1368.09,1647.74,1281.46,1913.16
84,30,0,945.71,1199.58,294.799,514.882
85,1,3,924.519,1041.63,51.3822,146.214
85,6,3,1010.29,1089.71,28.8822,98.9062
85,8,3,1693.85,1866.15,163.486,286.803
85,19,0,617.604,848.658,856.278,1273.21
85,21,0,1013.29,1259.22,1136.7,1711.88
85,24,0,1451.61,1708.29,920.743,1462.01
85,26,3,0.378704,579.172,246.079,463.789
85,27,0,565.977,825.054,1047.5,1674.25
85,28,0,1.70675,53.1078,720.236,1139.36
85,29,0,1374.69,1631.25,1257.4,1915.56
85,30,0,1050.6,1301.88,293.68,517.885
86,1,3,928.702,1043.61,49.9038,145.817
86,6,3,1009.86,1090.14,29.4231,98.5096
86,8,3,1694.47,1865.53,163.918,286.37
86,19,0,618.413,847.333,856.929,1278.41
86,21,0,1016.38,1264.66,1138.57,1710.96
86,24,0,1452.83,1708.26,919.827,1433.04
86,26,3,50.8936,619.185,241.911,462.214
86,27,0,556.477,814.165,1047.31,1675.79
86,28,0,1.70675,53.1078,720.236,1139.36
86,29,0,1363.9,1622.47,1232.47,1898.71
86,30,0,1194.72,1445.65,299.551,519.311
87,1,3,924.423,1040.19,52.8245,144.195
87,6,3,1010.7,1089.3,29.0084,98.8522
87,8,3,1703.56,1856.44,157.933,291.49
87,19,0,618.197,846.559,857.212,1272.21
87,21,0,1013.26,1259.73,1139.42,1712.92
87,24,0,1454.29,1706.37,920.593,1464.24
87,26,3,80.7102,662.053,239.748,460.671
87,27,0,558.411,812.476,1050.2,1675.31
87,29,0,1366.59,1630.65,1205.52,1845.84
87,30,0,1307.6,1553.94,317.163,521.683
88,1,3,924.519,1040.1,52.8245,144.05
88,6,3,1010.67,1089.33,29.5132,98.5637
88,8,3,1695.91,1867.16,163.738,286.262
88,19,0,617.015,846.27,856.029,1269.82
88,21,0,1012.82,1259.59,1142.88,1714.7
88,24,0,1456.62,1704.86,919.009,1475
88,26,3,117.071,688.842,240.641,454.532
88,27,0,568.939,801.776,1053.33,1674.04
88,29,0,1367.88,1626.71,1184.91,1832.78
88,30,0,1423.03,1663.53,307.726,528.238
89,1,3,924.712,1039.9,53.2212,144.663
89,6,3,1011.68,1089.86,28.3954,98.2392
89,8,3,1705.1,1857.98,156.382,292.464
89,19,0,617.063,847.693,858.664,1271.14
89,21,0,1012.64,1260.31,1150.75,1712.47
89,24,0,1460.37,1705.07,919.528,1479.75
89,26,3,170.729,734.461,235.356,451.319
89,27,0,568.475,802.881,1056.74,1675.64
89,29,0,1369.87,1618.54,1174.41,1829.36
89,30,0,1576.04,1813.03,319.876,534.86
90,1,3,924.567,1040.05,53.5096,144.519
90,6,3,1011.59,1089.95,28.738,97.6082
90,8,3,1702.64,1857.36,156.094,292.464
90,19,0,617.363,845.781,857.808,1275.5
90,21,0,1013.73,1263.96,1148.66,1712.04
90,24,0,1460.94,1703.8,919.021,1485.98
90,26,3,200.916,771.014,232.952,449.919
90,27,0,567.742,802.148,1057.6,1674.69
90,29,0,1371.63,1618.6,1173.29,1829.6
90,30,0,1689.5,1926.93,325.804,538.284
91,1,3,924.76,1039.86,53.2212,144.519
91,6,3,1012.12,1089.42,28.125,98.4375
91,8,3,1705.77,1857.31,157.536,291.31
91,19,0,617.07,846.298,859.185,1276.06
91,21,0,1014.47,1266.43,1153.29,1710.91
91,24,0,1461.76,1704.49,921.029,1489.79
91,26,3,243.614,805.422,234.366,444.786
91,27,0,567.799,801.148,1058.26,1675.95
91,29,0,1373.03,1624.14,1172.58,1821.8
91,30,0,1807.1,2028.31,327.097,545.68
92,1,3,923.894,1040.72,51.7067,146.322
92,6,3,1012.02,1089.52,28.0168,98.4736
92,8,3,1705,1858.08,157.897,291.815
92,19,0,617.837,845.059,858.372,1279.14
92,21,0,1014.35,1265.57,1153.05,1710.14
92,24,0,1458.77,1707.26,922.637,1479.18
92,26,3,298.378,854.726,225.521,439.62
92,27,0,568.58,798.929,1057.11,1680.87
92,29,0,1394.17,1614.26,1181.35,1801.45
92,30,0,1807.1,2028.31,327.097,545.68
93,1,3,924.76,1039.86,53.2212,144.663
93,6,3,1012.12,1089.42,28.143,97.9868
93,8,3,1705.05,1858.03,158.113,291.31
93,19,0,619.285,842.084,859.659,1282.64
93,21,0,1013.77,1263.69,1150.42,1711.32
93,24,0,1461.69,1706.14,923.897,1489.34
93,26,3,346.01,885.373,222.192,435.847
93,27,0,568.086,799.563,1058.83,1681.36
93,29,0,1366.96,1632.7,1179.63,1811.65
94,1,3,923.798,1040.82,51.9231,146.394
94,6,3,1011.15,1090.38,28.5757,98.0589
94,8,3,1705.05,1858.03,156.923,292.212
94,19,0,618.455,842.563,857.739,1288.32
94,21,0,1014.42,1261.13,1142.75,1711.65
94,24,0,1460.7,1707.44,925.789,1479.35
94,26,3,384.284,922.989,216.402,430.449
94,27,0,568.232,799.596,1059.98,1683.12
94,29,0,1392.86,1612.04,1189.74,1804.42
95,1,3,923.846,1040.77,51.5986,146.575
95,6,3,1011.15,1090.38,28.3413,98.149
95,8,3,1704.86,1858.22,158.401,291.599
95,19,0,614.897,845.303,859.689,1280.61
95,21,0,1015.44,1262.84,1138.12,1712.75
95,24,0,1461,1708.28,924.618,1481.97
95,26,3,444.378,965.903,215.665,426.368
95,27,0,566.356,798.852,1062.53,1686.28
95,29,0,1370.64,1624.33,1184.27,1816.9
96,1,3,923.462,1041.15,51.4904,146.394
96,6,3,1012.12,1090.96,27.9808,98.0769
96,8,3,1704.71,1858.37,159.591,290.986
96,19,0,616.198,845.453,861.085,1280.98
96,21,0,1015.72,1264.72,1138.9,1712.96
96,24,0,1462.09,1707.69,923.204,1484.66
96,26,3,485.918,997.294,210.335,420.396
96,27,0,565.436,799.156,1062.32,1687.29
96,29,0,1355.59,1630.97,1184.23,1817.56
97,1,3,924.327,1040.29,53.0409,144.988
97,6,3,1012.62,1088.92,27.9988,98.131
97,8,3,1705.38,1857.69,160.24,290.625
97,19,0,619.357,842.974,861.148,1296.97
97,21,0,1013.97,1264.56,1141.28,1713.67
97,24,0,1463.3,1708.48,924.567,1487.25
97,26,3,527.108,1030.25,205.181,415.627
97,27,0,564.122,797.187,1064.38,1689.35
97,29,0,1358.23,1628.41,1182.13,1818.36
98,1,3,924.471,1040.14,53.0048,144.88
98,6,3,1011.15,1088.85,28.6118,97.518
98,8,3,1705.43,1857.64,161.466,290.553
98,19,0,619.835,845.069,861.52,1299.42
98,21,0,1012.42,1262.34,1141.7,1712.97
98,24,0,1463.94,1708.43,924.529,1486.53
98,26,3,588.707,1061.05,204.081,406.243
98,27,0,552.935,811.632,1064.9,1692.53
98,29,0,1358.26,1633.24,1181.56,1822.2
99,1,3,924.135,1040.48,52.3558,143.798
99,6,3,1012.36,1089.18,28.5036,96.9772
99,8,3,1705.62,1857.45,161.106,290.625
99,19,0,619.506,847.617,863.398,1292.2
99,21,0,1011.46,1263.24,1144.78,1712.99
99,24,0,1461.03,1707.8,925.997,1474.71
99,26,3,623.609,1092.87,199.282,400.312
99,27,0,564.157,796.625,1067.83,1689.76
99,29,0,1349.07,1635.98,1181,1818.95
100,1,3,924.615,1040,51.9952,143.438
100,6,3,1012.62,1088.92,27.9808,96.9231
100,8,3,1704.9,1858.17,160.745,290.409
100,19,0,617.864,848.748,862.463,1288.55
100,21,0,1012.23,1262.82,1145.75,1713.13
100,24,0,1460.08,1706.94,921.951,1470.93
100,26,3,663.58,1126.5,193.998,391.164
100,27,0,564.712,798.375,1070.53,1689.43
100,29,0,1361.75,1637.94,1182.31,1826.16
101,1,3,923.99,1040.62,52.5721,143.582
101,6,3,1010.24,1089.76,29.0445,96.869
101,8,3,1706.44,1859.71,159.339,290.949
101,19,0,617.342,848.226,860.497,1294.25
101,21,0,1011.48,1262.07,1144.12,1711.64
101,24,0,1455.01,1708.2,913.565,1430.55
101,26,3,716.285,1152.01,190.86,385.776
101,27,0,564.321,797.443,1068.54,1688.04
101,29,0,1358.75,1641.49,1178.22,1823.02
101,31,0,352.692,498.077,163.522,273.209
102,1,3,923.942,1040.67,52.7885,143.51
102,6,3,1010.55,1089.45,29.1887,97.0853
102,8,3,1704.23,1858.85,160.24,290.625
102,19,0,617.232,847.329,860.715,1291.3
102,21,0,1011.79,1262.95,1140.29,1712.68
102,24,0,1459.83,1701.61,908.157,1438.17
102,26,3,753.64,1175.29,189.905,378.871
102,27,0,553.728,811.039,1065.22,1692.28
102,29,0,1356.56,1625.96,1180.93,1829.84
102,31,0,352.981,499.327,163.738,273.281
103,1,3,924.231,1040.38,52.4279,143.293
103,6,3,1012.12,1087.88,28.9002,96.869
103,8,3,1705.43,1857.64,158.834,291.743
103,19,0,618.152,845.346,860.104,1293.85
103,21,0,1011.57,1261.3,1134.33,1713.47
103,24,0,1444.34,1693.56,898.677,1431.81
103,26,3,793.152,1197.76,186.093,373.954
103,27,0,553.808,811.497,1064.03,1693.04
103,29,0,1346.06,1633.53,1185.33,1829.58
103,31,0,354.663,497.644,164.675,273.209
104,1,3,925.481,1039.13,51.4904,143.798
104,6,3,1013.37,1088.17,27.512,97.0312
104,8,3,1702.36,1860.72,155.661,292.608
104,19,0,617.859,845.108,860.192,1276.05
104,21,0,1013.08,1259.79,1131.96,1716.21
104,24,0,1440.27,1683.78,883.598,1397.81
104,26,3,846.103,1225.5,184.5,364.635
104,27,0,555.997,810.435,1067.31,1697.09
104,29,0,1325.3,1612.49,1180.83,1838.51
104,31,0,352.356,499.183,163.846,272.885
105,1,3,925.577,1039.04,52.0673,144.231
105,6,3,1012.64,1088.89,27.5301,97.3738
105,8,3,1701.11,1858.89,155.337,292.356
105,19,0,617.646,844.674,860.868,1279.48
105,21,0,1012.48,1260,1131.44,1716.25
105,24,0,1434.7,1674.46,871.682,1380.28
105,26,3,877.669,1244.5,178.408,361.425
105,27,0,557.815,810.15,1068.55,1697.14
105,29,0,1356.67,1620.09,1178.62,1835.97
105,31,0,350.962,499.808,163.918,271.947
105,32,0,1789.71,1977.22,329.684,549.659
106,1,3,925.673,1038.94,51.7788,143.798
106,6,3,1013.17,1088.37,27.9447,97.3918
106,8,3,1700.29,1859.71,155.228,292.176
106,19,0,617.837,843.731,860.632,1285.89
106,21,0,1010.8,1259.93,1141.19,1715.25
106,24,0,1431.71,1667.38,855.42,1384.14
106,26,3,903.344,1256.89,178.111,355.108
106,27,0,567.334,799.207,1072.99,1693.1
106,29,0,1334.02,1600.41,1174.16,1842.19
106,31,0,352.212,501.635,163.63,271.37
106,32,0,1743.93,1947.18,331.259,549.203
106,33,0,3.99039,99.2789,379.976,636.562
107,1,3,925.865,1038.75,52.2115,143.221
107,6,3,1013.17,1088.37,28.143,96.7608
107,8,3,1701.06,1858.94,156.274,291.707
107,19,0,617.033,843.95,861.721,1285.42
107,21,0,1009.54,1257.88,1147.36,1712.67
107,24,0,1420.23,1654.06,831.499,1307.3
107,26,3,948.654,1275.96,167.596,343.558
107,27,0,567.125,798.347,1072.06,1693.38
107,29,0,1353.5,1617.81,1183.12,1833.13
107,31,0,350.192,499.808,164.567,271.875
107,32,0,1679.99,1883.87,339.996,556.984
107,33,0,4.08654,122.163,393.606,648.317
108,1,3,925,1039.62,50.2644,145.601
108,6,3,1013.37,1089.71,27.2596,96.6346
108,8,3,1699.71,1860.29,155.337,291.49
108,19,0,615.805,845.424,863.368,1272.93
108,21,0,1008.91,1254.24,1150.77,1713.32
108,24,0,1410.09,1651.67,816.882,1282.91
108,26,3,980.288,1293.56,162.909,341.611
108,27,0,566.37,798.668,1074.99,1694.49
108,29,0,1361.98,1612.47,1176.8,1837.29
108,31,0,352.212,500.096,164.351,272.957
108,32,0,1633.85,1836.54,341.5,562.984
108,33,0,9.23077,138.846,400.817,660.144
109,1,3,925.096,1039.52,49.7596,145.817
109,6,3,1014.88,1089.74,26.8269,97.0673
109,8,3,1701.11,1858.89,155.264,291.851
109,19,0,614.969,845.628,863.641,1263.23
109,21,0,1009.13,1252.91,1144.19,1712.67
109,24,0,1415.81,1637.23,804.014,1232.5
109,26,3,1004.81,1305.96,162.115,332.308
109,27,0,554.719,810.777,1070.79,1699.19
109,29,0,1360.83,1609.86,1183.21,1839.36
109,31,0,353.606,500.24,163.846,273.173
109,32,0,1591.09,1792.64,340.147,569.444
109,33,0,22.9327,157.452,410.048,673.413
110,1,3,924.952,1039.66,49.976,146.034
110,6,3,1013.12,1089.95,27.4399,97.6082
110,8,3,1702.16,1860.91,155.517,291.31
110,19,0,614.684,842.683,865.147,1271.62
110,21,0,1009.11,1251.13,1138.62,1714.37
110,24,0,1411.03,1623.42,777.55,1204.42
110,26,3,1035.48,1318.37,156.49,325.529
110,27,0,552.702,811.273,1072.2,1697.38
110,29,0,1362.29,1609.02,1182.11,1839.54
110,31,0,352.5,501.346,162.368,272.921
110,32,0,1529.26,1732.15,347.73,576.356
110,33,0,43.4615,168.654,422.524,679.399
111,1,3,925.721,1040.43,50.3726,146.358
111,6,3,1012.67,1090.41,27.0613,97.482
111,8,3,1704.28,1858.8,156.707,290.697
111,19,0,615.193,841.667,865.852,1274.82
111,21,0,1007.68,1250.56,1148.56,1715.8
111,24,0,1407.92,1617.02,758.543,1193.14
111,26,3,1061.83,1332.02,159.014,318.966
111,27,0,551.548,811.004,1073,1697.35
111,29,0,1361.02,1610.17,1183.75,1838.3
111,31,0,352.115,501.731,162.548,272.163
111,32,0,1482.18,1686.71,350.129,582.469
111,33,0,48.3173,173.99,424.183,701.394
112,1,3,924.375,1040.24,50.9135,146.394
112,6,3,1011.73,1091.35,26.5926,98.0228
112,8,3,1705.96,1860.19,157.067,290.913
112,19,0,614.179,841.623,866.154,1273.33
112,21,0,1006.61,1252.29,1157.93,1714.47
112,24,0,1414.88,1615.85,736.057,1168.49
112,26,3,1083.85,1342.31,153.894,313.413
112,27,0,550.725,811.069,1072.27,1697.69
112,29,0,1362.23,1612.85,1183.46,1837.14
112,31,0,353.365,501.25,163.089,273.642
112,32,0,1434.67,1635.69,355.03,590.971
112,33,0,53.6538,175.962,441.13,717.909
113,1,3,925.481,1040.67,51.3101,146.575
113,6,3,1012.64,1091.97,26.3762,97.9507
113,8,3,1704.71,1858.37,158.726,290.409
113,19,0,613.131,841.242,864.005,1276.68
113,21,0,1008.81,1252.02,1156.47,1713.83
113,24,0,1416.39,1610.43,707.276,1131.08
113,26,3,1107.79,1349.13,147.26,311.394
113,27,0,549.024,811.41,1069.85,1697.87
113,29,0,1360.61,1613.07,1181.68,1837.59
113,31,0,353.125,499.952,162.981,272.885
113,32,0,1370.8,1576.78,364.518,605.878
113,33,0,44.3312,180.884,457.662,746.743
114,1,3,924.567,1040.05,51.3462,146.827
114,6,3,1012.31,1092.31,26.3582,97.7524
114,8,3,1704.09,1858.99,157.752,290.805
114,19,0,613.42,842.061,863.839,1281.79
114,21,0,1009.32,1252.85,1160.36,1713.65
114,24,0,1416.97,1605.73,686.552,1101.96
114,26,3,1128.27,1356.35,145.529,308.51
114,27,0,549.056,811.442,1069.99,1698.01
114,29,0,1364.23,1611.68,1182.74,1838.17
114,31,0,352.885,500.962,162.981,271.731
114,32,0,1328.11,1530.2,368.158,614.278
114,33,0,42.1071,180.168,465.253,763.511
115,1,3,924.231,1040.38,51.7428,146.719
115,6,3,1012.21,1092.4,25.9976,97.7524
115,8,3,1704.62,1858.46,158.69,290.445
115,19,0,613.882,842.69,864.488,1281.57
115,21,0,1008.85,1252.56,1156.82,1713.63
115,24,0,1421.73,1617.32,667.853,1062.5
115,26,3,1140.1,1364.52,140.553,298.486
115,27,0,549.679,810.914,1070.38,1697.9
115,29,0,1365.31,1610.6,1182.31,1835.43
115,31,0,352.019,501.058,162.837,271.875
115,32,0,1281.63,1482.55,372.553,626.982
115,33,0,36.2845,178.381,479.029,780.655
116,1,3,924.038,1040.58,51.5264,146.358
116,6,3,1012.16,1090.91,25.5649,97.5361
116,8,3,1704.28,1858.8,158.077,290.481
116,19,0,614.586,843.394,865.564,1282.7
116,21,0,998.36,1275.49,1143.71,1720.72
116,24,0,1431.52,1624.66,639.857,1027.2
116,26,3,1154.13,1372.02,139.615,297.692
116,27,0,549.691,811.31,1072.09,1698.35
116,29,0,1367.62,1609.58,1183.97,1838.12
116,31,0,352.596,499.712,162.764,273.389
116,32,0,1217.03,1420.06,382.321,639.246
116,33,0,25.4881,178.382,499.579,815.218
117,1,3,924.183,1040.43,51.274,146.611
117,6,3,1012.14,1092.48,24.8978,97.4099
117,8,3,1704.42,1858.65,159.014,289.832
117,19,0,614.224,844.602,865.047,1280.35
117,21,0,1006.97,1260.34,1153.86,1711.35
117,24,0,1437.87,1629.64,619.837,992.5
117,26,3,1171.44,1371.63,134.928,288.534
117,27,0,550.095,811.458,1072.95,1698.09
117,29,0,1365.29,1609.38,1184.79,1835.52
117,31,0,352.644,500.433,162.368,273.209
117,32,0,1170.43,1370.56,387.346,653.465
117,33,0,9.75983,163.891,511.389,842.458
118,1,3,924.808,1041.35,51.0216,146.286
118,6,3,1011.63,1091.44,24.6454,97.2296
118,8,3,1705.05,1858.03,160.385,289.615
118,19,0,614.449,844.377,866.482,1278.35
118,21,0,1004.8,1258.05,1155.76,1708.77
118,24,0,1450.69,1633.81,602.89,964.706
118,26,3,1184.81,1370.58,132.692,276.923
118,27,0,549.086,810.96,1072.2,1698.53
118,29,0,1359.44,1609.81,1183.51,1834.63
118,31,0,351.202,499.567,163.017,271.983
118,32,0,1123.88,1323.02,395.949,666.853
118,33,0,4.73541,148.366,530.268,873.707
119,1,3,924.519,1041.63,50.4087,146.178
119,6,3,1011.8,1091.27,25.1683,98.2933
119,8,3,1703.94,1856.06,158.293,291.418
119,19,0,616.155,844.629,866.489,1280.58
119,21,0,1006.11,1249.94,1155.08,1713.79
119,24,0,1470.82,1640.02,574.142,937.661
119,26,3,1203.75,1367.02,126.995,269.639
119,27,0,549.997,810.596,1071.8,1695.73
119,29,0,1355.89,1613.2,1185.33,1839
119,31,0,351.202,499.567,163.017,271.983
119,32,0,1055.88,1255.74,405.182,691.734
119,33,0,0.522618,134.991,554.143,906.521
120,1,3,924.519,1041.63,50.3726,146.214
120,6,3,1011.06,1090.48,25.006,98.3113
120,8,3,1703.94,1856.06,158.401,291.599
120,19,0,616.817,842.904,866.144,1283.79
120,21,0,1007.54,1245.78,1147.44,1714.4
120,24,0,1478.45,1648.89,558.892,908.976
120,26,3,1206.73,1371.73,121.514,264.447
120,27,0,550.417,811.015,1071.98,1696.13
120,29,0,1357.52,1613.2,1184.21,1836.61
120,32,0,1003.99,1212.45,416.054,700.306
120,33,0,0,119.976,571.996,940.858
121,1,3,924.567,1041.59,50.0841,146.214
121,6,3,1011.97,1089.57,25.8353,99.0685
121,8,3,1703.65,1856.35,157.644,291.49
121,19,0,617.706,841.515,864.071,1287.05
121,21,0,1006.56,1246.09,1148.61,1712.81
121,24,0,1484.68,1657.64,543.901,884.564
121,26,3,1208.56,1376.06,118.341,258.389
121,27,0,549.63,810.611,1072.35,1695.9
121,29,0,1357.5,1612.81,1182.7,1832.8
121,31,0,353.125,499.183,163.594,272.849
121,32,0,957.58,1160.17,424.055,717.904
121,33,0,1.19967,101.25,595.566,982.106
122,1,3,924.856,1041.3,49.6514,146.358
122,6,3,1011.68,1091.39,24.6274,97.7524
122,8,3,1703.51,1856.49,156.995,291.562
122,19,0,617.251,843.393,865.083,1287.13
122,21,0,1008.57,1246.41,1144.67,1711.9
122,24,0,1507.43,1677.25,525.665,852.199
122,26,3,1217.88,1375.96,113.798,248.798
122,27,0,550.108,810.453,1071.43,1696.01
122,29,0,1357.06,1614.5,1182.92,1833.09
122,31,0,352.115,499.423,163.197,273.245
122,32,0,887.694,1094.96,436.159,738.817
122,33,0,1.71955,71.7026,572.506,1006.47
123,1,3,925.433,1039.18,51.6707,145.349
123,6,3,1011.18,1090.36,24.1587,98.6539
123,8,3,1703.27,1856.73,156.851,291.995
123,19,0,614.946,846.423,868.095,1281.38
123,21,0,1009.19,1248.19,1144.23,1711.19
123,24,0,1522.1,1688.15,516.728,829.719
123,26,3,1218.75,1373.56,111.13,244.832
123,27,0,550.095,811.458,1071.03,1696.33
123,29,0,1357.19,1614.88,1180.28,1834.91
123,31,0,352.115,499.423,163.197,273.245
123,32,0,833.355,1043.04,448.559,753.741
123,33,0,3.10096,45.4087,663.75,1004.71
124,1,3,924.952,1041.2,49.9038,146.25
124,6,3,1011.11,1090.43,24.8077,97.5
124,8,3,1702.79,1857.21,156.13,292.139
124,19,0,616.769,844.074,867.964,1283.57
124,21,0,1008.25,1249.66,1144.39,1711.08
124,24,0,1535.99,1712.49,502.064,807.245
124,26,3,1219.76,1372.55,106.623,236.647
124,27,0,551.018,810.474,1073.8,1694.73
124,29,0,1356.35,1615.68,1179.1,1834.85
124,32,0,787.061,991.988,455.813,777.48
124,33,0,3.10096,45.4087,663.75,1004.71
125,1,3,924.087,1040.53,50.1202,146.178
125,6,3,1010.75,1090.79,24.3029,97.7163
125,8,3,1703.65,1859.42,155.913,292.356
125,19,0,612.412,845.221,870.227,1278.25
125,21,0,1006.66,1252.77,1146.65,1710.57
125,24,0,1564.16,1729.2,482.988,784.466
125,26,3,1220.87,1372.98,102.115,233.077
125,27,0,550.147,812.405,1074.76,1695.84
125,29,0,1356.84,1614.91,1181,1833.88
125,31,0,351.058,498.942,163.45,273.57
125,32,0,713.149,927.675,476.2,802.176
125,35,0,1100.1,1132.21,50.7332,141.526
126,1,3,924.856,1041.3,49.399,146.034
126,6,3,1011.85,1088.15,23.7079,97.4459
126,8,3,1700.96,1859.04,154.832,292.572
126,19,0,614.261,847.155,871.166,1279.73
126,21,0,1007.41,1253.16,1150.59,1710.95
126,24,0,1580.2,1747.35,470.822,767.156
126,26,3,1222.21,1374.71,101.07,228.065
126,27,0,552.043,811.879,1075.44,1695.73
126,29,0,1357.14,1614.07,1180.86,1834.61
126,31,0,350.721,499.279,169.832,276.707
126,32,0,668.237,874.671,490.226,828.237
126,35,0,1096.83,1127.79,54.3389,144.555
127,1,3,924.856,1041.3,49.7596,146.25
127,6,3,1010.94,1087.52,24.6274,97.8245
127,8,3,1704.28,1855.72,147.043,291.418
127,19,0,612.768,844.414,869.74,1274.39
127,21,0,1007.99,1253.05,1150.26,1710.76
127,24,0,1604.72,1767.43,463.511,749.084
127,26,3,1226.11,1372.36,96.9952,220.312
127,27,0,564.975,799.438,1077.5,1692.18
127,29,0,1358.58,1613.26,1179.9,1834.77
127,31,0,350.721,499.279,169.832,276.707
127,32,0,614.703,825.106,510.675,848.501
127,35,0,1093.47,1123.45,56.25,143.942
128,1,3,924.952,1041.2,49.6514,146.214
128,6,3,1011.15,1085.77,25.4207,99.7716
128,8,3,1703.03,1856.97,157.5,290.769
128,19,0,614.389,843.729,869.137,1282.62
128,21,0,1007.03,1252.78,1143.47,1710.57
128,24,0,1633.13,1804.03,452.411,723.646
128,26,3,1228.7,1372.84,96.5625,216.13
128,27,0,565.076,799.081,1075.37,1692.46
128,29,0,1356.59,1614.41,1177.99,1837.03
128,32,0,550.232,767.765,524.956,884.657
128,35,0,1088.88,1120.35,57.7284,151.118
129,1,3,924.76,1041.39,49.6514,145.637
129,6,3,1010.55,1084.83,25.4026,98.4916
129,8,3,1704.13,1855.87,147.728,291.31
129,19,0,611.569,843.867,870.322,1275.76
129,21,0,1005.76,1253.49,1147.6,1710.15
129,24,0,1662.63,1825.06,445.094,711.343
129,26,3,1230.96,1372.12,94.0745,211.406
129,27,0,565.159,799.05,1076.28,1692.76
129,29,0,1355.51,1616.36,1177.56,1834.59
129,31,0,351.154,499.615,169.471,277.356
129,32,0,502.325,720.336,546.771,913.231
129,35,0,1087.03,1117.58,60.3966,153.209
130,1,3,924.327,1041.83,49.9399,145.925
130,6,3,1009.81,1091.73,25.1683,99.4471
130,8,3,1704.18,1855.82,146.935,291.815
130,19,0,610.406,845.614,868.284,1274.56
130,21,0,1005.67,1253.16,1148,1710
130,24,0,1684.12,1849.32,430.989,700.376
130,26,3,1234.09,1373.61,85.3125,206.755
130,27,0,554.644,811.202,1072.5,1695.56
130,29,0,1355.27,1615.61,1177.43,1833.74
130,31,0,351.49,499.279,162.8,273.065
130,32,0,457.894,676.999,565.823,947.137
130,35,0,1082.13,1114.8,61.5505,152.921
131,1,3,924.567,1041.59,50.2644,145.889
131,6,3,1011.88,1088.12,26.0877,98.6719
131,8,3,1702.26,1857.74,156.13,291.851
131,19,0,619.162,841.88,868.498,1276.72
131,21,0,1005.56,1254.08,1146.65,1711.26
131,24,0,1723.81,1887.16,421.925,684.238
131,26,3,1237.07,1370.62,82.4279,205.168
131,27,0,551.321,813.068,1072.28,1695.25
131,29,0,1358.19,1614.63,1177.16,1830.59
131,31,0,351.49,499.279,162.8,273.065
131,32,0,390.286,619.681,599.075,995.361
131,35,0,1077.4,1110.29,60.8654,155.769
131,37,3,1179.5,1243.58,3.60577,63.3534
132,1,3,924.135,1042.02,50.4447,145.709
132,6,3,1012.74,1093.41,26.1058,100.168
132,8,3,1704.33,1858.75,156.887,291.671
132,19,0,614.228,843.092,868.59,1276.31
132,21,0,1005.69,1253.49,1154.31,1710.58
132,24,0,1752.1,1914.34,414.347,671.336
132,26,3,1238.17,1371.06,79.5433,195.649
132,27,0,550.135,813.034,1073.46,1695.42
132,29,0,1356.43,1615.76,1177.47,1825.89
132,31,0,351.827,497.404,162.837,272.452
132,32,0,343.475,571.586,622.039,1032.41
132,35,0,1071.71,1105.22,66.3822,161.791
132,37,3,1178.27,1243.27,3.94832,64.9579
133,1,3,927.788,1046.06,48.75,144.952
133,6,3,1011.25,1094.9,25.8714,99.1767
133,8,3,1703.08,1856.92,157.031,291.815
133,19,0,613.868,842.37,869.133,1271.76
133,21,0,1006.78,1253.76,1150.15,1712.43
133,24,0,1772.67,1942.73,402.739,666.143
133,26,3,1239.66,1368.03,78.0289,191.683
133,27,0,549.639,813.309,1073.57,1695.14
133,29,0,1357.08,1617.17,1177.9,1824.75
133,31,0,351.827,497.404,162.837,272.452
133,32,0,290.473,531.289,650.285,1081.19
133,35,0,1067.21,1103.56,70.0961,162.837
133,37,3,1175.24,1241.68,4.32692,65.0481
134,1,3,924.952,1041.2,50.3726,146.502
134,6,3,1009.57,1091.97,26.881,99.3209
134,8,3,1704.33,1858.75,157.536,291.31
134,19,0,614.013,842.766,869.374,1274.46
134,21,0,1005.21,1256.61,1156.55,1711.73
134,24,0,1817.8,1984.13,394.062,655.735
134,26,3,1239.33,1365.29,73.3774,185.084
134,27,0,563.195,798.777,1078.62,1689.71
134,29,0,1360.77,1614.83,1177.69,1827.14
134,31,0,350.865,497.596,165.649,271.659
134,32,0,229.311,465.095,690.496,1134.42
134,35,0,1062.54,1099,72.3678,162.584
134,37,3,1174.28,1239.57,5.01202,65.5889
135,1,3,924.615,1041.54,50.6611,146.647
135,6,3,1010.72,1089.28,26.9892,100.439
135,8,3,1704.76,1858.32,158.113,290.733
135,19,0,614.142,841.419,868.221,1273.81
135,21,0,1005.42,1255.89,1147.57,1709.29
135,24,0,1851.11,2013.39,376.043,649.138
135,26,3,1242.07,1364.09,71.3221,180.072
135,27,0,551.797,811.887,1073.83,1693.05
135,29,0,1363.26,1616.33,1177.27,1828.87
135,31,0,350.817,498.413,170.517,276.31
135,32,0,183.306,417.999,719.598,1184.94
135,35,0,1058.98,1096.41,76.1178,166.767
135,37,3,1174.57,1239.28,5.84135,70.3846
136,1,3,929.279,1044.57,48.8942,146.25
136,6,3,1009.23,1090.77,27.0072,101.358
136,8,3,1705.38,1860.77,157.897,291.526
136,19,0,613.926,843.014,868.277,1273.86
136,21,0,1005.68,1257.21,1148.46,1708.81
136,24,0,1878.02,2053.31,384.683,659.988
136,26,3,1241.97,1362.64,69.0865,177.115
136,27,0,551.548,811.511,1075.41,1693.69
136,29,0,1360.86,1616.3,1176.07,1828.63
136,31,0,349.615,496.538,169.651,277.464
136,32,0,119.588,351.943,755.042,1240.46
136,35,0,1054.07,1092.08,77.2356,168.245
136,37,3,1174.25,1238.05,4.95793,72.2776
137,1,3,925.096,1039.52,52.2115,144.663
137,6,3,1007.88,1090.58,27.4399,105.252
137,8,3,1703.51,1859.57,157.103,291.454
137,19,0,614.051,845.274,868.577,1275.85
137,21,0,1007.18,1256.65,1141.32,1710.78
137,24,0,1926.86,2106.75,381.593,640.66
137,26,3,1242.79,1363.37,65.2284,172.175
137,27,0,562.581,798.451,1077.62,1688.71
137,29,0,1363.08,1617.27,1174.8,1829.03
137,31,0,349.615,496.538,169.651,277.464
137,32,0,29.9106,281.192,806.806,1320.26
137,35,0,1051.49,1088.51,78.4976,172.175
137,37,3,1175.38,1236.92,5.82332,71.7728
138,1,3,925.288,1039.33,51.9952,144.736
138,6,3,1007.81,1092.19,26.6827,108.173
138,8,3,1704.18,1858.89,158.077,290.769
138,19,0,614.339,847.148,868.705,1276.92
138,21,0,1007.14,1256.15,1141.87,1711.89
138,24,0,1952.14,2139.02,384.376,632.608
138,26,3,1243.65,1364.04,62.9928,167.055
138,27,0,552.145,810.969,1073.96,1693.26
138,29,0,1362.44,1615.89,1175.59,1829.83
138,32,0,0,223.673,849.718,1391.51
138,35,0,1048.92,1086.47,78.7861,173.185
138,37,3,1172.86,1237.91,8.70793,74.5853
139,1,3,923.894,1040.72,50.5529,146.611
139,6,3,1006.2,1092.26,26.7188,110.445
139,8,3,1704.42,1858.65,159.159,290.264
139,19,0,614.645,847.311,868.018,1277.53
139,21,0,1007.36,1257.04,1135.25,1712.69
139,24,0,1989.93,2207.7,359.699,628.692
139,26,3,1244.9,1364.33,59.1346,160.096
139,27,0,562.771,798.324,1075.34,1689.42
139,29,0,1358.09,1614.53,1178.13,1831.09
139,31,0,349.519,497.404,172.103,276.454
139,32,0,0.926237,153.001,892.128,1433.13
139,35,0,1044.93,1082.76,79.3269,177.26
139,37,3,1169.86,1237.84,10.4748,76.7127
140,1,3,927.74,1047.64,48.6058,145.385
140,6,3,1007.12,1091.35,26.7548,108.822
140,8,3,1702.74,1857.26,157.175,291.094
140,19,0,614.642,847.337,867.908,1277.22
140,21,0,1009.3,1258.19,1129.89,1713
140,24,0,1989.93,2207.7,359.699,628.692
140,26,3,1248.56,1359.13,62.3798,155.697
140,27,0,562.658,799.046,1075.37,1691.26
140,29,0,1354.55,1617.58,1180.11,1831.71
140,31,0,348.365,497.788,171.671,276.599
140,32,0,2.9733,69.0381,969.144,1511.07
140,35,0,1041.48,1080.06,85.3125,181.226
140,37,3,1169.23,1236.92,10.3486,75.9014
141,1,3,928.365,1047.02,48.2812,144.988
141,6,3,1006.44,1090.48,26.5385,103.846
141,8,3,1703.08,1856.92,158.257,290.012
141,19,0,614.432,846.305,868.193,1273.58
141,21,0,1010.02,1258.54,1127.11,1714.79
141,26,3,1251.92,1358.85,58.1611,153.137
141,27,0,562.506,798.433,1076.19,1691.47
141,29,0,1355.81,1617.18,1179.39,1834.66
141,31,0,350.481,495.673,172.644,276.779
141,32,0,2.9733,69.0381,969.144,1511.07
141,35,0,1037.36,1074.95,85.9615,183.894
141,37,3,1168.39,1236.23,9.80769,77.3077
142,1,3,927.163,1048.22,48.8582,144.411
142,6,3,1007.45,1091.01,26.2861,103.233
142,8,3,1705.05,1858.03,159.7,289.724
142,19,0,614.869,845.95,868.006,1272.9
142,21,0,1009.73,1258.92,1122.65,1712.62
142,26,3,1252.21,1358.56,57.5841,151.262
142,27,0,561.6,798.018,1074.97,1692.06
142,29,0,1358.92,1614.72,1178.48,1833.11
142,31,0,350.24,494.375,172.356,275.913
142,35,0,1035,1074.23,87.2596,185.048
142,37,3,1167.84,1235.24,13.0168,79.6514
143,1,3,927.885,1047.5,48.2452,144.014
143,6,3,1007.36,1089.57,26.4303,102.368
143,8,3,1703.03,1856.97,159.555,289.868
143,19,0,614.632,843.105,867.3,1274.87
143,21,0,1009.56,1258.26,1123.26,1711.51
143,26,3,1253.51,1358.8,52.3918,147.8
143,27,0,562.288,797.985,1074.72,1692.41
143,29,0,1360.51,1613.09,1180.07,1838.15
143,31,0,350.24,494.375,172.356,275.913
143,35,0,1031.26,1070.28,86.3582,188.546
143,37,3,1165.5,1237.57,12.9447,80.7332
144,1,3,926.442,1048.94,51.3461,141.923
144,6,3,1007.84,1090.63,26.2861,100.349
144,8,3,1703.08,1856.92,159.627,289.507
144,19,0,614.718,841.911,867.52,1273.1
144,21,0,1008.95,1258.99,1124.18,1712.43
144,26,3,1252.74,1358.03,50.4808,144.375
144,27,0,560.988,797.955,1075.09,1691.57
144,29,0,1362.33,1612.45,1180.76,1840.12
144,31,0,349.038,498.654,170.012,277.103
144,35,0,1028.94,1067.98,89.0264,189.195
144,37,3,1162.36,1237.64,10.619,80.607
145,1,3,925.625,1048.22,51.6346,142.644
145,6,3,1008.12,1088.8,27.0072,97.6082
145,8,3,1702.74,1857.26,160.204,289.219
145,19,0,615.05,841.303,868.192,1276.26
145,21,0,1010.25,1260.48,1127.77,1713.16
145,26,3,1251.87,1357.36,49.2548,141.418
145,27,0,562.159,798.115,1075.17,1692.25
145,29,0,1360.2,1612.66,1181.88,1840.6
145,31,0,351.346,499.423,170.625,276.49
145,35,0,1026.86,1065.44,91.226,195.361
145,37,3,1161.44,1235.48,12.7284,82.7524
146,1,3,926.683,1047.16,49.6875,144.591
146,6,3,1008.12,1088.8,27.2416,97.2296
146,8,3,1702.74,1857.26,160.529,289.183
146,19,0,615.395,840.821,868.948,1275.23
146,21,0,1009.95,1260.51,1131.14,1711.4
146,26,3,1255.82,1358.03,48.5697,137.488
146,27,0,562.29,798.016,1073.53,1692.43
146,29,0,1362.07,1611.95,1182.56,1841.2
146,31,0,351.587,499.183,170.3,276.526
146,35,0,1023.03,1063.12,91.6947,194.748
146,37,3,1164.42,1235.58,12.4038,83.0769
147,1,3,927.308,1046.54,52.8966,143.113
147,6,3,1010.12,1089.88,27.3498,96.5445
147,8,3,1702.55,1857.45,157.861,290.409
147,19,0,614.974,841.172,869.704,1277.72
147,21,0,1009.93,1260.52,1126.77,1712.15
147,26,3,1258.17,1357.21,46.9471,134.784
147,27,0,562.134,797.716,1074.18,1693.68
147,29,0,1364.86,1611.35,1182.7,1840.06
147,31,0,353.413,499.663,170.877,276.238
147,35,0,1020.7,1062.38,92.4519,196.01
147,37,3,1160.94,1234.45,15.1442,84.7356
148,1,3,927.404,1046.44,53.0769,142.788
148,6,3,1011.06,1088.94,26.8089,97.2296
148,8,3,1702.4,1857.6,159.339,289.796
148,19,0,615.003,841.477,869.549,1279.46
148,21,0,1009.38,1260.03,1127.99,1712.52
148,26,3,1259.59,1355.79,44.6034,132.224
148,27,0,562.338,798.064,1074.87,1693.16
148,29,0,1364.9,1611.51,1182.3,1839.33
148,31,0,353.413,499.663,170.877,276.238
148,35,0,1018.12,1058.8,91.875,196.01
148,37,3,1158.41,1232.36,15.1442,85.6731
