2,1,0,1022.26,1162.36,72.6923,270.288
2,2,0,694.038,821.346,103.413,322.933
2,3,0,2189.87,2361.27,587.773,928.082
2,4,3,693.185,1164.21,773.966,1212.66
2,5,3,1521.5,1874.88,13.437,228.689
2,6,5,2068.07,2560,0,334.617
2,7,3,761.923,1064.23,2.74038,105.216
3,1,0,979.231,1113.08,76.0096,279.952
3,2,0,643.462,767.308,126.49,340.817
3,3,0,2187.44,2357.39,562.396,901.958
3,4,3,691.807,1165.6,774.679,1213.37
3,5,3,1513.06,1853.15,21.7706,236.393
3,6,5,2177.17,2560,0,280.025
3,7,3,726.923,1073.08,4.14664,99.8438
3,8,0,1879.21,1948.49,0.721157,108.606
3,9,3,1302.62,1764.22,0,178.691
4,1,0,932.212,1064.71,92.3798,286.659
4,2,0,582.74,722.644,128.582,356.034
4,3,0,2186.24,2354.37,542.488,881.326
4,4,3,688.787,1163.85,774.023,1214.76
4,5,3,1467.57,1831.01,24.2688,236.21
4,6,5,2177.17,2560,0,280.025
4,7,3,726.923,1073.08,4.14664,99.8438
4,8,0,1859.3,1931.47,1.11779,108.93
4,9,3,1278.59,1745.17,0,179.303
5,1,0,891.346,1025.58,92.5962,295.385
5,2,0,536.394,669.76,133.197,372.476
5,3,0,2192.12,2348.26,517.631,854.53
5,4,3,693.085,1165.03,774.049,1214.14
5,5,3,1453.41,1801.4,26.2537,240.379
5,8,0,1846.78,1925.53,3.17308,112.067
5,9,3,1236.29,1672.01,0,177.537
5,10,3,1982.31,2288.46,1.91106,138.57
6,1,0,851.731,989.808,92.4519,309.375
6,2,0,486.971,622.26,148.197,388.63
6,3,0,2193.84,2347.89,501.096,818.861
6,4,3,694.664,1165.57,774.17,1214.58
6,5,3,1428.13,1775.69,41.4577,256.474
6,8,0,1819.28,1909.95,0,120.901
6,9,3,1185.82,1675.15,0,182.549
6,10,3,1954.23,2267.31,0,144.736
7,1,0,809.279,944.567,110.553,317.236
7,2,0,434.327,567.212,155.553,400.601
7,3,0,2197.49,2348.56,481.528,800.225
7,4,3,690.162,1163.49,774.068,1215.12
7,5,3,1393.95,1749.14,31.4958,250.887
7,8,0,1799.76,1874.09,3.28125,118.089
7,9,3,1146.54,1578.06,0,182.439
7,10,3,1934.33,2244.13,0,157.788
8,1,0,763.654,896.346,102.692,327.115
8,2,0,387.115,509.038,169.327,401.827
8,3,0,2205.36,2351.97,458.802,774.787
8,4,3,690.029,1164.98,774.511,1214.6
8,5,3,1376.92,1728.92,39.9584,260.908
8,8,0,1767.69,1866.15,0,126.851
8,9,3,1114.38,1552.72,0,198.934
8,10,3,1905.19,2217.88,1.875,159.952
9,1,0,716.49,853.51,120.144,339.952
9,2,0,387.115,509.038,169.327,401.827
9,3,0,2218.7,2355.39,445.606,747.822
9,4,3,693.026,1165.43,774.309,1214.4
9,5,3,1362.81,1700.09,44.1216,264.452
9,7,3,712.981,1025.48,3.24519,114.952
9,8,0,1736.75,1832.48,0,126.779
9,9,3,1074.15,1566.36,3.28485,202.774
9,10,3,1880.19,2190.58,3.02885,167.163
9,14,5,2505.26,2550.12,0,275.625
10,1,0,678.894,816.49,120.288,353.942
10,3,0,2225.21,2366.68,427.905,724.059
10,4,3,689.198,1165.42,773.842,1216.84
10,5,3,1337.17,1680.93,47.9751,270.522
10,7,3,695.192,1018.65,1.44231,117.115
10,8,0,1705.96,1804.81,1.875,136.587
10,9,3,1017.81,1627.06,0,209.785
10,10,3,1847.02,2162.21,5.625,170.048
10,14,5,2505.26,2550.12,0,275.625
11,1,0,632.067,773.317,129.303,362.812
11,3,0,2244.46,2386.28,410.809,704.335
11,4,3,688.991,1166.61,775.516,1214.85
11,5,3,1292.46,1657.14,48.0415,280.359
11,7,3,668.462,991.538,2.27163,121.911
11,8,0,1669.66,1764.18,0,140.625
11,9,3,973.735,1494.24,0.435448,224.099
11,10,3,1809.08,2153.01,2.7609,185.065
12,1,0,590.625,729.375,139.399,384.447
12,2,0,146.931,314.484,231.873,495.406
12,3,0,2260.6,2404.02,387.213,679.524
12,4,3,692.854,1169.43,775.201,1212.83
12,5,3,1277.62,1639.38,57.95,281.068
12,7,3,631.731,1003.65,1.76682,113.618
12,8,0,1635.34,1736.97,0,141.599
12,9,3,924.811,1393.67,4.12564,228.911
12,10,3,1784.23,2111.15,7.28365,177.764
13,1,0,537.95,698.926,144.55,398.111
13,2,0,93.7901,256.863,259.557,530.659
13,3,0,2279.44,2423.32,377.383,663.026
13,4,3,691.316,1168.12,776.336,1213.96
13,5,3,1262.86,1614.26,66.0373,287.095
13,7,3,631.731,1003.65,1.76682,113.618
13,8,0,1595.58,1696.73,0,142.031
13,9,3,875.589,1375.79,0,238.291
13,10,3,1761.05,2088.27,1.25903,196.413
14,1,0,491.951,653.203,156.365,417.337
14,2,0,37.9796,198.407,264.475,555.895
14,3,0,2302.18,2446.62,362.822,638.531
14,4,3,690.835,1166.01,775.583,1214.71
14,5,3,1238.78,1589.33,68.1183,294.473
14,8,0,1554.71,1660.67,0.108175,141.382
14,9,3,827.799,1305.85,2.06024,244.867
14,10,3,1726.1,2055.4,4.43597,201.073
15,1,0,445.098,606.114,167.454,432.471
15,2,0,1.11916,138.642,291.286,579.944
15,3,0,2328.11,2470.41,341.287,622.091
15,4,3,694.202,1168.57,775.248,1213.51
15,5,3,1220.16,1568.22,70.6434,303.529
15,8,0,1508.51,1622.26,0.793269,157.861
15,9,3,774.93,1227.44,0.154481,260.298
15,10,3,1697.06,2024.36,3.39698,206.573
16,1,0,380.355,551.338,176.823,452.599
16,2,0,0.408654,56.4663,318.966,609.88
16,3,0,2351.06,2495.89,327.015,601.581
16,4,3,690.74,1170.23,774.911,1213.18
16,5,3,1202.32,1547.34,72.6401,308.818
16,8,0,1508.51,1622.26,0.793269,157.861
16,9,3,715.61,1184.7,1.39269,265.15
16,10,3,1670.38,1999.52,6.08756,211.709
17,1,0,351.012,507.647,194.408,466.173
17,2,0,0.408654,56.4663,318.966,609.88
17,3,0,2388.7,2512.84,307.788,584.711
17,4,3,689.196,1166.58,774.153,1214.89
17,5,3,1174.3,1523.22,84.0452,314.386
17,9,3,669.409,1120.17,0.666103,279.53
17,10,3,1639.52,1966.42,11.2043,216.074
18,1,0,351.012,507.647,194.408,466.173
18,3,0,2419.9,2543.17,295.601,568.63
18,4,3,689.322,1167.53,774.394,1214.16
18,5,3,1154.91,1495.42,82.5837,322.561
18,9,3,608.596,1074.07,4.51023,299.913
18,10,3,1610.7,1942.18,9.40978,224.846
19,3,0,2446.2,2553.8,272.596,551.25
19,4,3,689.771,1167.97,773.928,1213.27
19,5,3,1130.18,1470.94,84.4873,333.325
19,9,3,556.276,1006.35,8.97592,315.547
19,10,3,1576.94,1920.19,14.2055,227.705
19,16,3,463.942,789.904,2.74039,154.76
20,3,0,2478.77,2558.15,262.284,532.716
20,4,3,688.393,1165.66,773.928,1214.99
20,5,3,1092.86,1455.24,99.6268,346.837
20,9,3,485.664,955.244,15.8198,323.816
20,10,3,1543.95,1882.96,16.1942,237.117
20,16,3,450.096,786.827,3.17307,153.173
21,3,0,2509.64,2560,234.519,529.327
21,4,3,688.898,1166.75,774.304,1213.96
21,5,3,1063.77,1429.97,101.33,349.576
21,9,3,428.691,895.955,40.1468,341.67
21,10,3,1516.98,1855.25,18.456,242.721
21,16,3,450.096,786.827,3.17307,153.173
22,1,0,71.2779,237.568,265.706,556.131
22,3,0,2509.64,2560,234.519,529.327
22,4,3,692.68,1165.77,773.807,1213.9
22,5,3,1039.83,1400.53,110.444,355.05
22,9,3,378.515,839.35,42.9441,346.758
22,10,3,1484.9,1827.83,23.7006,247.446
23,1,0,18.923,189.281,283.713,571.456
23,4,3,692.623,1163.41,773.685,1216.25
23,5,3,1010.54,1369.48,119.291,368.889
23,9,3,340.772,784.981,53.4873,367.099
23,10,3,1457.05,1795.65,28.7983,251.291
24,1,0,0,117.596,300.721,597.548
24,4,3,691.824,1164.34,773.987,1215.91
24,5,3,980.66,1341.8,126.831,379.202
24,9,3,270.525,721.455,71.1444,386.753
24,10,3,1425.23,1768.74,35.2197,264.915
25,1,0,0.432692,63.4615,317.668,610.024
25,4,3,695.127,1163.97,773.263,1216.05
25,5,3,950.477,1313.12,134.076,387.048
25,9,3,189.99,654.213,77.5491,402.342
25,10,3,1395.3,1742.1,36.8972,270.723
25,19,1,705.019,1110.71,1.76522,197.158
25,20,1,1551.95,2108.57,0,137.514
26,1,0,0.432692,63.4615,317.668,610.024
26,4,3,691.941,1166.08,774.185,1216.32
26,5,3,923.43,1281.06,141.225,403.425
26,9,3,125.284,592.634,96.8784,425.219
26,10,3,1365.92,1712.12,43.8983,274.071
26,19,1,685.126,1073.71,3.44087,206.89
26,20,1,1516.79,2085.78,0,139.667
27,4,3,690.024,1166.13,773.385,1215.74
27,5,3,888.989,1252.87,152.736,414.169
27,9,3,66.5238,532.08,114.315,434.776
27,10,3,1329.15,1688.36,46.5335,281.246
27,19,1,663.515,1062.29,2.84586,209.701
27,20,1,1405.27,2032.47,5.78532,152.772
28,4,3,693.618,1166.83,773.026,1217.22
28,5,3,853.837,1225.71,164.384,431.674
28,9,3,7.12261,469.479,157.074,457.973
28,10,3,1296.34,1653.88,54.4691,286.249
28,19,1,638.666,1044.21,2.8209,221.25
28,20,1,1405.27,2032.47,5.78532,152.772
29,4,3,693.8,1164.82,772.754,1216.4
29,5,3,822.679,1191.48,171.772,441.619
29,9,3,6.26823,415.493,146.953,469.101
29,10,3,1268.08,1628.6,60.7455,294.999
29,19,1,607.259,1030.2,3.48778,226.687
29,23,0,2333.58,2557.5,1087.21,1611.05
30,4,3,689.97,1164.68,772.733,1215.84
30,5,3,786.467,1161.72,182.03,460.724
30,9,3,3.26777,328.132,145.506,490.29
30,10,3,1235.9,1589.2,62.6555,306.011
30,19,1,586.521,1003.61,0,266.258
30,23,0,2300.68,2538.86,1027.09,1535.68
30,24,3,1661.25,2550,1541.91,1917.08
31,4,3,693.283,1164.99,771.583,1216.53
31,5,3,752.636,1129.08,192.915,471.506
31,9,3,0.432072,304.424,157.377,517.342
31,10,3,1205.04,1559.88,70.7588,311.94
31,19,1,560.585,971.011,0,251.33
31,23,0,2283.03,2506.43,963.876,1466.18
31,24,3,1655,2542.5,1466.17,1918.96
32,4,3,693.408,1165.58,772.286,1217.56
32,5,3,717.433,1096.83,203.906,484.785
32,9,3,0.675592,246.421,167.01,534.826
32,10,3,1172.27,1532.26,75.9557,319.534
32,19,1,531.401,954.339,2.03377,250.598
32,23,0,2266.95,2483.08,915.385,1390.37
32,24,3,1658.75,2507.5,1415.72,1920
32,26,3,1990.1,2296.06,2.88462,155.769
33,4,3,689.501,1163.75,771.023,1215.97
33,5,3,679.913,1061.68,214.424,500.075
33,9,3,0,181.451,186.567,570.333
33,10,3,1133.68,1496.23,85.3957,328.543
33,19,1,509.242,931.457,0.244546,254.145
33,23,0,2243.05,2454.1,869.973,1321.66
33,24,3,1657.5,2487.5,1356.83,1918.45
33,26,3,1967.98,2299.71,1.91106,139.219
34,4,3,688.783,1165.12,771.678,1216.3
34,5,3,642.071,1030.46,231.016,516.353
34,9,3,0,125.093,192.004,583.434
34,10,3,1100.28,1455.56,91.4751,334.593
34,19,1,474.819,887.153,1.10943,258.741
34,23,0,2243.18,2436.98,818.783,1259.58
34,24,3,1655,2458.75,1294.57,1920
34,26,3,1953.75,2292.4,0.793269,155.697
35,4,3,693.065,1163.4,771.147,1214.47
35,5,3,606.975,995.653,239.139,532.816
35,9,3,0.554502,72.1272,204.106,627.705
35,10,3,1066.91,1433.2,97.5249,351.945
35,19,1,454.532,872.542,5.74771,262.108
35,23,0,2235.31,2429.35,765.518,988.848
35,24,3,1650,2432.5,1252.91,1913.29
35,26,3,1938.46,2276.92,0.144231,164.423
35,29,0,466.01,572.452,147.548,383.798
36,4,3,692.064,1164.47,771.469,1214.58
36,5,3,571.16,958.134,248.761,546.081
36,9,3,0.554502,72.1272,204.106,627.705
36,10,3,1028.02,1398.81,108.168,358.559
36,19,1,415.238,841.077,4.68162,275.461
36,23,0,2219.05,2408.77,730.258,1148.82
36,24,3,1653.75,2397.5,1196.08,1894.26
36,26,3,1920.87,2251.44,2.59615,165.577
36,29,0,466.01,572.452,147.548,383.798
37,4,3,690.902,1164.81,772.652,1215.54
37,5,3,525.604,931.843,267.018,559.515
37,10,3,989.821,1362.97,112.494,368.542
37,19,1,385.037,816.158,10.4133,273.399
37,23,0,2215.3,2385.83,688.052,1100.83
37,24,3,1652.5,2387.5,1156.04,1830.27
37,26,3,1883.79,2238.63,0,183.299
38,4,3,695.463,1162.59,772.792,1215.36
38,5,3,489.053,895.838,278.826,574.661
38,10,3,951.853,1327.01,120.741,382.653
38,19,1,367.274,784.622,6.16058,297.303
38,23,0,2217.02,2371.38,655.492,1048.31
38,24,3,1663.75,2368.75,1111.73,1767.29
38,26,3,1865.36,2214.28,0,188.187
39,4,3,691.323,1164.19,773.273,1215.08
39,5,3,446.833,858.162,285.966,592.574
39,10,3,917.61,1290.3,129.877,394.279
39,19,1,366.857,760.693,16.2835,297.746
39,23,0,2212.05,2358.87,619.05,995.715
39,24,3,1670,2348.75,1078.06,1709.74
39,26,3,1845.85,2196.73,1.66467,189.526
40,4,3,688.556,1163.5,772.872,1215.87
40,5,3,415.919,822.307,300.941,614.973
40,10,3,877.636,1256.01,141.944,404.785
40,19,1,359.133,726.498,17.0919,309.445
40,20,1,1015.68,1834.9,1.771,252.821
40,23,0,2217.63,2352.92,585.861,952.725
40,24,3,1681.25,2335,1047.81,1660.21
40,26,3,1837.15,2177.66,3.92773,196.244
40,29,0,157.019,287.596,219.591,484.255
41,4,3,692.599,1164.31,772.576,1215.47
41,5,3,376.689,789.224,313.471,631.205
41,10,3,834.185,1222.67,152.539,416.78
41,19,1,296.017,699.095,29.1345,305.322
41,20,1,954.15,1735.1,0,261.762
41,23,0,2212.83,2354.79,554.651,912.458
41,24,3,1672.5,2335,995.642,1600.75
41,26,3,1819.14,2156.82,4.34078,203.782
41,29,0,95.2885,223.558,240.361,506.178
42,4,3,692.083,1164.6,772.441,1215.66
42,5,3,379.1,742.096,327.435,647.076
42,10,3,792.74,1184.61,157.477,427.728
42,19,1,219.421,671.756,33.0044,350.972
42,20,1,984.15,1657.2,0,260.888
42,23,0,2217.47,2359.78,528.331,878.587
42,24,3,1681.25,2311.25,966.881,1552.09
42,26,3,1786.99,2132.43,3.87744,200.706
42,29,0,31.7308,152.308,253.99,524.856
42,33,3,1685.38,2083.85,0.649041,93.9664
43,4,3,690.067,1162.93,772.915,1214.73
43,5,3,285.529,705.047,341.577,668.638
43,10,3,758.969,1143.21,169.346,444.289
43,19,1,200.128,638.841,41.0276,344.619
43,20,1,956.728,1497.15,0,275.437
43,23,0,2226.74,2366.05,496.908,845.606
43,24,3,1692.62,2299.12,928.108,1500.83
43,26,3,1783.64,2108.87,6.25204,209.453
43,29,0,0.697117,92.3317,273.317,552.26
43,33,3,1663.46,2022.69,0,103.161
44,4,3,692.392,1164.1,772.112,1214.25
44,5,3,214.738,668.706,344.007,684.18
44,10,3,720.263,1103.8,179.482,458.686
44,19,1,182.486,613.924,42.8717,347.726
44,20,1,928.805,1482.71,0,278.823
44,23,0,2245.88,2381.1,473.247,791.906
44,24,3,1681.25,2293.75,893.521,1454.66
44,26,3,1750.82,2084.82,9.60956,210.247
44,29,0,0.697117,92.3317,273.317,552.26
44,33,3,1603.27,2079.81,0.865384,110.337
45,4,3,692.095,1165.19,771.349,1214.46
45,5,3,173.517,626.405,362.111,712.312
45,10,3,678.61,1060.98,190.854,472.214
45,19,1,147.058,576.341,51.0949,356.21
45,20,1,896.642,1415.12,0,288.269
45,23,0,2265.15,2399.72,452.606,758.832
45,24,3,1696.01,2293.4,851.468,1426.71
45,26,3,1749.73,2067.35,6.27826,219.205
45,33,3,1592.88,1924.04,1.47836,124.507
45,34,3,2133.56,2358.75,0,112.067
46,4,3,686.769,1163.11,771.819,1215.14
46,5,3,119.149,578.355,367.385,735.918
46,10,3,633.337,1029.01,205.148,488.714
46,19,1,101.654,550.278,58.7542,361.495
46,20,1,853.621,1376.87,4.74395,299.498
46,23,0,2278.66,2420,429.214,729.078
46,24,3,1698.33,2291.07,854.891,1374.33
46,26,3,1741.63,2049.03,9.64901,233.421
46,33,3,1559.62,1935.77,0,137.993
46,34,3,2110.67,2366.25,0,111.346
47,4,3,688.875,1166.85,772.911,1214.61
47,5,3,66.7619,534.312,397.09,754.198
47,10,3,592.207,988.358,218.035,502.191
47,19,1,81.1391,521.354,73.6794,381.075
47,20,1,824.679,1353.77,0,308.08
47,23,0,2302.45,2443.82,400.122,704.336
47,24,3,1711.19,2281.51,808.547,1325.45
47,26,3,1690.85,2033.1,8.06806,228.371
47,33,3,1525.96,1889.42,0,135.938
47,34,3,2101.35,2381.73,0.036056,115.637
48,4,3,689.999,1166.92,772.952,1214.01
48,5,3,9.29375,486.822,433.348,771.533
48,10,3,547.615,951.481,224.018,509.321
48,19,1,41.9715,484.018,81.2329,393.431
48,20,1,778.213,1293.79,0,322.905
48,23,0,2336.01,2464.42,375.897,672.232
48,24,3,1713.15,2287.65,783.858,1296.74
48,26,3,1692.88,2019.94,9.57086,236.59
48,33,3,1476.83,1923.22,0,148.256
48,34,3,2075.19,2312.5,1.37019,113.87
49,4,3,688.523,1166.38,773.118,1213.85
49,5,3,1.05591,432.967,445.432,807.632
49,10,3,503.269,908.122,238.898,540.127
49,19,1,17.0848,455.851,91.1549,401.226
49,20,1,739.084,1260.61,3.67182,335.316
49,23,0,2355.7,2493.49,354.373,638.348
49,24,3,1727.49,2286.16,753.304,1257.13
49,26,3,1683.42,1986.08,3.72883,251.779
49,33,3,1447.58,1855.56,0,166.375
49,34,3,2056.15,2325.38,0,122.668
50,4,3,688.02,1165.17,773.225,1214.5
50,5,3,0.824184,380.221,460.304,830.912
50,10,3,459.152,858.312,253.25,549.52
50,19,1,8.83591,415.372,107.914,414.897
50,20,1,711.783,1225.91,5.01762,350.631
50,23,0,2384.06,2517.64,324.913,611.885
50,24,3,1740.29,2284.15,718.417,1225.82
50,26,3,1652.32,1968.19,1.33661,263.586
50,33,3,1413.23,1855.93,0,174.547
50,34,3,2030,2286.92,0.973556,136.55
51,4,3,691.701,1165.49,773.439,1215.14
51,5,3,0.330009,335.098,487.826,854.018
51,10,3,410.647,824.822,269.109,562.786
51,19,1,11.322,402.284,93.7612,427.273
51,20,1,675.885,1191.21,9.64431,356.357
51,23,0,2410.32,2554.13,312.606,586.503
51,24,3,1751.01,2290.64,698.258,1185.04
51,26,3,1621.97,1961.07,20.2539,279.083
51,33,3,1375.63,1844.15,0,176.64
51,34,3,2015.77,2291.92,0.036056,140.733
52,4,3,691.485,1165.5,773.686,1215.07
52,5,3,0,277.106,507.204,889.287
52,10,3,382.346,776.278,286.878,585.945
52,19,1,0,319.5,107.267,431.814
52,20,1,643.081,1156.08,8.76188,376.576
52,23,0,2450.58,2555.58,285.433,562.067
52,24,3,1759.44,2290.32,674.761,1153.87
52,26,3,1593.45,1934.62,16.8397,283.478
52,33,3,1345.52,1766.06,5.34302,179.979
52,34,3,1993.08,2280.77,0,143.005
53,4,3,691.175,1166.82,773.507,1214.56
53,5,3,0,217.025,526.148,925.592
53,10,3,387.197,737.91,294.819,608.315
53,19,1,0,308.504,117.71,439.968
53,20,1,613.176,1117.18,12.3205,390.423
53,23,0,2484.52,2558.56,244.76,542.164
53,24,3,1771.96,2296.4,650.016,1112.69
53,26,3,1576.54,1910.7,21.3121,280.647
53,33,3,1305.7,1721.39,5.22582,189.363
53,34,3,1975.58,2285.96,0,141.995
54,4,3,690.715,1166.36,773.539,1213.74
54,5,3,0,167.158,544.462,978.318
54,10,3,265.713,689.529,308.136,630.48
54,19,1,4.53879,321.413,151.351,456.049
54,20,1,587.698,1082.77,0,418.856
54,23,0,2513.85,2560,236.394,523.99
54,24,3,1784.22,2306.61,629.469,1090.23
54,26,3,1555.29,1888.64,28.1389,287.886
54,33,3,1274.31,1639.08,3.10777,197.643
54,34,3,1938.08,2283.46,0.216343,153.678
55,4,3,689.19,1168.21,773.879,1214.08
55,5,3,0,113.933,588.41,998.876
55,10,3,216.009,648.554,328.018,653.844
55,19,1,0,277.455,160.602,463.334
55,20,1,562.857,1046.49,37.7943,428.471
55,23,0,2513.85,2560,236.394,523.99
55,24,3,1792.01,2305.55,613.099,1066.16
55,26,3,1526.91,1860.58,28.0817,302.89
55,33,3,1239,1606.28,4.48859,201.269
55,34,3,1926.63,2251.83,0,159.519
55,35,0,2512.79,2560,861.12,1323.18
56,4,3,685.426,1166.91,773.413,1214.25
56,5,3,0,113.933,588.41,998.876
56,10,3,164.989,604.158,337.386,678.473
56,19,1,0.330286,250.983,160.078,475.139
56,20,1,527.139,1011.45,8.86796,450.356
56,24,3,1803.06,2311.36,592.692,1043.11
56,26,3,1495.98,1842.1,20.9635,314.497
56,33,3,1197.07,1584.14,5.24785,212.836
56,34,3,1886.56,2263.1,0,173.017
56,35,0,2509.44,2557.35,834.087,1299.89
57,4,3,687.247,1168.26,773.66,1213.75
57,10,3,118.349,558.94,358.314,699.652
57,19,1,1.34189,222.597,161.811,496.496
57,20,1,495.225,993.208,13.7846,466.404
57,24,3,1803.71,2322.42,578.068,1014.84
57,26,3,1478.2,1825.67,26.133,320.384
57,33,3,1159.06,1544.43,5.5118,220.685
57,34,3,1861.22,2235.65,0.196967,177.887
57,35,0,2497.1,2558.14,795.306,1246.34
58,4,3,691.073,1165.79,774.274,1214.9
58,10,3,60.1713,509.069,370.21,718.534
58,19,1,0,184.124,161.344,509.065
58,20,1,469.176,957.407,16.301,480.334
58,24,3,1829.06,2322.2,548.104,986.584
58,26,3,1455.32,1803.55,41.1324,330.292
58,33,3,1127,1546.29,2.44874,230.412
58,34,3,1837.05,2209.01,4.12413,179.872
58,35,0,2506.58,2556.89,774.349,1215.9
59,4,3,692.595,1163.96,773.531,1209.88
59,10,3,8.15325,461.332,390.118,742.979
59,19,1,0.120506,167.673,173.424,534.005
59,20,1,413.219,947.215,28.5896,508.054
59,24,3,1841.28,2321.47,533.005,979.479
59,26,3,1425.69,1776.83,50.6854,335.918
59,33,3,1083.06,1521.43,1.17203,239.028
59,34,3,1810.2,2188.67,4.78625,188.116
59,35,0,2494.45,2558.17,751.418,1189
60,4,3,692.842,1164.67,773.063,1210.69
60,10,3,0,451.034,413.376,779.488
60,19,1,2.96919,140.291,177.317,521.763
60,20,1,406.847,897.313,123.832,528.784
60,24,3,1856.72,2329.46,515.092,944.881
60,26,3,1399.4,1756.33,54.7978,345.94
60,33,3,1050.08,1440.47,7.15552,242.126
60,34,3,1789.28,2163.25,1.2606,195.511
60,35,0,2487.41,2556.37,727.859,1144.13
61,4,3,692.34,1164.05,772.525,1211.86
61,10,3,0.811043,438.989,432.943,800.039
61,19,1,0,116.336,209.004,553.914
61,20,1,361.691,877.366,114.936,552.774
61,24,3,1865.04,2341,510.522,906.093
61,26,3,1374.98,1731.74,56.2151,354.517
61,33,3,1013.59,1444.16,9.6037,256.46
61,34,3,1765.04,2129.63,3.35646,198.177
61,35,0,2484.82,2557.59,693.798,1117.55
62,4,3,689.468,1164.41,774.257,1209.86
62,10,3,0.658073,313.23,460.95,830.239
62,19,1,0.216351,84.0625,215.841,497.812
62,20,1,364.652,851.93,119.992,566.139
62,24,3,1884.23,2344.81,488.213,879.558
62,26,3,1345.16,1716.04,84.9311,361.76
62,33,3,979.13,1356.95,43.0185,263.672
62,34,3,1738.72,2099.42,4.66387,201.974
62,35,0,2487.32,2558.05,669.184,1075.66
63,4,3,687.571,1166.13,773.269,1210.04
63,10,3,0,258.889,487.285,856.304
63,19,1,1.61058,59.2067,246.707,524.639
63,20,1,297.647,815.214,103.479,592.997
63,24,3,1894.22,2351.75,475.903,867.535
63,26,3,1323.18,1685.64,78.1475,375.794
63,33,3,939.709,1327.44,41.4138,268.128
63,34,3,1710.43,2070.42,12.1017,208.115
63,35,0,2486.85,2557.8,650.414,1049.22
64,4,3,693.963,1165.21,772.991,1211.04
64,10,3,0,208.663,507.496,902.43
64,19,1,0.3125,29.8798,246.202,529.183
64,20,1,262.862,797.38,163.856,616.255
64,24,3,1907.7,2362.83,455.677,844.071
64,26,3,1293.67,1670.11,82.2133,382.012
64,33,3,900.396,1287.51,39.8175,281.264
64,34,3,1679.92,2044.16,14.9497,216.127
64,35,0,2492.37,2559.34,618.602,1028.47
65,4,3,693.242,1164.95,772.979,1210.6
65,10,3,0,154.145,525.351,928.173
65,19,1,0.3125,29.8798,246.202,529.183
65,20,1,202.733,761.128,171.429,640.359
65,24,3,1921.66,2373.53,441.068,822.882
65,26,3,1270.06,1640.3,87.8077,394.566
65,33,3,860.639,1255.34,48.6636,288.898
65,34,3,1651.77,2015.83,12.9461,217.416
65,35,0,2501.37,2557.38,591.428,995.53
66,4,3,692.245,1164.99,772.998,1209.24
66,10,3,0,104.596,540.086,1008.05
66,20,1,150.768,734.606,189.025,664.062
66,24,3,1943.43,2378.15,419.117,796.758
66,26,3,1242.95,1620.22,92.1921,404.543
66,33,3,821.29,1211.01,62.4637,303.564
66,34,3,1620.62,1987.27,13.5664,225.43
66,35,0,2496.91,2557.18,566.938,976.054
67,4,3,693.531,1164.32,772.94,1210.35
67,10,3,1.05043,57.6691,611.304,1065.43
67,20,1,90.9375,736.25,149.633,703.831
67,24,3,1963.81,2396.75,404.085,765.755
67,26,3,1209.51,1600,97.8553,416.872
67,33,3,773.031,1179.17,64.8827,312.282
67,34,3,1593.18,1961.44,20.9925,226.915
67,35,0,2497.57,2559.82,539.987,962.862
68,4,3,692.159,1164.56,771.513,1210.96
68,10,3,1.05043,57.6691,611.304,1065.43
68,20,1,41.5625,676.25,207.74,723.545
68,24,3,1983.86,2409.49,390.285,750.633
68,26,3,1180,1580.19,107.349,425.2
68,33,3,732.399,1146.2,72.1962,320.139
68,34,3,1567.15,1931.3,19.959,237.218
68,35,0,2503.92,2559.77,524.4,926.093
69,4,3,692.482,1164.31,773.342,1209.47
69,20,1,23.5938,633.75,238.212,733.833
69,24,3,2001.16,2419.56,372.198,731.492
69,26,3,1146.96,1542.33,118.372,436.572
69,33,3,690.752,1104.2,79.4389,335.956
69,34,3,1538.87,1887.28,25.7431,248.263
69,35,0,2501.32,2559.28,507.62,896.859
70,4,3,692.812,1165.1,773.527,1209.76
70,20,3,4.11594,533.957,256.86,746.737
70,24,3,2023.4,2442.8,358.007,710.954
70,26,3,1113.58,1520.07,123.067,444.704
70,33,3,646.864,1066.66,87.6837,343.716
70,34,3,1510.04,1865.66,28.3266,254.102
70,35,0,2505.64,2558.93,488.329,883.167
71,4,3,691.323,1165,773.378,1214
71,20,1,0,547.593,316.067,792.498
71,24,3,2040.47,2460.42,333.755,691.298
71,26,3,1069.77,1496.54,124.671,459.08
71,33,3,599.442,1024.81,94.003,356.411
71,34,3,1477.6,1836.19,45.373,262.181
71,35,0,2509.5,2558.2,478.846,820.385
71,42,5,0.625,888.75,1275.59,1915.73
72,4,3,688.207,1166.18,773.174,1212.51
72,20,1,0,526.425,315.435,829.073
72,24,3,2066.05,2478.89,326.086,671.616
72,26,3,1036,1465.44,141.196,473.732
72,33,3,556.684,985.286,95.2428,370.757
72,34,3,1445.34,1806.57,55.3632,270.248
72,35,0,2515.44,2560,449.578,845.188
72,42,5,0,888.75,1263.13,1919.81
73,4,3,690.158,1165.1,773.163,1211.64
73,20,1,2.35283,461.004,240.188,874.523
73,24,3,2090.9,2503.13,309.924,648.439
73,26,3,999.33,1434.47,145.941,486.113
73,33,3,512.094,945.643,111.265,377.684
73,34,3,1413.32,1778.63,60.6235,277.114
73,35,0,2519,2560,433.11,830.56
73,42,5,0,890.625,1242.9,1913.35
74,4,3,692.943,1166.27,771.565,1210.58
74,20,1,6.88478,321.841,187.372,918.111
74,24,3,2120.28,2525.73,292.273,625.54
74,26,3,952.227,1397.28,152.317,494.238
74,33,3,476.43,909.424,117.08,389.783
74,34,3,1385.45,1747.92,63.0954,284.126
74,35,0,2520.49,2560,403.228,818.989
74,42,5,0,891.25,1234.24,1908.14
75,4,3,689.523,1165.17,772.518,1209.82
75,20,1,0.751019,327.057,155.703,952.601
75,24,3,2143.44,2546.22,272.394,602.02
75,26,3,910.989,1359.23,160.76,510.79
75,33,3,413.061,859.077,130.069,408.32
75,34,3,1355.96,1719.66,70.2873,294.689
75,35,0,2520.49,2560,403.228,818.989
75,42,5,0,887.5,1220.61,1915.23
76,4,3,689.562,1164.62,772.099,1211.65
76,20,1,0.533819,317.651,199.957,936.967
76,24,3,2168.54,2550.17,254.082,590.291
76,26,3,865.024,1323.77,168.948,522.585
76,33,3,380.868,816.752,137.037,422.723
76,34,3,1324.64,1688.17,74.6157,304.985
76,42,5,0,891.25,1202.51,1914.29
76,44,1,1835.04,2404.16,0,166.824
77,4,3,690.215,1164.81,772.182,1210.45
77,20,1,0.533819,317.651,199.957,936.967
77,24,3,2203.47,2554.61,241.831,570.814
77,26,3,818.778,1289.22,182.739,538.802
77,33,3,364.966,773.642,145.737,433.207
77,34,3,1298.38,1661.29,83.9146,313.722
77,42,5,0,891.25,1193.69,1913.16
77,44,1,1809.58,2257.65,0,171.686
78,4,3,687.749,1164.2,771.856,1206.29
78,24,3,2229.23,2560,232.812,550.539
78,26,3,772.013,1241.71,199.33,550.215
78,33,3,351.769,724.737,149.625,447.781
78,34,3,1263.85,1629.61,96.0628,321.811
78,42,5,1.875,890.625,1175.1,1907.68
78,44,1,1791.48,2236.98,0,173.584
79,4,3,688.816,1166.67,772.487,1207.87
79,24,3,2260.83,2560,223.076,535.19
79,26,3,720.452,1200.55,206.73,564.798
79,33,3,236.97,690.384,159.847,467.656
79,34,3,1226.02,1600.54,100.636,332.84
79,42,5,1.5625,891.25,1159.98,1912.5
79,44,1,1754.93,2253.13,0,176.865
80,4,3,687.647,1165.73,770.882,1206.16
80,24,3,2298.43,2560,193.288,518.509
80,26,3,670.868,1156.33,212.34,580.784
80,33,3,188.251,646.435,173.3,480.583
80,34,3,1193.82,1575.95,107.299,341.754
80,42,5,3.75,898.75,1149.36,1912.43
80,44,1,1754.93,2253.13,0,176.865
81,4,3,689.867,1166.44,771.63,1200.37
81,24,3,2329.19,2558.64,178.444,502.081
81,26,3,617.008,1116.96,223.202,593.72
81,33,3,131.504,603.642,186.595,488.523
81,34,3,1159.61,1538.64,111.513,355.195
81,42,5,0,926.25,1114.36,1920
82,4,3,693.682,1166.78,770.983,1199.51
82,24,3,2369.59,2560,181.01,485.893
82,26,3,566.389,1068.06,238.775,610.834
82,33,3,92.0817,554.551,194.406,490.097
82,34,3,1128.41,1506.42,120.361,364.833
82,42,5,0,926.25,1100.81,1920
83,4,3,696.765,1166.29,771.638,1200.38
83,24,3,2399.57,2560,152.141,462.318
83,26,3,508.43,1026.28,244.274,622.931
83,33,3,44.1383,516.219,201.929,508.163
83,34,3,1088.83,1479.6,131.174,379.011
83,42,5,0,921.25,1081.62,1920
83,51,1,1635.93,2446.4,0,221.399
84,4,3,696.905,1165.75,771.218,1201.43
84,24,3,2439.5,2556.93,120.674,449.748
84,26,3,456.39,968.578,254.91,643.305
84,33,3,0,476.656,220.574,539.124
84,34,3,1060.86,1444.63,140.658,390.577
84,42,5,0,925,1071.9,1920
84,51,1,1605.17,2273.31,0,212.68
85,4,3,695.57,1166.25,771.894,1201.26
85,24,3,2475.52,2559.4,92.2736,452.469
85,26,3,414.903,925.343,263.981,666.666
85,33,3,3.62343,436.591,232.761,550.301
85,34,3,1023.71,1413.15,145.388,405.802
85,42,5,0,928.75,1061.75,1920
85,51,1,1568.3,2326.51,0,219.581
86,4,3,694.435,1166.61,772.724,1207.37
86,24,3,2514.36,2559.48,74.8558,412.933
86,26,3,376.237,873.152,275.918,680.771
86,33,3,6.91071,440.142,248.076,570.263
86,34,3,985.628,1383.13,153.133,416.857
86,42,5,0,938.75,1054.78,1920
86,51,1,1555.58,2330.45,0,233.202
87,4,3,691.693,1165.83,773.411,1209.76
87,24,3,2514.36,2559.48,74.8558,412.933
87,26,3,369.28,830.739,276.406,704.729
87,33,3,1.94473,310.047,257.812,586.224
87,34,3,945.467,1350.52,158.652,426.955
87,42,5,0,943.75,1047.18,1920
87,51,1,1555.58,2330.45,0,233.202
88,4,3,691.315,1166.03,773.64,1210.62
88,26,3,249.206,771.852,294.074,721.143
88,33,3,0,311.882,263.424,602.841
88,34,3,910.66,1319.39,175.968,444.468
88,42,5,0,953.75,1047.06,1920
88,57,3,1687.5,2395,1386.75,1920
89,4,3,693.211,1166.19,772.396,1206.83
89,26,3,190.536,725.445,308.952,741.267
89,33,3,0,279.636,286.459,615.152
89,34,3,873.609,1282.83,188.766,458.119
89,42,5,0,927.5,997.225,1920
89,57,3,1690,2351.25,1304.26,1912.56
90,4,3,695.497,1162.85,771.713,1203.18
90,26,3,128.053,679.539,323.11,762.984
90,33,3,0,228.026,290.883,627.125
90,34,3,834.891,1244.22,199.402,468.722
90,42,5,0,941.25,994.941,1919.86
90,51,1,1407.5,2481.25,9.18085,251.115
90,57,3,1695,2317.5,1225.77,1798.26
91,4,3,696.324,1163.56,770.592,1201.33
91,26,3,84.1488,626.157,340.137,789.893
91,33,3,0.506258,175.843,302.939,641.797
91,34,3,792.582,1211.95,207.38,487.403
91,42,5,0,935,989.982,1920
91,51,1,1385,2451.25,12.2428,256.67
91,57,3,1704.2,2286.62,1139.22,1704.72
92,4,3,693.57,1162.53,771.898,1199.59
92,26,3,35.0828,569.862,348.341,801.514
92,33,3,0.428452,134.34,322.631,646.623
92,34,3,746.76,1178.88,221.414,500.039
92,42,5,0,933.75,973.349,1920
92,51,1,1341.25,2437.5,16.3131,253.799
92,57,3,1704.69,2267.6,1069.6,1610.58
93,4,3,688.744,1165.9,769.699,1204.66
93,26,3,0,533.831,356.168,814.347
93,33,3,0.428452,134.34,322.631,646.623
93,34,3,701.911,1139.93,234.906,514.861
93,42,5,0,943.125,968.354,1920
93,51,1,1320,2386.25,19.2097,259.378
93,57,3,1709.43,2260.64,1008.56,1520.7
94,4,3,687.076,1165.63,768.999,1203.96
94,26,3,0,477.428,384.719,850.795
94,34,3,662.031,1098.31,242.366,532.373
94,42,5,0,945,953.406,1920
94,51,1,1297.5,2343.75,14.3384,270.246
94,57,3,1718.82,2249.04,943.319,1438.24
95,4,3,691.174,1162.88,768.203,1207.54
95,26,3,0,427.089,401.852,866.565
95,34,3,622.217,1057.46,256.893,548.249
95,42,5,0,962.5,935.58,1920
95,51,1,1247.5,2207.5,12.3731,271.171
95,57,3,1729.96,2247.02,886.54,1373.08
96,4,3,705.379,1163.47,767.981,1205.18
96,26,3,0,366.2,426.302,886.499
96,34,3,569.654,1021.3,268.77,563.776
96,42,5,0,962.5,928.826,1920
96,51,1,1270,2120,14.5712,289.926
96,57,3,1743.36,2239.89,834.665,1302.79
97,4,3,706.149,1164.35,768.269,1203.12
97,26,3,2.76423,358.526,446.611,913.941
97,34,3,523.204,982.186,279.739,578.843
97,42,5,0,968.75,902.948,1920
97,51,1,1226.25,2085,13.5373,294.048
97,57,3,1749.31,2237.06,779.094,1236.27
97,63,3,1647.5,2472.5,1551.31,1914.14
98,4,3,709.265,1162.24,767.701,1203.51
98,26,3,0,300.094,464.075,933.988
98,34,3,478.242,937.897,296.602,597.721
98,42,5,0,963.125,898.698,1920
98,51,1,1183.75,2060,14.0468,305.59
98,57,3,1770.52,2238.91,735.84,1169.95
98,63,3,1638.75,2430,1451.48,1920
99,4,3,718.182,1162.12,768.613,1203.04
99,26,3,0,231.595,480.138,979.747
99,34,3,424.881,893.688,306.09,618.327
99,42,5,0,980,891.961,1920
99,51,1,1163.75,2033.75,8.50067,318.62
99,57,3,1788.15,2234.43,692.784,1117.98
99,63,3,1645,2382.5,1362.52,1920
99,64,1,2139.52,2451.25,0.360578,99.1586
100,4,3,714.063,1165.05,768.315,1202.22
100,26,3,0,188.133,503.396,1034.71
100,34,3,394.398,849.92,318.1,635.718
100,42,5,0,977.5,872.169,1920
100,51,1,1091.25,1992.5,7.13513,318.468
100,57,3,1797.96,2241.79,658.856,1051.25
100,63,3,1642.5,2352.5,1278.82,1870.71
100,64,1,2108.37,2390.1,0.108172,100.06
101,4,3,712.137,1164.01,767.86,1199.96
101,26,3,0,154.159,519.055,1171.46
101,34,3,342.255,815.114,332.361,658.465
101,42,5,0,975.625,856.577,1920
101,51,1,1061.25,1992.5,8.77955,324.861
101,57,3,1807.14,2246.84,623.36,1011.85
101,63,3,1650,2321.25,1208.24,1759.33
101,64,1,2095.58,2384.42,0,98.9784
102,4,3,724.83,1163.01,765.524,1209.17
102,26,3,0,154.159,519.055,1171.46
102,34,3,342.662,773.415,352.31,673.123
102,42,5,0,978.75,845.423,1920
102,51,1,1000.62,1972.5,19.8541,328.689
102,57,3,1836.02,2253.93,591.014,976.668
102,63,3,1657.5,2298.75,1133.62,1664.69
102,64,1,2064.04,2320.58,0.685097,108.642
103,4,3,724,1165.3,766.138,1205.8
103,34,3,255.644,734.252,364.937,699.182
103,42,5,0,986.875,828.901,1920
103,51,1,1018.12,1902.5,15.2322,344.547
103,57,3,1847.8,2265.68,552.507,906.49
103,63,3,1656.25,2297.5,1073.73,1556.22
103,64,1,2035,2355.77,0,103.053
104,4,3,723.205,1164.12,766.423,1204.37
104,34,3,194.51,685.396,371.889,724.578
104,42,5,0,991.25,828.907,1920
104,51,1,981.25,1868.75,10.8627,359.454
104,57,3,1869.4,2280.53,526.999,870.342
104,63,3,1676.25,2277.5,996.448,1483.6
104,64,1,2016.54,2352.69,0,109.904
104,65,3,1780,2496.25,1462.81,1919.77
105,4,3,718.828,1165.54,766.199,1208.77
105,34,3,149.046,646.689,393.158,744.987
105,42,5,0,998.75,805.494,1920
105,51,1,967.5,1827.5,7.91522,376.73
105,57,3,1893.66,2294.38,488.176,832.358
105,63,3,1678.75,2280,946.378,1404.17
105,64,1,1989.23,2300,0,110.373
105,65,3,1762.5,2452.5,1359.18,1920
105,67,0,778.894,904.183,75.7933,271.803
106,4,3,722.819,1168.51,774.971,1180.62
106,34,3,96.966,602.569,397.16,766.865
106,42,5,0,998.125,800.557,1920
106,51,1,913.75,1773.75,8.73691,386.575
106,57,3,1918.6,2305.2,465.09,792.47
106,63,3,1688.87,2271,883.291,1351.65
106,64,1,1960.19,2322.88,0,117.404
106,65,3,1775.21,2401.27,1273.7,1881.88
106,67,0,722.5,837.5,100.817,283.702
107,4,3,687.949,1172.85,765.335,1205.42
107,34,3,53.3909,550.063,413.422,792.634
107,42,5,0,1013.75,792.145,1920
107,51,1,872.5,1745,10.7029,405.612
107,57,3,1945.26,2326.7,439.815,753.234
107,63,3,1710.29,2255.74,845.751,1244.62
107,64,1,1932.79,2282.6,0.576925,123.101
107,65,3,1757.5,2376.25,1200.34,1738.13
107,67,0,661.538,783.846,95.9856,296.899
108,4,3,727.403,1173.19,764.557,1206.15
108,34,3,3.45604,508.443,443.303,804.62
108,42,5,0,1016.25,790.446,1920
108,51,1,821.875,1720,15.2772,413.235
108,57,3,1970.27,2337.01,419.171,717.509
108,63,3,1723.46,2249.82,783.917,1225.51
108,64,1,1900,2275.38,2.70432,123.642
108,65,3,1757.5,2342.5,1138.15,1641.14
108,67,0,600.529,724.087,115.817,312.548
109,4,3,716.509,1178.08,762.07,1208.98
109,34,3,0.290012,470.587,461.916,825.534
109,42,5,0,1027.5,777.564,1920
109,51,1,793.125,1690,13.1114,433.746
109,57,3,2000.56,2358.36,388.379,691.416
109,63,3,1731.63,2260.7,744.757,1200.82
109,64,1,1877.69,2242.31,2.05529,128.762
109,65,3,1772.06,2329.09,1060.21,1569.48
109,67,0,543.846,668.462,115.168,321.562
110,4,3,703.367,1178.08,764.654,1212.66
110,34,3,0,433.971,479.811,833.189
110,42,5,0,1037.5,775.581,1920
110,51,1,758.75,1652.5,10.8378,441.763
110,57,3,2028.61,2386.07,367.601,652.555
110,63,3,1751.22,2257.19,707.003,1094.26
110,64,1,1852.02,2151.06,1.40625,138.065
110,65,3,1775.59,2313.91,998.717,1481.23
110,67,0,476.779,603.99,129.88,334.543
111,4,3,703.016,1175.42,765.329,1213.99
111,34,3,0.91383,332.59,499.763,884.467
111,42,5,0,1033.75,767.655,1920
111,51,1,691.25,1610,5.87671,458.946
111,57,3,2059.26,2406.14,340.284,625.03
111,63,3,1778.72,2266.89,669.249,1029.33
111,64,1,1830.87,2169.13,0.396638,137.704
111,65,3,1775.94,2304.49,942.506,1409.61
111,67,0,424.76,542.163,139.76,346.587
112,4,3,703.835,1176.35,769.122,1214.07
112,34,3,0,320.156,519.089,899.915
112,42,5,0,1040,765.116,1920
112,51,1,657.5,1620,12.1544,462.742
112,57,3,2092.16,2429.93,318.09,598.079
112,63,3,1792.29,2273.59,629.544,1015.01
112,64,1,1805.96,2201.97,0,162.304
112,65,3,1788.8,2286.3,886.864,1361.44
112,67,0,364.038,489.038,139.038,355.096
113,4,3,703.835,1176.35,769.122,1214.07
113,34,3,0,306.044,536.821,918.345
113,42,5,0,1045,761.579,1920
113,51,1,602.5,1631.25,17.4093,475.903
113,57,3,2130.57,2460.52,299.02,570.561
113,63,3,1807.67,2284.32,595.776,942.827
113,64,1,1787.15,2183.4,0,165.618
113,65,3,1797.4,2290.78,839.281,1291.35
113,67,0,364.038,489.038,139.038,355.096
114,34,3,0,259.974,557.211,960.722
114,42,5,0.3125,1038.75,748.285,1920
114,51,1,565.312,1526.25,12.0582,499.185
114,57,3,2163.21,2498.35,279.942,545.232
114,63,3,1831.72,2292.81,557.447,894.314
114,64,1,1781.1,2175.9,0,173.423
114,65,3,1804.07,2282.62,788.161,1227.07
115,34,3,0,216.552,577.259,983.836
115,42,5,0,1060,736.14,1920
115,51,1,530.625,1532.5,16.0714,506.794
115,57,3,2195.84,2522.9,256.414,525.997
115,63,3,1856.44,2304.53,531.143,853.645
115,64,1,1763.21,2135.45,0,178.362
115,65,3,1818.78,2272.65,736.862,1166.65
116,34,3,0,216.552,577.259,983.836
116,42,5,0,1056.25,738.896,1889.98
116,51,1,466.25,1675,29.2288,501.181
116,57,3,2231.79,2559.17,243.648,501.858
116,63,3,1890.45,2325.91,496.32,814.675
116,64,1,1735.62,2120.71,0,179.235
116,65,3,1826.42,2274.23,721.767,1100.42
117,42,5,3.75,1059.38,737.987,1920
117,51,1,381.25,1401.25,20.0132,537.379
117,57,3,2270.54,2558.14,208.54,473.686
117,63,3,1922.15,2338.25,472.991,760.286
117,64,1,1735.91,2102.38,1.56284,185.117
117,65,3,1837.41,2286.51,681.424,1047.89
117,67,0,68.9423,196.635,220.24,462.837
118,42,5,0.625,1065,737.324,1887.7
118,51,1,312.5,1372.5,22.7003,546.844
118,57,3,2306.76,2560,193.025,458.82
118,63,3,1950.84,2363.28,450.846,745.961
118,64,1,1726.68,2107,3.05536,184.471
118,65,3,1854.54,2271.48,643.696,1010.7
118,67,0,10.5288,134.087,221.683,473.51
119,42,5,0,1068.12,723.042,1896.11
119,51,1,345.625,1310,19.1975,585.95
119,57,3,2351.38,2560,187.748,430.703
119,63,3,1995.91,2385.88,418.757,711.861
119,64,1,1715.89,2075.71,0,187.061
119,65,3,1878.63,2282.89,608.705,975.175
119,67,0,0,79.2548,233.365,479.135
119,75,0,1548.08,1661.15,0,129.663
120,42,5,0.3125,1066.25,728.636,1886.06
120,51,1,155.625,1276.88,25.9565,586.037
120,57,3,2390.84,2560,155.958,405.466
120,63,3,2023.66,2413.96,391.63,680.896
120,64,1,1705.75,2066.27,1.75217,192.525
120,65,3,1894.37,2295.68,573.718,916.559
120,67,0,0,79.2548,233.365,479.135
120,75,0,1497.14,1585.94,1.91106,139.724
121,42,5,9.0625,1082.5,715.733,1884.09
121,51,1,169.375,1243.12,17.2858,599.074
121,57,3,2436.11,2560,151.01,385.24
121,63,3,2057.7,2439.24,368.236,642.307
121,64,1,1700.69,2056.23,2.60271,197.9
121,65,3,1904.79,2308.56,544.914,880.304
121,75,0,1442.93,1557.07,3.35337,147.512
122,42,5,7.1875,1077.5,721.032,1880.15
122,51,1,189.375,1213.12,12.1104,623.085
122,57,3,2482.45,2557.55,123.822,372.043
122,63,3,2104.27,2471.99,342.77,615.34
122,64,1,1700.61,2052.18,0.586216,199.371
122,65,3,1928.56,2314.59,515.119,843.941
122,75,0,1395.34,1518.51,2.01923,153.173
123,42,5,1.875,1082.5,723.684,1888.48
123,51,1,151.875,1170.62,6.83956,634.828
123,57,3,2527.09,2559.06,113.51,365.625
123,63,3,2135.4,2508.73,316.704,599.959
123,64,1,1699.35,2025.22,0,203.129
123,65,3,1943.33,2322.82,483.763,809.191
123,75,0,1345.91,1466.39,2.59616,158.221
124,42,5,6.25,1090,715.824,1897.8
124,51,1,108.125,1209.38,15.5511,663.237
124,57,3,2527.09,2559.06,113.51,365.625
124,63,3,2168.5,2543.66,298.824,568.985
124,64,1,1695.17,2020.8,0.397274,205.017
124,65,3,1963.97,2335.22,462.952,771.928
124,75,0,1301.25,1406.44,7.42789,167.236
125,42,5,5.625,1087.5,708.729,1906.69
125,51,1,77.1875,1200,45.1033,670.415
125,63,3,2217.88,2556.39,276.416,545.359
125,64,1,1700.83,2007.78,0,208.636
125,65,3,1990.79,2357.89,437.34,735.242
125,75,0,1253.41,1355.82,8.00481,177.764
126,42,5,12.1875,1106.25,711.434,1901.52
126,51,1,50.3125,1193.75,0,752.65
126,63,3,2258.71,2557.04,253.897,520.602
126,64,1,1702.15,2013.78,0,211.785
126,65,3,2021.76,2372.04,413.148,709.454
126,75,0,1209.71,1325.67,0,184.832
127,42,5,14.6875,1095,700.588,1900.6
127,51,1,37.5,1223.75,0,794.179
127,63,3,2304.68,2558.18,230.965,488.708
127,64,1,1705.74,2015.55,1.11895,212.156
127,65,3,2048.9,2391.24,388.175,683.686
127,75,0,1165.58,1280.58,1.65865,194.062
128,42,5,14.0625,1101.25,691.729,1894.82
128,51,1,13.75,1099.38,0,789.013
128,63,3,2347.98,2559.16,209.198,459.438
128,64,1,1711.1,2011.96,0.326214,218.01
128,65,3,2079.9,2420.57,370.821,649.48
128,75,0,1115.96,1240.96,2.45193,205.24
128,79,0,1452.84,1547.16,0.9375,154.832
129,42,5,14.6875,1095,690.526,1890.24
129,51,1,11.875,984.375,35.9557,761.241
129,63,3,2393.36,2560,198.371,442.993
129,64,1,1702.18,2019.1,2.24962,217.949
129,65,3,2115.3,2455.89,342.881,621.881
129,75,0,1078.46,1203.08,0,212.163
129,79,0,1405.7,1503.53,1.00962,161.394
130,42,5,12.8125,1096.25,705.412,1895.5
130,51,1,28.125,982.5,16.0626,924.756
130,63,3,2440.96,2560,183.101,427.284
130,64,1,1695.43,2082.5,2.92191,215.459
130,65,3,2151.09,2481.68,321.062,592.272
130,75,0,1029.66,1158.03,8.22116,225.721
130,79,0,1354.98,1451.18,5.55288,162.909
131,42,5,13.4375,1092.5,693.541,1875.23
131,51,1,0.9375,902.5,32.946,780.706
131,63,3,2486.44,2559.71,145.385,414.808
131,64,1,1664.03,2036.64,0,211.962
131,65,3,2179.42,2516.04,301.02,567.739
131,75,0,984.712,1106.06,31.875,233.51
131,79,0,1303.89,1408.41,9.30288,179.784
132,42,5,12.1875,1103.75,694.003,1881.04
132,51,1,11.875,849.375,98.1994,828.103
132,63,3,2486.44,2559.71,145.385,414.808
132,64,1,1757.57,2002.06,0,234.647
132,65,3,2226.76,2553.34,273.726,543.227
132,75,0,939.952,1066.2,18.3894,248.438
132,79,0,1254.42,1354.81,3.67788,196.082
132,81,3,2247.12,2522.12,0,92.6322
133,42,5,10.3125,1100,681.188,1897.12
133,51,1,13.75,817.5,10.3117,791.665
133,64,1,1759.89,2006.78,0,233.38
133,65,3,2260.69,2560,257.36,522.183
133,75,0,896.394,1022.07,10.6731,252.981
133,79,0,1211.06,1315.1,1.73078,204.375
133,81,3,2205.19,2560,0,92.1635
134,42,5,7.5,1100,679.538,1905.46
134,51,1,10,756.875,0,852.926
134,64,1,1756.19,2027.82,0,238.774
134,65,3,2311.64,2556.04,243.642,504.741
134,75,0,867.885,985.962,51.6346,266.827
134,79,0,1163.56,1267.21,24.2308,214.183
134,81,3,2179.62,2509.62,0,104.315
135,42,5,11.875,1103.12,666.265,1920
135,51,1,27.1875,803.75,6.12791,924.859
135,64,1,1736.38,2049.38,1.11332,239.995
135,65,3,2356.59,2556.87,219.23,480.968
135,75,0,833.413,946.587,47.9567,282.909
135,79,0,1121.15,1220.38,8.87019,231.995
135,81,3,2141.35,2526.35,0.46875,110.733
136,42,5,11.875,1086.25,683.971,1919.96
136,51,1,2.5,702.5,0,956.447
136,64,1,1746.59,2061.5,0.475245,241.701
136,65,3,2400.28,2560,194.41,456.467
136,75,0,790.529,904.856,56.8269,298.269
136,79,0,1074.18,1178.13,14.2788,237.837
136,81,3,2128.27,2465.58,0.504806,111.707
137,42,5,16.25,1088.12,685.695,1900
137,51,1,1.5625,690,5.83214,1004.38
137,64,1,1751.26,2084.45,2.95522,240.115
137,65,3,2454.66,2560,178.702,442.644
137,75,0,744.663,861.49,84.9519,305.048
137,79,0,1026.73,1131.73,28.774,253.053
137,81,3,2100.29,2478.17,0,113.798
138,42,5,15.3125,1091.25,676.743,1920
138,51,1,0,630.377,28.5994,960.95
138,64,1,1751.99,2109.27,4.7483,241.605
138,65,3,2515.16,2558.69,122.596,431.25
138,75,0,700.769,820.769,105.072,320.697
138,79,0,986.683,1093.32,41.3221,265.601
138,81,3,2075.96,2410.19,0,110.733
138,83,1,1371.94,1901.16,0,183.75
139,42,5,15,1084.38,686.456,1917.77
139,51,1,14.0282,540.645,70.4798,1025.41
139,64,1,1755.9,2128.32,2.28275,246.017
139,65,3,2515.16,2558.69,122.596,431.25
139,75,0,655.721,778.125,106.154,329.712
139,79,0,946.298,1052.16,45.7211,273.894
139,81,3,2039.13,2428.56,0.252407,109.075
139,83,1,1361,2078.87,0,215.974
140,42,5,14.6875,1088.75,687.7,1907.05
140,51,1,0,531.327,97.0764,984.562
140,64,1,1752.8,2138.98,5.5636,247.482
140,75,0,611.875,730.433,124.183,348.606
140,79,0,905.096,1014.9,56.5385,290.192
140,81,3,1996.44,2292.79,0,112.464
140,83,1,1319.17,1767.52,3.63874,187.372
140,85,0,505.721,634.279,82.0673,305.625
141,42,5,14.6875,1097.5,697.606,1902.9
141,51,1,8.22491,524.026,100.438,997.07
141,64,1,1743.76,2161.31,0,249.416
141,75,0,568.317,684.76,133.413,360.144
141,79,0,863.077,966.154,96.5625,308.149
141,81,3,1934.13,2253.56,0,126.382
141,83,1,1288.41,1767.28,0.792553,195.804
141,85,0,450.769,576.923,92.6683,326.755
142,42,5,15,1089.38,694.609,1904.47
142,51,1,8.22491,524.026,100.438,997.07
142,64,1,1747.87,2180.49,0,253.346
142,75,0,521.538,641.538,132.764,372.909
142,79,0,815.385,926.154,101.611,318.101
142,81,3,1987.31,2385,2.88462,111.635
142,83,1,1261.07,1736.56,0.189672,202.031
142,85,0,395.481,520.673,122.163,336.202
143,42,5,11.25,1080.62,690.954,1908.82
143,51,1,0,467.826,140.441,987.906
143,64,1,1767.67,2207.15,2.4369,254.685
143,75,0,474.471,597.067,144.808,387.115
143,79,0,774.135,884.327,103.774,333.534
143,81,3,1987.31,2385,2.88462,111.635
143,83,1,1234.94,1668.25,5.84762,206.02
143,85,0,395.481,520.673,122.163,336.202
144,42,5,10.625,1085,691.267,1906.46
144,51,1,3.8266,455.587,153.348,980.98
144,64,1,1764.85,2242.03,6.86959,253.869
144,75,0,425.24,549.375,156.851,397.284
144,79,0,729.375,853.702,117.909,349.976
144,83,1,1195.82,1662.68,0,213.792
145,42,5,11.25,1090.62,689.454,1910
145,51,1,0,461.922,158.529,1081.37
145,64,1,1782.18,2270.85,7.2042,251.177
145,75,0,378.221,502.548,161.971,415.817
145,79,0,682.981,806.25,120.793,373.63
145,83,1,1165.31,1641.68,0,226.619
146,42,5,10,1087.5,686.193,1895.91
146,51,1,0,481.22,62.0516,1052.6
146,64,1,1788.26,2295.41,7.28823,258.821
146,75,0,365.577,455.962,177.981,443.365
146,79,0,638.654,759.038,136.659,388.63
146,83,1,1138.28,1593.08,0.62218,235.592
146,86,3,1477.5,2307.5,1557.17,1915.95
146,87,3,1910.77,2276.92,1.58654,99.375
147,42,5,9.0625,1092.5,682.246,1887.83
147,51,1,0,481.22,62.0516,1052.6
147,64,1,1773.11,2335.6,6.13544,259.046
147,75,0,365.577,455.962,177.981,443.365
147,79,0,588.077,714.231,151.37,409.976
147,83,1,1118.31,1559.63,1.16508,245.108
147,86,3,1480,2268.75,1494.75,1915.49
147,87,3,1910.77,2276.92,1.58654,99.375
148,42,5,12.5,1095,682.433,1890.97
148,64,1,1788.27,2387.48,7.31702,268.128
148,79,0,542.356,663.029,168.606,427.933
148,83,1,1095.72,1528.34,1.06477,251.686
148,86,3,1481.25,2227.5,1432.45,1920
