2,1,0,2030.2,2233.48,696.067,1099.77
2,2,3,574.216,1046.27,199,524.746
2,3,5,8.125,1052.5,775.388,1920
2,4,3,1204.45,1558,102.78,344.109
2,5,0,1704.9,1939.25,1427.81,1911.81
2,6,3,0.994892,201.444,533.02,919.843
2,7,3,2004.81,2293.65,0.180287,134.099
2,8,3,700.407,1215.58,731.113,1274.15
2,9,0,1508.65,1625.19,0.612981,118.882
2,10,5,2.31653,466.374,95.1167,532.955
2,11,3,1123.96,1476.65,20.1312,218.746
2,13,4,555.817,660.337,515.769,785.769
3,1,0,2051.45,2248.57,659.085,1057.17
3,2,3,534.118,995.656,208.293,546.148
3,3,5,8.4375,1048.75,777.011,1920
3,4,3,1158.73,1526.09,103.503,353.483
3,5,0,1695.94,1922.14,1390.73,1916.11
3,6,3,0.930042,148.579,555.677,984.113
3,7,3,1980.38,2287.31,1.00962,136.154
3,8,3,704.911,1215.7,724.183,1266.29
3,9,0,1456.11,1580.82,2.1274,121.623
3,10,5,0,447.943,91.6626,533.366
3,11,3,1089.62,1444.73,11.4067,234.497
3,13,4,527.692,636.154,515.697,788.149
3,14,3,693.064,1045.67,69.4707,290.205
3,16,0,2358.5,2553.58,1374.77,1920
4,1,0,2065.29,2258.14,631.86,1019.68
4,2,3,484.729,953.422,218.972,558.73
4,3,5,7.5,1052.5,777.158,1920
4,4,3,1126.15,1482.47,109.67,367.821
4,5,0,1696.81,1902.74,1343.87,1920
4,6,3,0,102.797,573.576,1103.98
4,7,3,1942.88,2254.04,0,144.447
4,8,3,702.917,1214.7,724.111,1264.64
4,9,0,1412.98,1528.56,1.80289,132.188
4,10,5,0,425.882,106.209,554.759
4,11,3,1071.28,1407.74,9.57705,237.207
4,13,4,510.144,609.856,510.938,787.139
4,14,3,669.741,1030.18,57.5514,288.737
4,16,0,2329.29,2554.14,1300.12,1912.4
4,17,0,1777.55,1874.76,0.973556,81.0938
5,1,0,2083.64,2270.88,606.069,985.781
5,2,3,449.919,908.747,234.544,576.883
5,3,5,5.9375,1050,777.318,1920
5,4,3,1064.77,1443.24,121.914,381.645
5,5,0,1679.64,1890.12,1323.1,1905.64
5,6,3,1.74904,52.9497,646.469,1196.79
5,7,3,1899.04,2224.04,0,159.087
5,8,3,701.112,1214.15,727.994,1266.81
5,9,0,1412.98,1528.56,1.80289,132.188
5,10,5,0,443.114,118.952,571.02
5,11,3,1037.02,1401.8,15.4857,257.759
5,13,4,500.288,596.635,525.144,778.702
5,20,3,662.817,1071.09,10.5688,213.794
5,16,0,2297.74,2539.56,1235.75,1818.29
5,17,0,1728.37,1828.56,0,88.0889
6,1,0,2102.23,2286.07,583.237,952.978
6,2,3,397.278,866.571,246.504,592.456
6,3,5,5.625,1054.38,780.478,1920
6,4,3,1024.26,1404.02,135.507,392.086
6,5,0,1683.29,1885.16,1277.83,1874.19
6,6,3,1.74904,52.9497,646.469,1196.79
6,7,3,1878.37,2201.63,0,162.692
6,8,3,701.773,1215.06,728.891,1267.7
6,10,5,2.31524,304.016,166.51,590.265
6,11,3,1013.61,1397.66,16.5065,258.307
6,13,4,479.615,585,502.212,782.019
6,20,3,662.817,1071.09,10.5688,213.794
6,16,0,2264.26,2513.06,1174.74,1731.41
6,17,0,1690.26,1783.58,0,88.9904
6,18,3,2399.13,2560,0,67.6623
7,1,0,2121.12,2302.2,557.205,925.572
7,2,3,378.544,828.607,254.975,609.477
7,3,5,5.625,1056.88,780.88,1920
7,4,3,986.793,1358.76,140.075,413.879
7,5,0,1642.84,1868.95,1252.65,1820.3
7,7,3,1838.56,2164.52,1.51443,167.236
7,8,3,701.93,1212.72,728.631,1268.23
7,10,5,0.664492,287.707,147.88,606.012
7,11,3,998.794,1343.82,45.1467,267.042
7,13,4,465.577,564.423,520.024,782.668
7,16,0,2234.92,2476.32,1123.55,1657.34
7,17,0,1643.37,1747.4,1.55048,113.257
7,18,3,2350.77,2553.85,0,82.7164
7,14,3,557.987,925.531,97.9866,314.081
8,1,0,2141.05,2319.72,535.107,882.403
8,2,3,369.911,780.938,272.602,633.39
8,3,5,6.875,1054.38,778.874,1920
8,4,3,943.512,1322.72,153.085,427.726
8,5,0,1636.76,1857.69,1223.19,1790.15
8,7,3,1793.67,2136.26,1.93355,190.116
8,8,3,702.366,1213.9,731.924,1274.5
8,10,5,0,265.342,145.424,623.903
8,11,3,968.254,1315.81,55.6223,258.154
8,13,4,453.462,548.846,537.548,778.99
8,16,0,2210.31,2451.15,1062.33,1590.15
8,17,0,1601.06,1703.56,0,114.952
8,18,3,2318.75,2545.87,0,84.3389
8,14,3,527.072,888.829,109.1,344.961
9,1,0,2164.78,2328.21,510.233,860.008
9,2,3,259.439,733.975,282.201,652.809
9,3,5,5.625,1056.88,778.468,1920
9,4,3,900.703,1277.88,172.841,436.195
9,5,0,1631.3,1853.36,1193.3,1745.91
9,7,3,1772.21,2111.63,2.05055,193.103
9,8,3,701.487,1213.77,731.646,1274.29
9,10,5,0,233.901,154.036,649.515
9,11,3,944.365,1268.09,59.0345,267.359
9,13,4,433.966,528.341,498.461,784.615
9,16,0,2186.9,2413.9,1013.79,1530.02
9,17,0,1551.59,1660.72,2.16346,126.779
9,18,3,2297.5,2551.73,0,98.5457
9,14,3,476.137,868.007,109.153,364.623
10,1,0,2176.1,2341.54,487.92,833.02
10,2,3,166.16,691.968,301.006,662.853
10,3,5,5.3125,1057.5,783.454,1920
10,4,3,849.971,1238.6,184.248,457.084
10,5,0,1619.73,1837.26,1158.1,1717.5
10,7,3,1734.82,2075.16,6.47874,195.49
10,8,3,706.342,1211.43,726.412,1272.78
10,10,5,0,245.805,175.139,653.035
10,11,3,925.577,1249.81,75.7933,247.861
10,13,4,431.568,520.598,463.557,793.879
10,16,0,2171.69,2401.39,958.596,1465.33
10,17,0,1507.16,1618.99,1.44231,124.76
10,18,3,2262.31,2546.92,0,99.8077
10,14,3,448.986,828.475,125.145,360.833
11,1,0,2197.14,2354.85,463.414,799.369
11,2,3,100.917,642.92,297.781,674.962
11,3,5,5.625,1061.25,778.194,1920
11,4,3,807.031,1195.8,204.705,468.574
11,5,0,1605.59,1817.96,1126.2,1668.52
11,7,3,1707.35,2044.05,4.81241,208.361
11,8,3,698.079,1212.87,731.519,1270.99
11,10,5,4.8927,167.529,195.072,661.898
11,11,3,912.308,1216.92,89.2789,261.202
11,13,4,407.977,513.188,485.369,801.509
11,16,0,2161.26,2385.18,916.468,1406.18
11,17,0,1465.46,1560.7,0.0721121,132.548
11,18,3,2228.17,2522.6,0,104.82
11,14,3,414.083,789.059,124.259,375.462
12,1,0,2217.56,2368.16,447.551,773.368
12,2,3,38.5577,610.049,352.025,709.481
12,3,5,5.625,1060,777.634,1920
12,4,3,756.34,1152.73,197.82,485.254
12,5,0,1605.74,1804.82,1105.47,1642
12,7,3,1670.63,2009.81,6.06296,212.363
12,8,3,697.918,1211.58,732.991,1271.41
12,10,5,4.8927,167.529,195.072,661.898
12,11,3,885.379,1185.51,89.7483,299.604
12,13,4,399.519,503.558,503.51,787.644
12,16,0,2145.24,2356.93,872.431,1349.39
12,17,0,1415.53,1513.7,1.47836,137.704
12,18,3,2189.71,2493.37,0,108.75
12,14,3,376.974,759.533,136.268,385.79
13,1,0,2236.42,2390.48,428.148,748.21
13,2,3,23.8853,540.028,335.696,740.253
13,3,5,5.9375,1057.5,777.174,1920
13,4,3,706.179,1109.45,214.155,497.514
13,5,0,1599.25,1798.11,1080.12,1610
13,7,3,1634.37,1974.46,11.5582,217.004
13,8,3,698.914,1210.95,732.341,1278.97
13,11,3,871.774,1166.53,93.262,319.424
13,13,4,367.504,516.674,516.498,847.587
13,16,0,2143.87,2347.03,840.744,1292.99
13,17,0,1373.25,1469.83,4.03846,152.452
13,18,3,2158.46,2447.69,1.15385,109.904
13,14,3,371.216,721.672,136.929,394.938
13,21,0,1294.78,1607.9,1394.41,1915.37
14,1,0,2260.81,2406.7,414.864,722.74
14,2,3,1.76971,459.493,370.183,755.46
14,3,5,4.375,1056.88,781.814,1920
14,4,3,654.731,1064.26,226.853,516.79
14,5,0,1596.56,1801.56,1055.25,1579.86
14,7,3,1593.32,1943.27,16.5377,224.05
14,8,3,694.105,1210.54,734.54,1280.97
14,11,3,846.517,1145.99,98.6199,331.221
14,13,4,369.793,498.135,514.595,859.252
14,16,0,2119.17,2343.72,796.344,1238.43
14,17,0,1325.62,1420.53,5.98557,153.822
14,18,3,2117.4,2353.37,0,101.466
14,14,3,328.561,686.192,144.41,404.856
14,21,0,1280.4,1585.67,1352.69,1914.41
15,1,0,2280.23,2425.27,385.767,698.415
15,2,3,0,415.575,381.38,776.855
15,3,5,4.0625,1056.25,780.855,1920
15,4,3,605.076,1029.23,237.724,537.742
15,5,0,1592.47,1786.93,1035.29,1555.57
15,7,3,1564.9,1908.75,19.3418,231.412
15,8,3,692.038,1212.52,735.382,1275.51
15,11,3,825.201,1128.6,105.484,353.05
15,13,4,378.007,506.474,491.071,801.588
15,16,0,2122.76,2332.19,755.798,1196.06
15,17,0,1273.94,1376.83,5.04808,169.183
15,18,3,2092.21,2397.02,0.865384,118.702
15,14,3,246.814,663.398,160.647,437.205
15,21,0,1278.61,1568.76,1321.46,1916.05
15,23,0,2374.55,2558.17,1407.6,1920
16,1,0,2299.67,2442.28,374.927,675.377
16,2,3,7.18803,346.73,395.046,806.264
16,3,5,4.6875,1050,780.459,1920
16,4,3,556.38,981.388,250.659,554.473
16,5,0,1590.43,1788.21,1011.46,1526.93
16,7,3,1528.28,1869.37,25.497,239.022
16,8,3,697.32,1211.49,729.267,1273.83
16,11,3,791.869,1103.65,116.057,361.666
16,13,4,376.091,507.476,494.435,794.591
16,16,0,2114.85,2330.32,723.02,1145.59
16,17,0,1228.65,1339.04,0.865388,173.51
16,18,3,2051.35,2339.42,1.55048,122.416
16,14,3,243.037,642.441,136.795,408.932
16,21,0,1267.78,1544.5,1275.7,1889.43
16,23,0,2342.38,2556.41,1348.02,1916.92
17,1,0,2324.61,2468.59,356.802,648.293
17,2,3,0,431.151,405.195,841.433
17,3,5,6.25,1050.62,780.756,1920
17,4,3,510.509,928.213,267.923,566.115
17,5,0,1592.24,1789.66,986.55,1500.51
17,7,3,1497.05,1838.3,32.0366,246.162
17,8,3,698.195,1210.86,726.464,1272.16
17,11,3,774.77,1080.67,129.499,371.979
17,13,4,376.091,507.476,494.435,794.591
17,16,0,2119.21,2320.01,686.499,1101.35
17,17,0,1182.88,1290.96,13.4856,178.486
17,18,3,2014.13,2284.33,1.65865,127.139
17,14,3,203.593,610.775,121.714,434.331
17,21,0,1257.72,1536.55,1237.42,1844.3
17,23,0,2308.05,2553.58,1291.82,1869.26
17,24,0,1877.46,2152.3,1406.23,1920
18,1,0,2349.04,2486.73,339.001,631.669
18,3,5,2.1875,1053.75,775.557,1920
18,4,3,456.609,872.659,282.867,582.263
18,5,0,1589.27,1792.41,974.694,1470.42
18,2,3,0,290.09,439.137,867.677
18,7,3,1460.59,1805.19,35.2193,253.328
18,8,3,696.539,1209.58,731.484,1273.46
18,11,3,741.209,1052,140.745,392.577
18,131,4,420.938,508.293,507.476,783.678
18,16,0,2126.44,2318.07,658.726,1059.44
18,17,0,1129.04,1229.42,2.16346,195.433
18,18,3,1980.1,2287.6,0,135.938
18,14,3,165.444,583.428,170.318,454.404
18,21,0,1259.72,1511.93,1209.27,1789.54
18,23,0,2272.7,2532.72,1238.02,1794.15
18,24,0,1880.97,2130.89,1344.48,1917.43
19,1,0,2372.42,2511.84,318.769,611.258
19,3,5,3.4375,1055,776.236,1920
19,4,3,427.097,824.216,290.772,606.072
19,5,0,1590.68,1791.77,950.476,1446.2
19,2,3,0.329943,237.557,459.753,907.382
19,7,3,1423.28,1769.48,42.8382,261.054
19,8,3,695.576,1209.87,731.65,1280.62
19,11,3,711.835,1029.45,148.931,407.681
19,131,4,417.091,509.062,525.072,779.928
19,16,0,2132.15,2322.29,629.418,1022.81
19,17,0,1087.16,1200.53,33.75,201.058
19,18,3,1934.13,2265.87,0,152.885
19,14,3,135.434,558.475,167.349,464.851
19,21,0,1239.1,1502.44,1184.79,1739.16
19,23,0,2231.32,2478.57,1181.64,1727.94
19,24,0,1880.9,2118.82,1274.68,1868.71
20,1,0,2397.72,2542.69,302.483,590.508
20,3,5,3.4375,1052.5,779.841,1920
20,4,3,377.161,781.816,309.115,624.03
20,5,0,1601.6,1790.72,938.835,1431.66
20,2,3,3.41057,176.874,478.01,946.434
20,7,3,1388.08,1738.19,46.8504,270.951
20,8,3,702.598,1209.91,731.107,1280.68
20,11,3,677.207,1003.63,161.905,420.845
20,131,4,417.091,509.062,525.072,779.928
20,16,0,2148.9,2326.52,600.744,985.331
20,17,0,1040.48,1154.9,4.90385,205.673
20,18,3,1898.27,2218.65,0.576925,160.24
20,14,3,94.2812,528.36,162.692,480.194
20,21,0,1218.46,1514.19,1144.1,1704.79
20,23,0,2202.73,2456.54,1132,1663.05
20,24,0,1876.04,2117.09,1213.74,1791.18
21,1,0,2431.73,2555.96,286.37,572.091
21,3,5,3.75,1053.12,774.768,1920
21,4,3,344.489,720.015,322.541,644.964
21,5,0,1602.46,1794.75,918.206,1402.44
21,2,3,0,134.589,503.708,1030.89
21,7,3,1355.83,1703.21,60.4547,280.14
21,8,3,698.737,1210.27,733.603,1276.38
21,11,3,645.762,981.233,178.827,438.162
21,131,4,434.327,509.519,509.207,784.255
21,16,0,2153.76,2340,576.843,959.58
21,17,0,992.788,1102.6,17.8846,221.394
21,18,3,1850.38,2180.38,0.721157,166.731
21,14,3,64.6886,496.389,176.201,498.466
21,21,0,1227.54,1490.5,1115.19,1664.57
21,23,0,2183.56,2419.72,1085.44,1605.84
21,24,0,1866.51,2101.35,1154.53,1722.74
21,25,0,2347.84,2560,1443.19,1917.48
22,1,0,2453.85,2558.46,272.668,550.601
22,3,5,7.1875,1052.5,769.383,1920
22,4,3,230.595,682.655,332.275,676.794
22,5,0,1603.28,1792.96,903.46,1374.06
22,2,3,0,134.589,503.708,1030.89
22,7,3,1317.93,1672.95,64.2084,291.755
22,8,3,695.639,1209.93,735.137,1281.63
22,9,0,637.356,757.26,72.5481,249.087
22,11,3,611.78,950.709,187.179,456.516
22,131,4,431.106,505.817,504.014,780.216
22,16,0,2165.19,2348.5,549.345,919.469
22,17,0,953.269,1049.81,28.5577,224.423
22,18,3,1818.08,2138.85,4.03846,176.827
22,14,3,16.2387,476.147,199.662,511.403
22,21,0,1226.28,1483.27,1085.42,1635.88
22,23,0,2170.35,2399.5,1037.04,1543.77
22,24,0,1866.29,2100.18,1105.47,1660.38
22,25,0,2326.86,2557.52,1388.06,1920
23,1,0,2483.75,2559.33,251.466,530.841
23,3,5,6.875,1051.88,769.899,1920
23,4,3,177.33,633.158,353.189,710.907
23,5,0,1601.51,1795.59,881.025,1361.26
23,7,3,1279.94,1642.4,70.309,296.636
23,8,3,695.22,1210.27,730.812,1282.2
23,9,0,637.356,757.26,72.5481,249.087
23,11,3,577.57,925.469,204.442,470.349
23,13,4,379.183,483.125,533.51,780.721
23,16,0,2187.15,2356.76,524.844,882.99
23,17,0,901.442,1004.71,30.649,233.582
23,18,3,1770.96,2102.88,3.46154,182.885
23,14,3,0,454.647,202.525,523.613
23,21,0,1230.84,1485.15,1061.66,1608.9
23,23,0,2159.91,2384.4,994.302,1494.4
23,24,0,1870.98,2104.92,1065.47,1605.41
23,25,0,2311.54,2545.15,1327.32,1898.59
24,1,0,2510.84,2559.93,236.899,523.486
24,3,5,7.5,1055.62,771.025,1920
24,4,3,121.184,581.85,368.211,719.61
24,5,0,1606.72,1794.3,866.903,1332.25
24,7,3,1249.07,1608.1,77.3073,312.478
24,8,3,693.577,1210.51,731.516,1283.71
24,11,3,535.933,896.192,215.93,482.796
24,13,4,373.114,505.142,532.725,835.606
24,16,0,2199.21,2372.63,505.885,856.012
24,17,0,853.221,956.01,84.4471,242.668
24,18,3,1729.15,2065.77,5.30723,197.014
24,14,3,1.74961,423.553,219.344,532.496
24,21,0,1230.72,1482.55,1034.56,1572.26
24,23,0,2158.23,2385.1,951.456,1439.97
24,24,0,1869.53,2106.96,1014.06,1538.93
24,25,0,2287.04,2534.68,1272.89,1821.34
25,1,0,2510.84,2559.93,236.899,523.486
25,3,5,5.3125,1056.25,777.992,1920
25,4,3,64.0845,500.368,383.242,734.555
25,5,0,1607.71,1789.1,855.529,1311.21
25,7,3,1213.89,1572.92,83.1258,322.212
25,8,3,691.612,1208.55,734.159,1284.41
25,9,0,530.096,672.981,115.24,280.529
25,11,3,492.893,858.826,227.199,505.485
25,13,4,373.114,505.142,532.725,835.606
25,16,0,2215.1,2387.64,486.074,824.622
25,17,0,800.24,912.067,74.9279,250.457
25,18,3,1694.28,2023.42,4.99987,208.151
25,14,3,0.771103,308.122,248.474,548.191
25,21,0,1236.48,1485.57,1010.01,1544.45
25,23,0,2139.41,2366.38,919.629,1391.04
25,24,0,1886.8,2111.4,981.202,1491.91
25,25,0,2274.16,2514.3,1221.71,1757.19
26,3,5,7.5,1056.25,780.628,1920
26,4,3,9.04747,468.422,401.228,765.646
26,5,0,1601.35,1787.72,838.344,1293.36
26,7,3,1181.86,1541.59,89.7735,329.517
26,8,3,699.156,1209.57,731.456,1277.42
26,9,0,501.49,633.125,124.327,282.115
26,11,3,460.417,825.457,246.625,520.998
26,13,4,379.567,485.048,541.731,774.808
26,16,0,2236.84,2406.16,462.895,796.56
26,17,0,753.269,857.5,72.9808,260.481
26,18,3,1656.8,1984.66,9.34744,211.041
26,14,3,0,240.928,255.656,570.564
26,21,0,1241.84,1480.23,990.151,1503.99
26,23,0,2148.17,2358.11,878,1325.41
26,24,0,1899.83,2116.38,933.397,1445.35
26,25,0,2257.52,2497.84,1164,1695.31
27,3,5,7.5,1055.62,777.875,1920
27,4,3,4.75899,435.907,415.886,784.96
27,5,0,1593.59,1790.66,822.33,1277.12
27,7,3,1140.39,1512.99,97.3014,339.501
27,8,3,699.445,1212.11,731.909,1278.81
27,9,0,468.51,605.337,137.019,285.865
27,11,3,416.71,790.224,256.708,537.073
27,13,4,376.898,498.232,525.499,845.952
27,16,0,2253.86,2413.66,441.621,769.793
27,17,0,709.663,811.106,70.1683,271.37
27,18,3,1618.22,1942.1,15.2095,220.354
27,14,3,0,232.719,258.16,571.878
27,21,0,1245.11,1481.58,970.705,1492.76
27,23,0,2154.76,2355.33,841.243,1267.49
27,24,0,1908.9,2122.38,908.34,1400.44
27,25,0,2236.18,2472.36,1112.8,1638.44
27,32,3,1669.76,2496.21,1693.3,1920
28,3,5,5.9375,1058.75,781.122,1920
28,4,3,3.82143,337.366,434.091,806.982
28,5,0,1583.33,1779.33,807.458,1254.21
28,7,3,1106.18,1477.06,106.252,353.455
28,8,3,693.341,1213.57,738.029,1287.6
28,9,0,435.288,577.019,147.873,284.243
28,11,3,388.595,747.538,272.774,555.615
28,131,4,420.962,508.269,513.462,778.846
28,16,0,2269.75,2429.86,425.141,742.828
28,17,0,658.942,766.442,107.019,283.846
28,18,3,1569.58,1913.42,17.1993,227.004
28,14,3,2.56781,164.688,283.896,558.999
28,21,0,1241.91,1485.57,944.207,1460.43
28,23,0,2149.76,2359.5,806.331,1215.4
28,24,0,1925.67,2129.84,870.718,1351.66
28,25,0,2233.89,2463.01,1075.35,1573.37
28,32,3,1647.5,2485,1615.27,1920
29,3,5,5.9375,1056.25,777.355,1920
29,4,3,2.62623,329.48,461.224,836.444
29,5,0,1547.68,1768.29,799.395,1237.24
29,20,3,0,296.384,211.964,473.638
29,7,3,1070.39,1446.74,115.563,362.419
29,8,3,697.424,1213.73,734.779,1284.76
29,9,0,409.183,542.356,140.769,291.923
29,11,3,360.193,707.752,286.393,576.4
29,131,4,422.933,506.298,523.99,781.01
29,16,0,2292.43,2447.2,401.493,721.437
29,17,0,615.769,720.385,93.1731,297.692
29,18,3,1534.79,1869.2,22.7409,238.23
29,14,3,2.56781,164.688,283.896,558.999
29,21,0,1241.53,1492.55,923.686,1427.46
29,23,0,2151.77,2359.01,774.181,1167.14
29,24,0,1924.84,2134.4,837.171,1298.33
29,25,0,2218.96,2459.25,1034.45,1519.99
29,32,3,1657.5,2440,1551.63,1916.51
30,3,5,5.3125,1057.5,776.086,1920
30,4,3,0,310.709,483.643,868.135
30,5,0,1540.63,1765.04,783.544,1227.74
30,20,3,0.184755,286.807,216.248,492.361
30,7,3,1031.46,1413.97,125.588,373.546
30,8,3,693.079,1214.58,732.202,1286.15
30,9,0,382.837,515.625,148.341,320.12
30,11,3,241.268,669.61,290.935,613.673
30,131,4,409.375,499.856,528.245,779.062
30,16,0,2310.13,2464.79,388.531,691.079
30,17,0,572.548,672.837,105.938,313.486
30,18,3,1496.69,1837.61,25.4365,244.908
30,21,0,1243.65,1497.45,907.063,1398.21
30,23,0,2150.77,2351.74,741.758,1117.07
30,24,0,1925.42,2131.95,799.226,1243.59
30,25,0,2218.82,2452.91,982.468,1469.43
30,32,3,1662.5,2422.5,1490.71,1920
31,3,5,6.25,1058.75,771.82,1920
31,4,3,0,249.05,500.358,910.674
31,5,0,1536.78,1746.03,773.886,1218.57
31,20,3,0,271.72,226.768,535.17
31,7,3,1001.63,1378.72,134.013,386.553
31,8,3,689.434,1216.18,734.755,1291.01
31,9,0,382.837,515.625,148.341,320.12
31,11,3,192.499,621.311,313.113,630.266
31,13,4,378.443,499.837,512.532,854.466
31,16,0,2333.93,2494.48,371.908,672.725
31,17,0,524.615,636.923,105.433,322.644
31,18,3,1454.38,1800.16,34.5433,250.401
31,21,0,1253.48,1492.22,883.646,1380.58
31,23,0,2151.7,2345.35,708.739,1081.79
31,24,0,1920.9,2127.56,764.09,1211.28
31,25,0,2225.81,2438.48,951.869,1419.04
31,32,3,1676.25,2395,1424.9,1920
32,3,5,7.1875,1056.25,771.638,1920
32,4,3,0,194.789,523.98,934.847
32,5,0,1523.79,1726.01,758.162,1199.6
32,20,3,0,268.41,241.008,544.554
32,7,3,963.978,1348.08,142.346,395.381
32,8,3,691.725,1215.39,734.81,1291
32,11,3,139.993,572.458,315.689,627.963
32,131,4,411.37,503.245,514.183,781.587
32,16,0,2353.37,2505.41,350.278,647.954
32,17,0,481.202,587.26,128.221,329.567
32,18,3,1414.18,1759.71,40.7973,259.867
32,21,0,1270.97,1501.6,872.877,1355.46
32,23,0,2149.98,2339.2,684.539,1034.53
32,24,0,1921.73,2108.64,728.792,1158.12
32,25,0,2225.61,2438.39,917.469,1359.02
32,32,3,1683.75,2382.5,1375.73,1920
33,3,5,5.3125,1056.25,776.852,1920
33,4,3,0,153.839,543.065,1009.89
33,5,0,1503.82,1709.77,749.198,1181.2
33,20,3,0,235.433,252.102,539.004
33,7,3,926.747,1316.19,152.753,407.103
33,8,3,687.445,1213.8,728.099,1285.85
33,11,3,87.5028,532.323,350.574,654.203
33,131,4,409.159,504.688,508.413,779.279
33,16,0,2378.9,2530.61,330.125,623.831
33,17,0,433.077,543.077,127.356,344.567
33,18,3,1377.97,1721.48,46.3898,267.961
33,21,0,1277,1506.67,860.188,1321.58
33,23,0,2151.41,2336.73,658.445,994.072
33,24,0,1913.38,2095.08,692.596,1113.21
33,25,0,2228.39,2436.21,879.183,1318.37
33,32,3,1682.5,2363.75,1317.1,1920
34,3,5,4.6875,1053.75,770.977,1920
34,4,3,0,153.839,543.065,1009.89
34,5,0,1497.07,1691.67,737.46,1164.38
34,20,3,0,184.209,266.543,542.791
34,7,3,892.313,1282.61,159.03,420.352
34,8,3,693.021,1212.36,725.513,1283.61
34,11,3,47.1476,470.447,354.283,702.523
34,131,4,409.159,504.688,508.413,779.279
34,16,0,2400.34,2548.09,313.869,603.799
34,17,0,394.087,505.913,140.553,350.986
34,18,3,1332.82,1687.75,52.1475,277.703
34,21,0,1280.57,1511.88,842.084,1311.88
34,23,0,2151.06,2327.34,629.975,971.887
34,24,0,1902.83,2083.12,658.255,1067.67
34,25,0,2227.29,2431.14,841.695,1271.81
34,32,3,1707.61,2345.09,1280.64,1911.62
35,3,5,6.5625,1048.75,767.997,1920
35,5,0,1486.55,1682.86,728.411,1155.12
35,20,3,0,176.908,276.077,557.498
35,7,3,851.834,1250.07,166.145,433.647
35,8,3,693.198,1212.92,732.578,1285.59
35,11,3,1.89812,438.768,389.453,714.326
35,131,4,402.019,501.058,508.197,787.572
35,16,0,2433.94,2553.75,292.572,585.505
35,17,0,361.875,464.279,147.837,342.837
35,18,3,1290.84,1654.55,60.7743,290.133
35,21,0,1278.48,1509.9,823.141,1299.87
35,23,0,2144.08,2331.09,598.799,944.572
35,24,0,1899.96,2078.27,625.544,1021.64
35,25,0,2225.39,2428.28,805.381,1228.26
35,32,3,1709.03,2335.7,1236.15,1831.84
36,3,5,5.9375,1052.5,774.662,1920
36,5,0,1452.09,1655.02,718.117,1144
36,20,3,0,164.905,286.357,547.648
36,7,3,815.238,1220.78,173.92,446.424
36,8,3,692.164,1213.15,735.713,1279.68
36,11,3,2.45611,439.192,401.77,747.89
36,131,4,407.764,501.466,506.322,788.293
36,16,0,2453.7,2558.61,285.433,571.875
36,17,0,361.875,464.279,147.837,342.837
36,18,3,1247.26,1616.52,66.6922,297.314
36,21,0,1284.95,1512.03,808.036,1284.53
36,23,0,2145.33,2325.79,576.373,938.564
36,24,0,1899.42,2074.5,597.804,974.975
36,25,0,2218.21,2417.34,778.11,1188.93
36,32,3,1723.79,2331.48,1190.96,1784.83
37,3,5,5.625,1048.75,775.615,1920
37,5,0,1440.02,1640.38,707.309,1140.16
37,20,3,0,164.905,286.357,547.648
37,7,3,781.154,1182.86,186.481,458.984
37,8,3,694.02,1210.45,728.826,1284.47
37,11,3,0.0420761,323.324,418.925,774.849
37,131,4,407.212,499.712,508.414,786.202
37,16,0,2487.28,2558.87,257.885,564.808
37,18,3,1215.63,1573.17,76.4523,309.537
37,21,0,1282.25,1517.6,804.983,1269.65
37,23,0,2143.53,2325.63,551.481,869.673
37,24,0,1901.82,2067.79,564.937,939.47
37,25,0,2209.84,2405.3,737.953,1149.87
37,32,3,1737.08,2333.59,1155.45,1724.34
38,3,5,6.25,1050.62,776.994,1920
38,5,0,1405.17,1606.61,705.942,1113.51
38,7,3,743.661,1151.29,197.193,468.336
38,8,3,688.114,1211.78,728.726,1288.39
38,11,3,0,280.789,445.976,805.019
38,131,4,406.49,498.125,519.663,783.029
38,16,0,2512.15,2558.62,251.178,532.861
38,18,3,1171.78,1538.7,82.9102,317.651
38,21,0,1287.38,1519.79,804.587,1251.78
38,23,0,2141.37,2323.25,524.641,840.974
38,24,0,1896.49,2077.26,538.577,892.01
38,25,0,2213.24,2389.86,714.432,1111.25
38,32,3,1745.29,2342.39,1111.63,1664.57
39,3,5,6.875,1045.62,776.424,1920
39,5,0,1368.99,1568.04,687.929,1111.32
39,7,3,707.332,1118.26,207.422,481.928
39,8,3,692.207,1212.18,731.325,1286.9
39,9,0,117.981,257.019,247.788,501.058
39,11,3,0,227.845,471.211,832.364
39,131,4,408.894,495.721,518.293,780.938
39,16,0,2512.15,2558.62,251.178,532.861
39,18,3,1133.7,1503.77,87.832,328.367
39,21,0,1297.77,1526.46,787.691,1238.06
39,23,0,2159.58,2325.43,502.364,799.967
39,24,0,1909.63,2076.04,502.991,852.883
39,25,0,2203.84,2386.56,686.14,1071.78
39,32,3,1756.99,2340.54,1075.41,1626.73
40,3,5,6.25,1046.88,778.62,1920
40,5,0,1368.99,1568.04,687.929,1111.32
40,7,3,667.498,1085.05,218.181,495.077
40,8,3,695.202,1214.54,730.003,1290.21
40,9,0,78.7031,239.641,255.45,525.1
40,11,3,0,173.835,496.081,884.56
40,131,4,409.351,497.572,510.793,786.13
40,18,3,1097.74,1470.16,101.847,344.802
40,21,0,1300.08,1515.55,789.932,1221.78
40,23,0,2155.6,2330.38,481.911,759.918
40,24,0,1917.38,2086.62,468.626,819.855
40,25,0,2197.94,2375.95,659.014,1031.97
40,32,3,1768.78,2342.44,1041.17,1567.25
41,3,5,7.5,1048.75,774.582,1920
41,7,3,627.281,1051.82,222.15,510.534
41,8,3,691.068,1211.93,731.821,1294.98
41,9,0,57.7713,214.597,260.422,543.912
41,11,3,0,173.835,496.081,884.56
41,131,4,413.942,496.827,510.361,786.562
41,18,3,1054.81,1430.15,102.301,350.698
41,21,0,1301.07,1519.91,786.626,1208.57
41,23,0,2173.37,2342.65,456.162,754.128
41,24,0,1934.74,2102.29,440.076,782.155
41,25,0,2193.37,2374.01,631.421,1003.15
41,32,3,1787.93,2357.13,1001.35,1537.15
42,3,5,5.9375,1046.25,776.243,1920
42,7,3,593.397,1021.95,238.581,523.396
42,8,3,693.67,1214.15,728.486,1287.94
42,9,0,27.2255,186.366,284.5,550.88
42,131,4,415.312,493.918,515.337,787.356
42,18,3,1014.81,1394.39,107.57,361.517
42,21,0,1296.67,1523.95,779.413,1197.97
42,23,0,2197,2360.31,436.814,700.669
42,24,0,1955.59,2120.59,416.996,749.219
42,25,0,2196.08,2367.11,598.789,973.528
42,32,3,1796.24,2353.68,971.361,1485.25
43,3,5,5.9375,1047.5,775.686,1920
43,7,3,554.263,980.284,244.323,541.789
43,8,3,698.889,1215.95,727.268,1278.86
43,9,0,10.6965,157.698,285.171,564.812
43,131,4,414.279,496.49,507.909,791.322
43,18,3,978.543,1357.11,119.412,367.734
43,21,0,1291.05,1527.04,754.694,1183.97
43,23,0,2214.76,2373.55,415.342,688.838
43,24,0,1985.95,2138.07,386.53,709.26
43,25,0,2204.78,2367.45,577.078,931.895
43,32,3,1805.38,2365.14,939.616,1442.46
44,3,5,3.125,1045,779.795,1920
44,7,3,518.467,942.645,259.438,549.092
44,8,3,695.301,1211.86,731.801,1284.27
44,9,0,0.673075,129.808,313.125,581.106
44,131,4,413.798,495.433,509.567,791.971
44,18,3,940.848,1323.73,132.313,378.973
44,21,0,1316.33,1525.57,754.733,1178.18
44,23,0,2233.71,2379.03,391.066,680.712
44,24,0,2021.32,2172.36,367.781,679.514
44,25,0,2206.73,2366.29,551.282,898.134
44,32,3,1820.98,2353.81,910.821,1396.65
45,3,5,4.6875,1045,778.534,1920
45,7,3,475.245,914.749,264.822,561.128
45,8,3,688.094,1215.48,731.302,1285.8
45,9,0,0.961537,108.173,308.077,603.461
45,131,4,411.418,495.505,516.779,789.375
45,18,3,899.405,1284.78,135.201,395.504
45,21,0,1324.83,1532.68,732.529,1164.38
45,23,0,2246.71,2409.19,379.957,626.86
45,24,0,2055.8,2209.7,344.069,647.394
45,25,0,2213.57,2366.31,523.496,870.984
45,32,3,1833.54,2364.16,881.571,1368.82
45,44,0,2163.36,2419.42,1284.75,1910.77
46,3,5,2.8125,1047.5,780.176,1920
46,5,0,1185.61,1393.14,648.865,1036.87
46,7,3,445.287,874.334,281.237,571.599
46,8,3,700.139,1213.05,727.612,1280.75
46,9,0,0.264425,80.3606,325.385,610.385
46,131,4,419.351,499.111,505.889,787.572
46,18,3,861.501,1249.8,147.509,401.084
46,21,0,1328.38,1534.38,725.929,1156.3
46,23,0,2281.11,2420.43,363.101,615.938
46,24,0,2097.95,2249.35,322.529,618.827
46,25,0,2225.53,2378.87,501.901,847.084
46,32,3,1850.96,2363.5,848.615,1321.22
46,44,0,2166.92,2399.36,1246.45,1846.31
47,3,5,4.0625,1052.5,775.836,1920
47,5,0,1154.26,1362.21,653.868,1016.71
47,7,3,427.306,839.741,287.941,589.611
47,8,3,707.255,1214.32,730.282,1277.78
47,9,0,3.11298,49.3389,334.327,650.481
47,131,4,396.285,509.16,417.652,797.457
47,18,3,817.385,1217.52,157.023,414.732
47,21,0,1330.79,1544.06,713.12,1148.14
47,23,0,2294.05,2452.68,339.896,595.321
47,24,0,2144.79,2287.44,296.657,578.354
47,25,0,2230.03,2386.63,488.868,814.248
47,32,3,1860.7,2378.52,831.439,1288.5
47,44,0,2164.44,2390.39,1201.93,1786.75
48,3,5,3.75,1060,772.604,1920
48,5,0,1141.86,1351.88,649.779,1029.95
48,7,3,395.028,805.655,302.009,601.917
48,8,3,699.844,1201.73,733.924,1283.9
48,9,0,3.11298,49.3389,334.327,650.481
48,131,4,399.104,501.277,439.558,794.311
48,18,3,776.12,1182.46,164.045,421.001
48,21,0,1340.54,1546.62,706.069,1141.94
48,23,0,2318.4,2463.23,318.999,599.254
48,24,0,2188.09,2327.47,269.243,564.349
48,25,0,2248.37,2394.65,468.325,785.47
48,32,3,1875.11,2381.43,803.898,1249.28
48,44,0,2165.09,2384.14,1168.04,1728.53
49,3,5,3.125,1057.5,779.159,1920
49,5,0,1132.36,1346.66,655.985,1030.49
49,7,3,373.987,764.949,318.696,619.888
49,8,3,703.934,1198.16,729.469,1280.25
49,131,4,408.365,503.173,511.298,784.471
49,18,3,731.519,1143.2,174.224,440.041
49,21,0,1349.01,1550.12,701.026,1134.46
49,23,0,2354.71,2482.21,309.303,564.159
49,24,0,2247.74,2364.57,257.091,507.332
49,25,0,2253.46,2393.49,450.506,756.359
49,32,3,1881.95,2384.7,779.026,1226.59
49,44,0,2161.11,2379.87,1123.59,1673.11
50,3,5,4.0625,1060,780.724,1920
50,5,0,1113.48,1327.12,650.308,1033.04
50,7,3,315.904,722.242,323.965,631.511
50,8,3,704.372,1200.29,727.732,1276.5
50,131,4,417.26,501.971,504.231,788.077
50,18,3,697.482,1102.93,177.617,454.176
50,21,0,1355.56,1559.07,692.449,1116.57
50,23,0,2378.89,2501.11,287.308,561.923
50,24,0,2301.01,2412.84,238.197,467.957
50,25,0,2260.66,2410.89,424.515,732.165
50,32,3,1892.57,2388.24,750.955,1195.69
50,44,0,2149.37,2366.9,1086.64,1630.56
50,50,0,1797.1,2116.31,1476.39,1915.2
51,3,5,2.5,1058.12,778.103,1920
51,5,0,1119.49,1307.46,657.71,1030.06
51,7,3,224.17,697.895,339.095,661.282
51,8,3,696.077,1197.72,732.823,1281.73
51,131,4,411.803,495.889,533.221,779.856
51,18,3,660.431,1061.15,191.274,466.855
51,21,0,1355.74,1568.52,685.849,1107.64
51,23,0,2403.85,2531.54,271.226,531.274
51,24,0,2301.01,2412.84,238.197,467.957
51,25,0,2277.8,2420.77,405.808,714.549
51,32,3,1896.48,2389.39,728.911,1164.72
51,44,0,2143.47,2355.32,1052.21,1578.61
51,50,0,1798.44,2084.36,1405.85,1916.19
51,53,3,2211.73,2489.81,0,102.909
52,3,5,5.9375,1060,775.113,1920
52,5,0,1115.32,1309.62,664.806,1030.46
52,7,3,174.677,672.928,348.089,662.966
52,8,3,702.293,1206.51,732.799,1281.37
52,131,4,407.74,499.952,506.683,787.933
52,18,3,617.743,1026.32,205.117,475.244
52,21,0,1360.28,1575.22,678.484,1100.95
52,23,0,2427.79,2553.75,246.562,523.053
52,25,0,2299.41,2439.71,386.07,695.679
52,32,3,1904.22,2388.06,706.431,1149.32
52,44,0,2139.69,2348.48,1014.96,1530.93
52,50,0,1769.76,2079.83,1330.58,1910.76
52,53,3,2153.94,2433.75,0,109.435
53,3,5,6.25,1058.12,774.543,1920
53,5,0,1110.77,1309.23,655.829,1032.45
53,7,3,156.127,643.907,353.089,663.273
53,8,3,707.406,1203.45,726.272,1283.14
53,131,4,409.038,498.654,497.668,788.87
53,18,3,576.593,984.82,216.909,487.754
53,21,0,1368.92,1577.2,667.257,1087.35
53,23,0,2454.86,2560,241.587,504.375
53,25,0,2316.91,2453.73,375.171,668.017
53,32,3,1917.44,2388.46,682.155,1119.25
53,44,0,2135.33,2334,985.304,1485.65
53,50,0,1756.88,2048.31,1264.96,1916.8
53,53,3,2096.06,2377.79,2.23557,117.332
54,3,5,5.9375,1056.25,773.097,1920
54,5,0,1111.56,1315.39,661.403,1024.73
54,7,3,110.043,593.908,370.281,708.714
54,8,3,705.627,1205.93,728.71,1289.26
54,131,4,409.038,498.654,497.668,788.87
54,18,3,539.44,945.679,225.977,503.177
54,21,0,1380.46,1584.89,658.898,1078.89
54,23,0,2454.86,2560,241.587,504.375
54,25,0,2328.05,2479.53,357.151,644.473
54,32,3,1921.86,2391.64,669.69,1064.1
54,44,0,2130.74,2327.55,953.941,1446.77
54,50,0,1745.61,2031.96,1201.23,1842.73
54,53,3,2035.67,2324.33,1.47836,132.079
54,63,3,839.231,1245.38,0.757213,126.671
55,3,5,5,1060.62,770.184,1920
55,5,0,1111.56,1315.39,661.403,1024.73
55,7,3,75.6922,550.431,377.303,731.718
55,8,3,703.314,1204.59,728.871,1283.97
55,131,4,403.75,496.25,520.385,783.462
55,18,3,494.446,902.076,238.342,522.186
55,21,0,1390.41,1592.93,655.134,1067.31
55,25,0,2348.64,2491.89,339.951,624.829
55,32,3,1928.17,2387.47,641.708,1038.83
55,44,0,2123.96,2320.24,919.818,1406.9
55,50,0,1748.36,2020.54,1131.25,1769.08
55,53,3,1982.21,2276.25,0,141.022
55,63,3,815.769,1182.69,0.649045,132.043
56,3,5,2.5,1059.38,781.762,1920
56,7,3,41.3601,505.554,388.12,744.531
56,8,3,706.46,1201.9,724.982,1279.14
56,131,4,403.75,496.25,520.385,783.462
56,18,3,462.852,861.526,248.643,532.868
56,21,0,1395.33,1595.02,646.523,1061.07
56,25,0,2364.32,2515.76,323.544,602.843
56,32,3,1938.22,2384.56,625.823,1019.47
56,44,0,2125.98,2313.4,885.808,1358.83
56,50,0,1761.96,1998.29,1088.41,1691.79
56,53,3,1909.33,2219.9,0,159.303
56,63,3,730.673,1104.71,0.576918,132.332
57,3,5,3.75,1058.12,781.421,1920
57,7,3,4.40088,467.463,407.388,758.53
57,8,3,700.74,1196.9,724.174,1276.91
57,131,4,410.096,497.596,522.837,781.01
57,18,3,404.056,824.267,255.478,548.976
57,21,0,1399.23,1596.25,640.627,1048.05
57,25,0,2381.69,2530.5,307.081,587.063
57,32,3,1953.21,2387.21,610.143,987.508
57,44,0,2113.45,2304.1,860.91,1324.67
57,50,0,1762.41,2001,1032.94,1618.32
57,53,3,1855.77,2165.77,1.80289,165.938
57,63,3,685.962,1038.65,1.80288,152.668
58,3,5,2.8125,1058.75,780.352,1920
58,7,3,3.67531,432.513,421.755,773.498
58,8,3,699.138,1197.12,727.083,1280.83
58,131,4,408.534,496.851,515.625,785.913
58,18,3,390.305,780.076,268.222,561.935
58,21,0,1405.8,1602.18,631.537,1034.02
58,25,0,2414.42,2536.35,283.774,570.649
58,32,3,1957.47,2392.42,594.042,973.81
58,44,0,2115.68,2304.02,833.655,1281.94
58,50,0,1761.95,1998.17,984.904,1561.22
58,53,3,1787.69,2107.69,5.76923,183.029
58,63,3,607.689,990.809,0,167.829
58,71,0,2294.19,2548.68,1473.86,1915.89
59,3,5,5.3125,1051.25,782.23,1920
59,5,0,1127,1298.86,665.33,1021.91
59,7,3,8.9933,435.612,433.88,782.46
59,8,3,703.991,1198.94,726.436,1279.17
59,131,4,410.312,497.38,520.385,785.769
59,18,3,388.405,741.783,285.176,576.461
59,21,0,1399.1,1602.55,627.612,1029.84
59,25,0,2440.1,2556.83,272.74,550.529
59,32,3,1968,2390.63,568.301,935.846
59,44,0,2113.29,2295.17,800.761,1246.1
59,50,0,1762.18,1995.07,934.641,1495.96
59,53,3,1725.59,2049.15,4.29302,198.449
59,63,3,540.748,926.072,0,170.888
59,71,0,2288.95,2543.94,1421.24,1919.15
59,77,3,2305.19,2547.12,0,86.2139
60,3,5,4.6875,1050,784.922,1920
60,5,0,1127,1298.86,665.33,1021.91
60,7,3,5.87414,439.397,444.756,802.562
60,8,3,709.43,1203.05,725.812,1283.56
60,131,4,407.861,493.678,526.01,781.298
60,18,3,384.116,699.448,294.746,598.478
60,21,0,1395.73,1591.42,623.452,1023.43
60,25,0,2471.59,2559.18,257.236,526.803
60,32,3,1981.55,2399.02,555.058,905.002
60,44,0,2113,2295.32,776.983,1210.42
60,50,0,1772.65,1989.94,891.081,1436.86
60,53,3,1661.19,1992.91,8.47448,204.823
60,63,3,465.455,864.957,0,179.703
60,71,0,2277.45,2534.12,1373.55,1920
60,77,3,2236.83,2560,0,87.0072
61,3,5,6.5625,1046.25,779.076,1920
61,7,3,0,338.902,462.064,826.762
61,8,3,709.954,1200.34,731.728,1285.21
61,131,4,410.745,488.486,530.841,782.236
61,18,3,220,665.785,308.634,607.373
61,21,0,1388.3,1581.72,614.079,1020.46
61,25,0,2492.64,2559.66,244.76,515.625
61,32,3,1993.32,2402.15,539.408,895.471
61,44,0,2107.38,2298.17,740.165,1171.17
61,50,0,1765.38,1988.61,848.27,1383.49
61,53,3,1601.41,1932.57,13.3265,223.208
61,63,3,397.737,811.811,0,190.608
61,71,0,2243.77,2524.92,1325.84,1913.29
61,77,3,2187.31,2514.23,0,101.466
62,3,5,6.25,1047.5,775.162,1920
62,5,0,1123.79,1295.78,663.802,1022.93
62,7,3,0,328.234,474.372,834.886
62,8,3,707.325,1199.63,732.118,1288.24
62,131,4,405.385,491.538,524.135,782.019
62,18,3,184.914,623.065,309.674,615.833
62,21,0,1386.02,1577.52,609.746,1004.39
62,25,0,2492.64,2559.66,244.76,515.625
62,32,3,2006.17,2408.75,516.72,861.239
62,44,0,2113.8,2291.9,717.613,1137.15
62,50,0,1769.72,1988.58,810.693,1328.18
62,53,3,1541.56,1866.31,22.0005,228.981
62,63,3,365.63,749.312,1.44516,201.618
62,71,0,2221.63,2490.11,1277.87,1865.75
62,77,3,2132.4,2458.37,0,107.452
63,3,5,7.5,1046.25,775.071,1920
63,5,0,1113.12,1297.59,665.654,1017.26
63,7,3,0,304.766,491.082,851.839
63,8,3,710.616,1202.56,729.307,1284.41
63,131,4,410.144,490.625,510.577,792.115
63,18,3,149.121,584.526,330.183,620.191
63,21,0,1367.33,1562.17,601.947,1003.39
63,32,3,2013.31,2417.47,489.746,827.849
63,44,0,2124.78,2290.42,690.879,1107.61
63,50,0,1768.62,1986.37,771.318,1273.13
63,53,3,1472.52,1809.88,29.8176,241.526
63,63,3,344.664,688.93,4.24462,204.393
63,71,0,2234.65,2462.88,1226.84,1814.52
63,77,3,2084.42,2426.35,0.108172,114.267
63,88,0,1298.41,1415.43,2.59615,164.423
64,3,5,6.875,1045.62,774.401,1920
64,5,0,1113.12,1297.59,665.654,1017.26
64,7,3,0,252.495,499.677,877.078
64,8,3,706.202,1202.73,733.71,1287.05
64,131,4,381.497,489.783,514.997,865.595
64,18,3,112.623,548.295,338.725,628.839
64,21,0,1351.38,1552.4,591.478,992.142
64,32,3,2025.07,2422.09,481.309,808.13
64,44,0,2124.81,2295.92,660.028,1076.35
64,50,0,1770.07,1986.68,736.365,1221.79
64,53,3,1411.16,1749.92,35.0217,256.025
64,63,3,225.997,614.581,1.11036,206.255
64,71,0,2217.55,2442.82,1183.26,1749.12
64,77,3,2037.79,2356.06,1.83894,123.281
64,88,0,1242.64,1351.2,1.44231,174.519
65,3,5,6.875,1048.12,766.145,1920
65,7,3,0.0361156,220.159,508.831,907.349
65,8,3,708.112,1200.65,734.498,1288.52
65,131,4,381.497,489.783,514.997,865.595
65,18,3,77,501.36,358.434,650.895
65,21,0,1343.46,1540.35,586.748,976.914
65,32,3,2044.8,2432.53,462.001,783.952
65,44,0,2133.45,2297.56,636.258,1043.73
65,50,0,1777.48,1985.96,704.821,1180.27
65,53,3,1348.67,1682.84,49.8206,267.557
65,63,3,132.295,556.992,3.2467,222.209
65,71,0,2199.56,2440.64,1144.58,1695.17
65,77,3,1992.4,2299.9,1.08173,126.13
65,88,0,1180.48,1296.44,5.91346,183.894
66,3,5,5.9375,1051.25,770.953,1920
66,5,0,1115.99,1294.01,656.631,1019.2
66,7,3,1.36688,181.961,525.843,925.238
66,8,3,708.778,1204.94,732.683,1284.54
66,131,4,343.303,471.519,372.667,790.463
66,18,3,42.3765,438.576,364.831,693.975
66,21,0,1328.86,1526.15,584.308,972.621
66,32,3,2053.8,2448.84,443.424,760.035
66,44,0,2139.05,2301.92,617.68,1015.76
66,50,0,1772.19,1991.22,668.892,1133.78
66,53,3,1275.43,1626.06,60.5348,283.435
66,63,3,47.3274,472.076,16.2301,233.913
66,71,0,2199.59,2415.14,1106.95,1644.53
66,77,3,1948.17,2304.13,2.41586,126.022
66,88,0,1123.27,1233.65,8.87019,199.255
67,3,5,6.5625,1051.25,770.389,1920
67,5,0,1064.95,1267.19,637.131,1012.83
67,7,3,0,152.943,520.713,991.43
67,8,3,706.857,1204.6,730.458,1280.37
67,131,4,360.551,462.326,420.119,787.408
67,18,3,15.6042,401.635,383.494,694.664
67,21,0,1319.54,1501.91,578.191,963.6
67,32,3,2066.69,2451.59,429.613,736.896
67,44,0,2136.72,2296.29,599.332,986.155
67,50,0,1790.55,1984.63,635.616,1092.74
67,53,3,1216.68,1562.46,67.7766,297.64
67,63,3,12.7759,409.362,13.8152,249.101
67,71,0,2191.11,2408.4,1072.98,1595.92
67,77,3,1881.66,2280.63,0,167.975
67,88,0,1059.86,1184.76,4.39904,205.745
68,3,5,6.5625,1047.5,768.671,1920
68,5,0,1064.95,1267.19,637.131,1012.83
68,7,3,0.860295,120.196,581.675,986.271
68,8,3,705.88,1203.38,729.9,1281.76
68,131,4,358.956,457.648,427.983,782.194
68,18,3,6.93344,325.048,392.56,709.589
68,21,0,1300.53,1493.24,567.663,958.95
68,32,3,2093.58,2470.02,410.289,719.528
68,44,0,2144.08,2311.14,575.571,962.559
68,50,0,1794.11,1991.19,605.544,1049.58
68,53,3,1150.34,1501.82,80.0601,313.857
68,63,3,5.83849,329.167,23.1765,245.968
68,71,0,2181.16,2395.84,1028.6,1552.06
68,77,3,1821.8,2225.37,0.0133681,173.417
68,88,0,1003.65,1122.5,25.601,213.966
68,101,0,2302.95,2552.14,1464.59,1918.15
69,3,5,6.25,1049.38,771.285,1920
69,7,3,0,93.4095,587.439,1003.66
69,8,3,708.091,1204.37,726.45,1279.66
69,131,4,380.409,461.13,523.341,779.351
69,18,3,7.29519,328.453,398.58,734.309
69,21,0,1294.99,1478.34,558.416,945.948
69,32,3,2111.36,2484.15,390.835,697.07
69,44,0,2156.03,2312.17,563.709,926.032
69,50,0,1797.57,1992.27,575.366,1012.73
69,53,3,1088.17,1444.4,95.0537,328.765
69,63,3,0,274.135,34.1106,228.678
69,71,0,2183.69,2393.76,994.152,1503.62
69,77,3,1767.04,2180.61,0,184.75
69,88,0,939.279,1062.26,28.125,229.327
69,101,0,2290.99,2550.25,1409.29,1919.37
70,3,5,5,1048.75,773.849,1920
70,7,3,0.569408,60.0793,620.36,1098.26
70,8,3,707.47,1207.52,726.883,1281.31
70,131,4,379.736,457.957,522.837,779.856
70,18,3,0,311.573,411.436,743.841
70,21,0,1239.58,1446.84,546.234,952.81
70,32,3,2132.28,2503.52,373.283,678.397
70,44,0,2168.02,2310.89,541.48,905.31
70,50,0,1800.43,1992.35,552.954,974.078
70,53,3,1018.88,1386.25,104.227,346.752
70,63,3,0,274.135,34.1106,228.678
70,71,0,2178.45,2391.46,958.766,1464.02
70,77,3,1709.06,2123.21,1.74042,190.567
70,88,0,877.788,1005.29,30.5048,250.745
70,101,0,2283.51,2538.56,1354.18,1913.58
71,3,5,8.4375,1046.25,771.809,1920
71,7,3,0.569408,60.0793,620.36,1098.26
71,8,3,702.121,1198.89,726.388,1289.27
71,131,4,379.736,457.957,522.837,779.856
71,18,3,0,292.347,431.377,764.27
71,21,0,1215.72,1423.57,541.507,953.982
71,32,3,2156.74,2527.98,355.067,650.253
71,44,0,2169.87,2314.91,518.526,878.381
71,50,0,1816.18,2004.34,522.896,936.178
71,53,3,959.552,1323.61,121.586,364.407
71,71,0,2174.84,2382.99,935.015,1406.31
71,77,3,1646.84,2069.37,1.60885,200.393
71,88,0,815,938.846,62.8125,256.226
71,101,0,2264.56,2521.93,1295.33,1853.78
72,3,5,6.25,1048.12,779.515,1920
72,8,3,700.605,1206.43,725.932,1284.43
72,131,4,370.865,443.75,557.163,798.606
72,18,3,0,257.004,437.656,798.259
72,21,0,1199.65,1403.48,532.405,974.278
72,32,3,2166.22,2549.16,334.263,634.062
72,44,0,2180.53,2322.11,492.248,859.492
72,50,0,1820.15,2015.32,502.931,903.987
72,53,3,893.928,1263.81,134.619,385.929
72,71,0,2173.76,2385.96,895.645,1363.84
72,77,3,1591.54,2019.54,0.601251,210.329
72,88,0,755.24,877.067,58.8461,273.75
72,101,0,2254.26,2502.94,1245.63,1792.47
73,3,5,6.5625,1047.5,778.736,1920
73,8,3,699.413,1199.96,719.96,1283.53
73,131,4,370.865,443.75,557.163,798.606
73,18,3,0,217.386,452.168,818.696
73,21,0,1188.7,1387.73,521.003,989.77
73,32,3,2200.55,2560,317.635,606.231
73,44,0,2185.36,2330.37,476.414,834.691
73,50,0,1842.24,2017.02,478.596,868.12
73,53,3,834.213,1204.55,147.995,399.306
73,71,0,2176.75,2384.45,869.625,1317.14
73,77,3,1533.82,1970.5,0.319061,221.89
73,88,0,689.087,818.606,66.7067,279.736
73,101,0,2249.37,2490.36,1201.13,1732.06
74,3,5,3.4375,1048.75,782.313,1920
74,8,3,703.841,1200.61,728.323,1286.21
74,131,4,294.071,424.243,437.074,793.193
74,18,3,0,180.195,469.223,833.087
74,21,0,1166.96,1360.85,518.747,995.478
74,32,3,2233.74,2558.45,278.44,591.929
74,44,0,2201.56,2344.07,449.987,806.508
74,50,0,1846.33,2029.5,453.015,836.125
74,53,3,769.59,1146.59,164.516,419.13
74,71,0,2173.38,2378.61,835.104,1277.36
74,77,3,1476.47,1917.49,2.15024,234.298
74,88,0,619.663,751.875,101.034,305.986
74,101,0,2226.24,2463.96,1161.28,1673.24
75,3,5,4.6875,1050,782.73,1920
75,8,3,708.757,1203.59,730.705,1287.23
75,131,4,280.736,425.847,426.307,808.39
75,18,3,0,144.276,483.793,863.736
75,21,0,1156.33,1348.2,507.223,1003.55
75,32,3,2254.99,2559.05,270.195,565.266
75,44,0,2205.48,2352.09,442.276,774.195
75,50,0,1856.17,2042.05,429.837,810.872
75,53,3,705.107,1088.32,177.298,438.269
75,71,0,2185.41,2374.26,807.308,1229.26
75,77,3,1415.58,1856.33,5.19635,242.443
75,88,0,560.385,695,109.183,313.702
75,101,0,2228.34,2450.4,1115.79,1620.55
76,3,5,6.25,1048.75,779.351,1920
76,8,3,703.208,1201.43,727.93,1284.73
76,131,4,296.068,429.718,452.067,804.941
76,18,3,0,144.276,483.793,863.736
76,21,0,1144.63,1340.33,499.872,1007.84
76,32,3,2282.27,2557.24,253.011,544.395
76,44,0,2215.54,2372.98,418.431,753.076
76,50,0,1870.12,2046.01,407.795,781.689
76,53,3,640.986,1032.19,196.002,457.371
76,71,0,2178.62,2376.95,782.354,1177.48
76,77,3,1363.49,1796.78,1.19855,257.372
76,88,0,494.375,630.24,127.067,331.298
76,101,0,2207.58,2437.85,1076.5,1568.12
77,3,5,7.5,1046.25,775.912,1920
77,8,3,706.46,1199.36,734.768,1287.44
77,13,4,236.37,319.784,530.625,842.452
77,21,0,1129.49,1329.21,500.007,1007.24
77,32,3,2298.77,2557.84,242.638,535.233
77,44,0,2234.48,2381.16,403.438,731.531
77,50,0,1891.33,2060.98,384.93,752.645
77,53,3,578.265,969.227,208.37,481.506
77,71,0,2186.78,2371.88,757.625,1127.21
77,77,3,1292.99,1736.89,5.69298,272.071
77,88,0,426.01,553.221,143.005,351.13
77,101,0,2194.25,2414.7,1039.35,1523.83
78,3,5,6.875,1046.88,777.098,1920
78,8,3,714.685,1198.41,733.615,1284.13
78,13,4,228.149,321.179,533.735,890.245
78,21,0,1126.07,1307.86,493.258,763.7
78,32,3,2342.5,2560,230.45,525.376
78,44,0,2256.61,2397.02,375.066,704.482
78,50,0,1898.84,2069.12,372.731,720.494
78,53,3,516.744,912.846,222.699,497.339
78,71,0,2186.92,2387.58,732.465,1093.65
78,77,3,1235.49,1677.11,6.90116,282.684
78,88,0,369.183,500.048,146.899,354.447
78,101,0,2182.16,2410.75,1001.39,1477.77
79,3,5,6.25,1043.75,781.387,1920
79,5,0,1120.97,1308.46,655.78,1025.39
79,8,3,708.316,1196.07,727.633,1278.48
79,13,4,213.468,310.015,517.84,895.748
79,21,0,1113.76,1292.64,484.14,756.171
79,32,3,2387.11,2560,215.546,504.063
79,44,0,2274.93,2408.39,365.878,682.945
79,50,0,1915.87,2080.87,348.48,692.318
79,53,3,456.646,860.117,236.476,519.35
79,71,0,2195.72,2375.79,709.205,1077.44
79,77,3,1172.48,1620.94,13.8917,299.159
79,88,0,369.183,500.048,146.899,354.447
79,101,0,2176.99,2397.24,971.211,1431.36
80,3,5,5.625,1046.88,779.673,1920
80,5,0,1119.01,1298.33,660.095,1021.56
80,8,3,703.196,1196.7,732.444,1275.55
80,13,4,208.112,304.236,532.875,903.067
80,21,0,1097.64,1278.41,472.005,757.231
80,32,3,2423.63,2560,195.281,484.01
80,44,0,2304.35,2436.5,350.624,661.825
80,50,0,1937.28,2092.77,327.928,668.861
80,53,3,407.885,798.323,250.957,537.307
80,71,0,2198.64,2384.65,683.975,1025.26
80,77,3,1111.47,1562,28.9732,310.436
80,101,0,2172.55,2392.83,930.709,1389.06
81,3,5,6.5625,1045,777.562,1919.55
81,5,0,1119.01,1298.33,660.095,1021.56
81,8,3,701.99,1199.61,731.784,1282.5
81,13,4,194.151,298.086,539.357,893.482
81,21,0,1080.97,1255.11,459.851,760.815
81,32,3,2461.29,2560,145.866,476.491
81,44,0,2325.71,2459.95,328.068,637.564
81,50,0,1959.11,2110.34,308.587,636.399
81,53,3,387.186,743.335,266.697,555.998
81,71,0,2198.56,2391.79,662.503,1002.23
81,77,3,1051.27,1513.99,45.0346,328.082
81,101,0,2175.09,2381.07,899.686,1352.7
81,127,0,671.346,796.346,98.3654,300.288
82,3,5,7.1875,1047.5,778.077,1920
82,5,0,1108.95,1292.46,651.792,1017.64
82,8,3,704.293,1203.98,733.527,1280.42
82,13,4,182.918,283.901,536.342,890.359
82,21,0,1064.22,1239.98,453.609,767.48
82,32,3,2502.69,2558.85,156.49,455.625
82,44,0,2356.04,2488.91,312.622,614.138
82,50,0,1980.74,2133.49,285.472,610.495
82,53,3,339.459,694.567,286.668,576.145
82,71,0,2206,2381.55,639.893,955.032
82,77,3,984.302,1449.43,59.26,347.433
82,88,0,117.548,252.067,194.351,436.226
82,101,0,2170.56,2380.96,873.653,1313.7
82,127,0,611.779,734.375,97.3558,316.01
83,3,5,8.75,1049.38,779.685,1920
83,5,0,1069.45,1269.42,628.012,1023.72
83,8,3,705.586,1199.33,730.026,1284.72
83,13,4,143.608,239.123,539.43,894.009
83,21,0,1050.98,1222.55,447.838,762.861
83,32,3,2502.69,2558.85,156.49,455.625
83,44,0,2378.86,2514.92,290.744,586.681
83,50,0,2008.06,2156.97,268.059,585.204
83,53,3,220.882,640.682,302.816,604.486
83,71,0,2209.81,2392.17,617.047,954.626
83,77,3,918.859,1386.58,68.3142,362.745
83,88,0,46.7788,188.221,213.678,461.899
83,101,0,2172.81,2373.92,842.91,1270.56
83,127,0,548.462,672.308,110.481,328.269
84,3,5,9.0625,1048.75,773.293,1920
84,5,0,1062.12,1271.12,616.797,1028.17
84,8,3,707.346,1202.78,735.538,1291.12
84,13,4,141.741,234.363,528.808,898.345
84,21,0,1037.55,1201.58,434.552,775.423
84,44,0,2417.21,2536.63,275.625,568.99
84,50,0,2033.59,2182.29,249.059,560.564
84,53,3,162.399,587.018,319.048,621.014
84,71,0,2210.8,2396.45,598.169,916.439
84,77,3,857.029,1326.09,76.7253,382.81
84,88,0,0.576921,129.712,225.721,485.048
84,101,0,2172.96,2376.49,815.868,1243
84,127,0,473.413,606.587,133.846,345
85,3,5,7.5,1047.5,774.252,1920
85,5,0,1062.12,1271.12,616.797,1028.17
85,8,3,709.385,1203.49,734.467,1289.23
85,13,4,130.762,228.877,542.416,890.392
85,21,0,1022.06,1193.46,432.463,724.096
85,44,0,2447.07,2556.01,264.375,541.587
85,50,0,2069.1,2217.8,235.311,532.587
85,53,3,89.7893,531.417,348.014,641.763
85,71,0,2225.27,2403.8,578.294,881.767
85,77,3,793.998,1274.45,90.6302,396.155
85,88,0,0.865383,66.4423,246.995,508.774
85,101,0,2175.17,2378.92,790.581,1208.63
85,127,0,421.779,547.452,144.447,362.38
85,131,4,220.079,318.482,527.929,878.548
86,3,5,8.125,1046.25,778.053,1920
86,5,0,1099.31,1305.98,661.681,1019.39
86,8,3,708.003,1204.16,735.783,1287.64
86,13,4,123.27,220.147,543.067,893.365
86,21,0,1004.97,1181.68,419.655,731.845
86,44,0,2477.72,2559.21,240.938,530.409
86,50,0,2102.84,2250.7,215.985,513.152
86,53,3,26.64,477.432,358.171,654.332
86,71,0,2242.1,2410.63,556.74,868.625
86,77,3,729.848,1217.63,100.576,415.377
86,88,0,0.865383,66.4423,246.995,508.774
86,101,0,2180.62,2377.17,770.483,1176.27
86,127,0,362.692,489.615,144.447,384.303
86,131,4,207.623,303.512,525.648,875.337
87,3,5,7.5,1051.25,774.278,1920
87,5,0,1099.31,1305.98,661.681,1019.39
87,8,3,710.454,1204.92,736.993,1291.15
87,13,4,107.889,206.196,541.047,898.953
87,21,0,993.855,1162.35,407.718,736.491
87,44,0,2477.72,2559.21,240.938,530.409
87,50,0,2140.45,2284.3,202.199,489.241
87,53,3,5.38057,435.529,376.067,683.726
87,71,0,2253.15,2417.14,539.611,857.919
87,77,3,661.969,1162.66,113.363,433.668
87,101,0,2186.3,2384.44,739.089,1145.22
87,127,0,362.692,489.615,144.447,384.303
87,131,4,198.775,297.467,517.641,880.153
87,132,0,1863.12,2193.5,1525.15,1920
88,3,5,6.25,1047.5,776.328,1920
88,8,3,714.206,1207.47,737.06,1293.66
88,13,4,93.2928,185.509,529.191,908.856
88,21,0,982.543,1152.15,398.536,746.215
88,50,0,2182.23,2323.32,178.712,469.137
88,53,3,2.61826,363.406,387.18,695.251
88,71,0,2259.83,2426.65,516.817,842.594
88,77,3,598.788,1104.89,126.431,449.879
88,101,0,2195.61,2385.15,720.645,1109.79
88,131,4,199.551,297.81,516.101,899.071
88,132,0,1863.75,2178.15,1456.08,1918.94
89,3,5,7.1875,1047.5,774.722,1920
89,8,3,720.562,1198.53,734.64,1290.63
89,13,4,85.116,183.04,526.963,926.943
89,21,0,974.187,1141.9,391.268,733.431
89,50,0,2212.72,2371.4,179.809,446.839
89,53,3,0,308.571,398.799,735.842
89,71,0,2273.94,2432.93,502.954,807.726
89,77,3,536.023,1044.91,136.525,467.765
89,101,0,2202.05,2401.28,698.67,1083.19
89,131,4,185.927,292.378,507.782,900.936
89,132,0,1859.92,2173.8,1392.69,1917.61
90,3,5,7.5,1050,778.137,1920
90,8,3,712.936,1205.72,736.043,1287.09
90,13,4,78.148,175.168,536.241,899.961
90,21,0,961.217,1130.95,387.84,723.18
90,50,0,2263.23,2415.93,154.034,426.065
90,53,3,0,247.778,411.869,722.538
90,71,0,2292.95,2441.28,484.583,800.26
90,77,3,467.699,985.924,147.075,486.998
90,101,0,2214.95,2408.04,673.039,1054.91
90,127,0,100,241.538,200.337,443.51
90,131,4,185.999,280.91,526.47,896.278
90,132,0,1870.54,2166.35,1324.42,1915.69
91,3,5,6.25,1048.75,778,1920
91,8,3,712.513,1200.03,734.553,1289.66
91,13,4,73.5804,170.127,532.169,890.578
91,21,0,942.544,1108.92,380.873,706.531
91,50,0,2295.91,2464.04,135.189,412.857
91,53,3,8.57592,221.277,451.348,783.632
91,71,0,2296.13,2451.78,470.881,779.284
91,77,3,388.775,924.332,161.161,504.504
91,101,0,2231.74,2413.04,652.158,1027.42
91,127,0,33.6538,174.808,219.591,464.639
91,131,4,164.876,266.056,522.107,887.774
91,132,0,1875.72,2169.44,1272.54,1859.99
92,3,5,7.5,1049.38,778.439,1920
92,5,0,1057.74,1279.59,632.533,1021.82
92,8,3,711.207,1203.75,728.974,1286.93
92,13,4,62.2369,167.911,541.274,885.427
92,21,0,929.665,1091.55,374.633,692.204
92,50,0,2354.69,2507.8,118.076,395.608
92,53,3,8.57592,221.277,451.348,783.632
92,71,0,2303.59,2457.57,452.712,762.473
92,77,3,372.267,871.614,179.495,521.583
92,101,0,2242.08,2413.57,622.344,995.371
92,127,0,0,110.529,233.654,480
92,131,4,162.759,264.286,537.524,883.045
92,132,0,1887.83,2174.74,1215.18,1778.89
93,3,5,7.1875,1050,776.066,1920
93,5,0,1063.28,1276.97,634.752,1021.67
93,8,3,713.926,1203.47,732.867,1288.04
93,13,4,63.3368,158.341,539.34,892.785
93,21,0,912.245,1072.09,365.821,680.843
93,50,0,2401.49,2553.04,106.737,378.635
93,71,0,2306.01,2467.42,439.652,722.381
93,77,3,380.274,807.597,185.955,541.323
93,101,0,2250.08,2430.67,600.627,974.589
93,127,0,0,110.529,233.654,480
93,131,4,158.172,259.699,532.266,886.78
93,132,0,1902.79,2164.09,1161.6,1710.04
94,3,5,7.5,1049.38,778.012,1920
94,5,0,1055.63,1281.68,635.558,1020.45
94,8,3,713.552,1203.1,735.158,1290.87
94,13,4,89.6285,183.571,540.889,883.323
94,21,0,884.295,1052.38,353.618,670.415
94,50,0,2472.62,2558.15,93.2452,333.389
94,71,0,2318.14,2476.82,422.773,705.64
94,77,3,238.894,750.833,199.906,576.902
94,101,0,2261.91,2431.98,582.447,950.813
94,131,4,146.205,255.075,521.308,882.131
94,132,0,1908.26,2169.49,1107.29,1652.8
95,3,5,8.75,1056.25,780.637,1920
95,5,0,1055.63,1281.68,635.558,1020.45
95,8,3,706.491,1200.36,736.414,1283.31
95,13,4,47.9952,130.415,542.456,889.287
95,21,0,860.426,1035.29,344.676,658.471
95,50,0,2472.62,2558.15,93.2452,333.389
95,71,0,2338.44,2481.27,401.92,697.496
95,77,3,149.353,691.356,215.963,597.403
95,101,0,2270.22,2432.34,566.109,924.168
95,131,4,113.597,206.264,515.86,876.221
95,132,0,1914.31,2174.84,1061.33,1585.68
96,3,5,7.8125,1055,780.571,1920
96,8,3,709.743,1202.4,735.603,1286.59
96,13,4,47.6611,126.268,539.342,891.431
96,21,0,836.025,1007.05,336.805,642.21
96,71,0,2352,2492.58,383.02,688.648
96,77,3,85.0727,633.197,232.488,611.885
96,101,0,2271.07,2435.5,551.541,894.54
96,131,4,95.6885,199.979,526.403,878.878
96,132,0,1916.3,2170.36,1013.14,1532.15
96,133,0,698.462,949.231,29.2789,229.904
97,3,5,8.4375,1053.75,778.011,1920
97,5,0,1053.6,1281.35,632.895,1022.66
97,8,3,704.754,1207.26,735.761,1289.58
97,13,4,38.3636,124.655,540.294,897.501
97,21,0,801.194,980.558,326.561,633.986
97,71,0,2370.18,2506.67,366.637,682.16
97,77,3,18.4598,583.569,244.945,623.694
97,101,0,2277.5,2436.72,531.643,874.893
97,131,4,94.5381,196.711,533.914,880.195
97,132,0,1921.14,2170.85,976.549,1476.52
97,133,0,772.638,1018.71,17.8114,235.968
98,3,5,8.125,1053.75,777.068,1920
98,5,0,1053.6,1281.35,632.895,1022.66
98,8,3,703.521,1205.16,737.488,1285.25
98,13,4,24.5968,119.554,532.77,894.817
98,21,0,756.806,946.298,314.563,621.313
98,71,0,2375.07,2513.77,352.811,641.963
98,77,3,0,516.154,259.17,647.28
98,101,0,2292.5,2450.83,515.086,851.04
98,131,4,87.3433,195.312,514.502,876.804
98,132,0,1932.83,2174.92,937.866,1409.62
98,133,0,844.738,1098.18,13.6043,243.462
99,3,5,7.5,1053.12,777.369,1920
99,8,3,709.93,1204.64,734.727,1286.32
99,13,4,20.9762,112.833,529.368,903.832
99,21,0,719.835,906.162,312.037,608.479
99,71,0,2376.96,2527.41,342.451,634.333
99,77,3,0.451679,476.525,277.331,670.688
99,101,0,2301.95,2459.31,504.308,835.175
99,131,4,72.3127,181.023,518.746,889.73
99,132,0,1939.84,2178.84,895.774,1365.92
99,133,0,930.329,1169.27,14.4431,245.539
100,3,5,6.5625,1053.75,777.819,1920
100,8,3,699.746,1201.63,733.964,1284.34
100,13,4,16.0654,102.483,536.172,905.191
100,21,0,672.71,864.248,301.807,598.756
100,71,0,2413.94,2533.75,325.24,608.221
100,77,3,3.14692,420.341,299.815,686.884
100,101,0,2304.29,2468.76,487.823,808.667
100,131,4,76.6416,170.127,516.082,888.859
100,132,0,1958.45,2187.73,853.068,1314.79
100,133,0,1011.4,1256.07,25.1578,248.597
101,3,5,7.1875,1055,775.378,1920
101,8,3,701.128,1204.61,735.029,1285.61
101,13,4,16.6852,99.711,529.676,901.453
101,21,0,624.466,812.897,293.151,585.747
101,71,0,2422.28,2555.73,311.71,603.628
101,77,3,2.33721,433.722,309.066,679.493
101,101,0,2316.51,2471.88,474.577,780.579
101,131,4,64.3586,157.298,511.921,883.472
101,132,0,1967.97,2191.97,817.375,1269.4
101,133,0,1091.83,1351.25,68.0048,240.072
102,3,5,8.125,1053.75,777.385,1920
102,8,3,704.981,1206.01,733.275,1283.79
102,13,4,16.1322,97.1556,529.824,905.8
102,21,0,571.329,766.359,289.669,573.505
102,71,0,2445.19,2557.88,284.639,578.438
102,77,3,1.14425,312.802,324.677,676.626
102,101,0,2326.36,2473.44,454.119,761.244
102,131,4,62.5973,152.194,507.363,887.887
102,132,0,1980.34,2198.17,781.826,1220.05
102,133,0,1182.86,1419.42,20.0446,255.181
103,3,5,8.75,1051.25,779.389,1920
103,8,3,707.514,1203.92,734.422,1285.54
103,13,4,13.9221,94.3149,526.242,892.512
103,21,0,513.525,705.72,280.568,568.311
103,71,0,2455.24,2560,281.178,565.168
103,77,3,0.59392,242.146,349.352,705.927
103,101,0,2328.97,2482.84,436.833,737.944
103,131,4,62.244,149.51,513.81,880.27
103,132,0,1995.41,2212.81,751.38,1177.62
103,133,0,1261.84,1511.43,27.2509,250.799
104,3,5,6.5625,1052.5,779.296,1920
104,8,3,706.595,1204.58,736.273,1287.26
104,13,4,14.0664,95.6853,538.777,892.783
104,21,0,434.403,644.626,275.921,554.947
104,71,0,2486.59,2559.57,260.481,563.942
104,77,3,0,184.817,361.758,729.159
104,101,0,2340.37,2489.43,428.483,717.705
104,131,4,71.6106,142.62,552.981,872.019
104,132,0,2009.34,2223.92,717.486,1136.92
104,133,0,1348.57,1586.73,25.1934,252.096
104,135,3,2139.13,2463.94,0,111.238
105,3,5,7.1875,1053.75,778.048,1920
105,8,3,706.687,1204.43,735.826,1284.8
105,13,4,25.8987,108.077,529.115,881.214
105,21,0,386.538,576.586,268.77,547.865
105,71,0,2507.5,2560,239.423,541.154
105,77,3,0,184.817,361.758,729.159
105,101,0,2353.18,2496.43,410.39,701.206
105,131,4,66.8269,138.173,547.067,871.01
105,132,0,2028.11,2236.72,688.84,1098.06
105,133,0,1433.7,1674.72,33.3209,250.839
105,135,3,2094.33,2397.98,0,108.75
106,3,5,5.9375,1057.5,777.804,1920
106,8,3,704.743,1205.16,737.084,1284.58
106,13,4,2.93269,55.3846,548.365,880.096
106,21,0,326.619,502.771,260.132,541.347
106,71,0,2533.49,2558.82,203.654,511.154
106,101,0,2360.52,2501.72,390.928,685.567
106,131,4,31.6278,118.511,524.991,876.145
106,132,0,2046.74,2244.32,659.549,1055.59
106,133,0,1515.96,1760.96,41.8269,243.75
106,135,3,2034.81,2340.58,2.23557,113.726
107,3,5,6.5625,1068.75,780.695,1917.95
107,8,3,700.91,1200.23,734.676,1292.77
107,13,4,0.384617,48.2212,541.298,888.317
107,21,0,326.619,502.771,260.132,541.347
107,71,0,2533.49,2558.82,203.654,511.154
107,101,0,2371.77,2527.3,385.691,658.787
107,131,4,47.2596,117.644,541.442,872.019
107,132,0,2054.56,2258.26,631.996,1019.22
107,133,0,1602.7,1843.43,33.3046,250.611
107,135,3,1985.58,2294.42,0.757213,128.69
108,3,5,5.3125,1063.75,781.192,1918.72
108,8,3,703.718,1199.52,733.799,1289.31
108,13,4,1.22596,48.149,542.308,894.231
108,101,0,2381.68,2531.29,365.756,639.988
108,131,4,38.2692,108.846,533.654,879.808
108,132,0,2080.42,2268.71,609.304,983.7
108,133,0,1688.86,1929.94,33.2249,251.275
108,135,3,1927.88,2259.81,2.34375,132.224
109,3,5,4.0625,1060,782.271,1920
109,8,3,706.303,1200.77,730.546,1285.78
109,13,4,1.22596,48.149,542.308,894.231
109,101,0,2398.37,2547.58,341.349,626.157
109,131,4,10.0347,88.4886,500.045,888.833
109,132,0,2090.87,2279.71,586.437,954.511
109,133,0,1778.71,2009.4,29.5281,249.933
109,135,3,1866.54,2216.54,0,158.005
110,3,5,3.75,1056.88,779.799,1920
110,8,3,705.621,1199.49,729.827,1285.88
110,101,0,2418.91,2556.23,322.84,613.407
110,131,4,8.14904,63.6298,540,881.538
110,132,0,2105.58,2294.01,554.612,928.232
110,133,0,1867.06,2108.11,29.4973,235.188
110,135,3,1796.54,2163.46,0,140.445
110,21,0,0,193.332,227.922,500.618
111,3,5,5,1061.25,780.786,1920
111,8,3,706.576,1197.92,731.911,1284.17
111,101,0,2443.41,2556.59,312.404,592.789
111,131,4,3.14904,52.8606,540.433,879.952
111,132,0,2118.94,2294.02,532.639,893.396
111,133,0,1961.41,2179.74,20.3287,246.954
111,135,3,1745.92,2131.38,0,176.72
111,21,0,0,193.332,227.922,500.618
112,3,5,6.5625,1061.25,778.309,1920
112,8,3,704.739,1199.33,728.756,1284.94
112,101,0,2457.4,2557.98,296.755,569.207
112,131,4,4.59675,32.4885,477.002,905.803
112,132,0,2130.76,2306.95,513.536,861.798
112,133,0,2040.87,2262.31,26.4352,244.272
112,135,3,1687.49,2065.31,4.57291,185.193
113,3,5,5.9375,1062.5,777.279,1920
113,8,3,705.535,1200.25,728.292,1286.66
113,101,0,2484.18,2558.89,277.716,563.438
113,131,4,4.59675,32.4885,477.002,905.803
113,132,0,2145.53,2320.74,491.676,830.245
113,133,0,2118.95,2337.89,24.3028,246.545
113,135,3,1639.82,1993.02,5.59417,191.675
114,3,5,5.625,1065,777.17,1920
114,8,3,705.523,1198.91,729.293,1287.25
114,101,0,2500.34,2560,248.726,538.197
114,132,0,2164.08,2329.8,465.902,806.523
114,133,0,2209.87,2417.04,23.7916,244.304
114,135,3,1582.52,1937.45,8.62152,204.396
114,139,0,1489.31,1789.62,1566.98,1918.82
115,3,5,6.5625,1067.5,779.44,1920
115,8,3,706.079,1200.79,732.303,1284.57
115,101,0,2526.78,2559.38,222.26,544.471
115,132,0,2181.1,2338.39,447.218,777.924
115,133,0,2293.14,2513.29,11.3862,245.263
115,135,3,1532.21,1881.56,11.1079,213.912
115,139,0,1485.08,1781.88,1512.07,1916.03
116,3,5,7.5,1063.75,778.236,1920
116,8,3,703.526,1200.41,730.023,1285.67
116,101,0,2526.78,2559.38,222.26,544.471
116,132,0,2198.03,2359.95,429.78,759.719
116,133,0,2372.51,2558.61,15.4979,249.66
116,135,3,1471.67,1824.96,17.4932,222.538
116,139,0,1481.05,1769.43,1461.33,1915.35
117,3,5,6.5625,1062.5,779.595,1920
117,8,3,706.787,1202.1,731.303,1285.73
117,132,0,2215.95,2380.74,409.367,725.353
117,133,0,2442.98,2560,27.8365,240.144
117,135,3,1416.84,1767.81,25.0107,234.892
117,139,0,1483.39,1756.48,1411.3,1920
118,3,5,7.1875,1057.5,781.343,1920
118,8,3,711.845,1202.11,729.024,1283.45
118,71,0,2533.95,2558.36,24.3029,245.264
118,132,0,2243.83,2398.71,381.551,703.297
118,133,0,2442.98,2560,27.8365,240.144
118,135,3,1357.7,1714.2,34.7727,244.296
118,139,0,1486.92,1746.17,1368.65,1920
119,3,5,8.4375,1060,781.131,1920
119,8,3,707.223,1200.97,737.144,1286.12
119,71,0,2533.95,2558.36,24.3029,245.264
119,132,0,2264.65,2422.32,372.092,675.084
119,135,3,1294.02,1654.46,43.6838,257.522
119,139,0,1482.49,1733.02,1326.6,1909.99
120,3,5,8.75,1058.12,782.11,1920
120,8,3,710.942,1201.44,737.65,1289.78
120,132,0,2291.57,2451.34,362.407,647.633
120,135,3,1237.85,1600.66,57.2779,270.23
120,139,0,1471.28,1728.47,1285.17,1902.96
121,3,5,8.125,1055.62,781.336,1920
121,8,3,712.345,1201.41,734.86,1288.47
121,132,0,2314.95,2476.13,338.783,629.137
121,135,3,1174.36,1549.42,66.2061,284.262
121,139,0,1473.19,1712.54,1245.64,1839.38
122,3,5,6.875,1056.88,782.341,1919.6
122,8,3,712.015,1200.84,733.785,1288.14
122,132,0,2338.24,2492.71,318.955,609.097
122,135,3,1119.61,1488.23,74.671,298.28
122,139,0,1468.94,1700.47,1207.19,1796.01
122,140,3,1876.25,2557.5,1549.66,1920
123,3,5,7.1875,1060,780.492,1917.75
123,8,3,709.334,1202.48,737.396,1291.28
123,132,0,2366.42,2513.82,304.418,591.46
123,135,3,1057.81,1435.18,82.4597,311.008
123,139,0,1465.02,1693.91,1172.03,1746.1
123,140,3,1871.25,2552.5,1482.99,1920
124,3,5,7.5,1055.62,781.053,1918.72
124,8,3,710.142,1203.89,734.685,1284.33
124,132,0,2392.55,2548.05,290.895,564.726
124,135,3,1002.23,1377.39,90.8458,328.151
124,139,0,1448.74,1677.72,1137.97,1709.8
124,140,3,1872.5,2548.75,1409.04,1920
125,3,5,7.8125,1052.5,780.013,1919.07
125,8,3,709.096,1204.89,731.414,1285.1
125,132,0,2426.2,2549.18,268.269,552.692
125,135,3,936.469,1329.25,105.781,347.774
125,139,0,1448.94,1661.4,1105.26,1661.26
125,140,3,1876.25,2542.5,1351.71,1919.81
126,3,5,9.0625,1056.25,776.202,1919.58
126,8,3,711.242,1202.22,733.676,1287.7
126,132,0,2445.72,2560,246.058,531.058
126,135,3,878.502,1269.94,115.791,364.128
126,139,0,1425.82,1651.77,1074.53,1624.05
126,140,3,1860,2553.75,1291.01,1882.9
127,3,5,9.375,1055.62,776.92,1919.6
127,8,3,706.767,1202.2,736.043,1286.42
127,132,0,2474.25,2559.59,228.317,529.183
127,135,3,815.567,1211.62,131.5,381.007
127,139,0,1422.57,1636.29,1051.66,1583.1
127,140,3,1852.5,2538.75,1227.29,1788.77
128,3,5,8.125,1051.25,778.472,1918.51
128,8,3,711.557,1202.3,735.482,1286.6
128,132,0,2503.73,2560,190.385,496.154
128,135,3,750.479,1155.13,149.249,397.495
128,139,0,1406.34,1625.96,1016.8,1539.11
128,140,3,1841.25,2527.5,1185.41,1707.75
129,3,5,8.125,1051.25,781.226,1918.62
129,8,3,710.67,1204.05,735.863,1285.77
129,132,0,2532.98,2559.33,159.519,473.942
129,135,3,687.297,1095.13,159.02,418.561
129,139,0,1401.32,1615.09,986.353,1506.12
129,140,3,1850,2496.25,1121.35,1651.43
130,3,5,6.875,1053.75,781.907,1919.99
130,8,3,711.419,1201.32,735.787,1286.23
130,132,0,2532.98,2559.33,159.519,473.942
130,135,3,619.885,1038.71,179.266,440.436
130,139,0,1396.69,1603.04,953.242,1480.42
130,140,3,1831.25,2480,1064.41,1575.26
131,3,5,7.8125,1060,779.474,1920
131,8,3,703.861,1200.99,730.627,1282.29
131,135,3,557.792,974.859,194.489,461.143
131,139,0,1381.14,1596.43,932.242,1443.7
131,140,3,1838.75,2443.75,1018.77,1517.1
132,3,5,8.125,1063.12,780.308,1920
132,8,3,701.582,1203.72,729.931,1281.99
132,135,3,487.832,919.638,211.669,481.121
132,139,0,1380.82,1585.82,908.589,1413.35
132,140,3,1836.25,2433.75,968.312,1457.17
133,3,5,8.75,1063.12,779.402,1920
133,8,3,702.437,1200.91,730.071,1282.47
133,135,3,427.04,851.841,225.763,501.715
133,139,0,1385.43,1578.18,898.236,1382.24
133,140,3,1820,2426.25,922.59,1393.88
134,3,5,8.75,1061.25,778.626,1920
134,8,3,705.614,1206.89,728.659,1284.03
134,135,3,376.303,788.537,239.965,528.983
134,139,0,1365.17,1567.66,881.497,1355.79
134,140,3,1829.76,2377.22,873.409,1324.26
134,141,3,1687.73,2560,1689,1918.81
135,3,5,8.4375,1062.5,779.652,1920
135,8,3,705.601,1209.7,729.247,1282.32
135,135,3,378.628,725.594,268.074,547.346
135,139,0,1363.06,1562.63,852.756,1331.24
135,140,3,1833.64,2370.64,831.761,1276.49
135,141,3,1673.75,2550,1615.85,1919.01
136,3,5,7.8125,1061.25,778.538,1920
136,8,3,701.389,1206.72,730.734,1283.13
136,135,3,219.793,663.543,278.923,592.228
136,139,0,1357.14,1550.27,831.608,1312.66
136,140,3,1815.85,2353.64,786.892,1227.84
136,141,3,1670,2495,1554.95,1915.93
137,3,5,8.75,1060.62,777.919,1920
137,8,3,704.388,1207.5,729.62,1285.81
137,135,3,156.294,602.678,302.166,610.953
137,139,0,1356.23,1546.97,810.761,1282.63
137,140,3,1801.04,2326.78,753.193,1147.32
137,141,3,1667.5,2477.5,1493.7,1918.98
138,3,5,9.0625,1057.5,774.441,1920
138,8,3,704.5,1204.8,729.299,1285.96
138,135,3,84.1705,532.849,316.036,633.577
138,139,0,1355.02,1541.71,791.554,1254.18
138,140,3,1797.12,2314.71,708.504,1111.98
138,141,3,1670,2438.75,1428.8,1920
139,3,5,8.75,1061.25,779.826,1920
139,8,3,703.99,1208.83,730.821,1286.2
139,135,3,7.86844,470.648,342.47,657.194
139,139,0,1356.19,1539.22,779.364,1232.82
139,140,3,1800.07,2301.19,676.089,1063.73
139,141,3,1665,2407.5,1374.59,1920
140,3,5,8.125,1058.75,780.372,1920
140,8,3,705.12,1207.62,730.374,1286.9
140,135,3,0,430.851,360.485,689.146
140,139,0,1353.86,1533.71,770.624,1213.09
140,140,3,1797.1,2282.3,636.944,1025.91
140,141,3,1660,2381.25,1312.83,1920
141,3,5,8.125,1056.88,780.656,1920
141,8,3,711.171,1203.59,731.399,1291.27
141,135,3,4.95447,333.729,388.731,717.665
141,139,0,1354.37,1530.1,752.548,1202.7
141,140,3,1798.12,2269.57,607.106,976.63
141,141,3,1663.75,2356.25,1266.28,1895.26
142,3,5,8.125,1054.38,779.387,1920
142,8,3,707.834,1204,731.354,1288.56
142,135,3,0,265.917,417.217,750.801
142,139,0,1356.39,1521.91,738.597,1190.51
142,140,3,1802.42,2260.24,563.303,906.228
142,141,3,1672.5,2337.5,1220.07,1827.92
143,3,5,6.875,1050,783.911,1920
143,8,3,701.457,1202.61,733.166,1287.25
143,135,3,0,192.702,438.022,791.499
143,139,0,1342.89,1519.43,729.195,1177.04
143,140,3,1813.44,2254.79,540.354,874.273
143,141,3,1666.25,2316.25,1179.32,1743.55
144,3,5,8.4375,1046.25,779.697,1920
144,8,3,703.797,1197.3,731.41,1286.51
144,135,3,0,125.098,468.515,819.445
144,139,0,1326.19,1502.3,715.916,1154.78
144,140,3,1821.56,2249.11,501.801,843.889
144,141,3,1677.5,2300,1136.5,1685.41
145,3,5,7.5,1047.5,778.286,1920
145,8,3,703.458,1202.66,729.715,1283.53
145,135,3,0,125.098,468.515,819.445
145,139,0,1313.06,1489.68,706.11,1150.25
145,140,3,1843.11,2253.03,479.273,789.344
145,141,3,1680,2285,1096.39,1633.57
146,3,5,7.5,1050.62,780.576,1920
146,8,3,701.4,1201.94,730.067,1285.51
146,139,0,1297.3,1476.32,705.813,1143.18
146,140,3,1848.52,2258.74,452.211,762.093
146,141,3,1675,2285,1059.98,1564.58
147,3,5,8.125,1049.38,780.675,1920
147,8,3,699.575,1197.8,728.323,1287.3
147,139,0,1259.47,1461.07,704.904,1131.3
147,140,3,1866.29,2262.54,422.63,721.223
147,141,3,1687.5,2272.5,1012.26,1509.04
148,3,5,6.875,1051.25,780.356,1920
148,8,3,699.566,1209.73,729.983,1288.48
148,139,0,1233.9,1442.24,693.181,1117.56
148,140,3,1886.56,2276.14,388.343,687.739
148,141,3,1691.25,2272.5,979.07,1478.08
