2,1,0,645.501,828.268,628.239,1025.88
2,2,3,2008.09,2362.25,342.304,640.752
2,3,3,1612.16,2105.51,680.395,1066.71
2,4,1,1616.21,2072.1,3.47255,216.555
2,5,1,1001.98,1563.38,2.66341,342.089
2,6,3,2307.4,2560,40.7452,239.062
2,7,0,499.76,587.933,64.2548,278.438
2,8,0,1.51443,63.4375,306.202,593.221
2,9,0,891.538,997.692,6.20193,195.288
3,1,0,646.262,828.985,627.62,1023.81
3,2,3,2031.9,2377.51,320.382,621.685
3,3,3,1638.34,2110.1,641.651,1033.28
3,4,1,1587.97,2071.6,3.25378,220.433
3,5,1,968.949,1518.82,1.30142,353.904
3,6,3,2341.92,2559.62,39.5913,229.832
3,7,0,465.337,562.356,84.5914,292.716
3,8,0,1.51443,63.4375,306.202,593.221
3,9,0,866.49,967.356,39.5192,198.75
4,1,0,647.172,829.805,628.056,1023.76
4,2,3,2060.07,2402.07,308.924,601.706
4,3,3,1652.57,2122.06,618.997,991.056
4,4,1,1582.01,2041.67,3.55974,222.202
4,5,1,942.6,1492.2,0.364566,360.185
4,6,3,2369.42,2560,31.1538,227.596
4,7,0,432.981,537.019,79.3269,303.462
4,9,0,834.183,924.279,18.0288,211.442
5,1,0,648.672,829.399,627.305,1024.95
5,2,3,2084.86,2429.46,290.384,571.572
5,3,3,1667.53,2132.01,592.157,969.891
5,4,1,1548.38,2031.65,0.81454,229.894
5,5,1,910.306,1468.97,2.21649,369.492
5,6,3,2403.46,2559.62,25.5288,230.769
5,7,0,409.375,516.01,94.5433,310.457
5,9,0,803.077,909.231,12.476,218.726
5,13,0,2096.33,2384.71,1466.55,1915.82
6,1,0,648.752,828.862,627.261,1025.15
6,2,3,2111.39,2457.43,275.037,560.131
6,3,3,1686.46,2140.55,565.32,928.671
6,4,1,1548.54,2003.17,1.3083,235.477
6,5,1,883.536,1435.42,4.41361,375.928
6,6,3,2440.43,2559.57,26.6827,219.087
6,7,0,371.49,473.894,132.692,324.808
6,9,0,774.471,871.683,25.8894,227.812
6,13,0,2104.96,2356.85,1368.49,1919.89
6,15,3,2042.98,2335.48,1.98318,131.719
7,1,0,649.205,829.887,628.483,1023.03
7,2,3,2142.5,2486.52,262.794,542.92
7,3,3,1715.54,2144.3,539.603,887.163
7,4,1,1532.04,2018.8,5.44517,240.587
7,5,1,859.381,1409.38,3.32776,389.17
7,6,3,2475.34,2558.51,21.851,213.101
7,7,0,371.49,473.894,132.692,324.808
7,9,0,742.524,839.014,34.4712,237.115
7,13,0,2095.37,2354.57,1260.08,1865.96
7,15,3,2028.85,2269.62,2.09134,135.216
7,16,0,114.374,255.262,338.309,660.291
7,17,3,2439.33,2560,0,82.8966
8,1,0,648.266,827.498,629.828,1023.61
8,2,3,2170.52,2511.78,246.305,524.998
8,3,3,1729.87,2159,516.058,858.062
8,4,1,1504.43,1963.3,1.88438,245.106
8,5,1,830.63,1384.54,7.41373,393.162
8,6,3,2514.9,2558.94,18.101,215.841
8,9,0,705.577,804.423,69.7356,243.822
8,13,0,2101.84,2332.36,1168.14,1748.4
8,15,3,2019.23,2288.46,2.16346,135.577
8,16,0,65.1102,223.901,371.866,686.697
8,17,3,2423.03,2560,0,64.8137
9,1,0,649.896,828.691,630.337,1023.88
9,2,3,2204.92,2549.01,241.19,510.889
9,3,3,1749.51,2169.33,493.58,823.931
9,4,1,1485.96,1938.88,1.55704,249.818
9,5,1,805.511,1350.57,6.00482,404.776
9,6,3,2536.73,2558.65,7.78846,198.462
9,9,0,672.356,770.721,65.9856,250.457
9,13,0,2104.23,2323.84,1089.31,1643.68
9,15,3,2005,2265.77,4.39904,149.639
9,16,0,26.1248,180.746,390.722,719.335
9,17,3,2411.92,2560,0,62.524
10,1,0,648.497,830.019,630.134,1023.53
10,2,3,2240.28,2553.89,225.723,494.813
10,3,3,1773.57,2187.92,471.129,799.07
10,4,1,1460,1919.04,2.43659,252.843
10,5,1,770.625,1371.25,8.83899,405.875
10,6,3,2536.73,2558.65,7.78846,198.462
10,9,0,632.115,737.115,48.3173,263.221
10,13,0,2106.91,2321.94,1016.11,1548.33
10,15,3,1989.42,2275.19,0,142.788
10,16,0,0,138.562,413.229,748.303
10,17,3,2392.12,2560,0,86.7188
11,1,0,647.943,829.731,629.941,1023.34
11,2,3,2271.59,2558.28,212.578,476.948
11,3,3,1796.87,2206.54,453.13,772.147
11,4,1,1446.2,1911.02,2.49415,261.497
11,5,1,765.663,1322.29,0,425.607
11,7,0,156.01,308.99,163.486,381.707
11,9,0,599.183,703.894,52.5,274.904
11,13,0,2110.77,2321.12,949.68,1460.64
11,15,3,1978.85,2276.54,0,140.409
11,16,0,0,94.4229,439.276,780.084
11,17,3,2384.95,2556.59,0,88.0529
12,1,0,648.95,827.005,629.51,1024.54
12,2,3,2303.75,2560,188.039,464.894
12,3,3,1820.44,2224.8,428.238,741.39
12,4,1,1411.59,1868.34,6.11123,266.986
12,5,1,728.227,1303.01,0,434.258
12,7,0,156.01,308.99,163.486,381.707
12,9,0,568.221,667.933,56.9712,286.01
12,13,0,2121.54,2321.89,888.455,1372.69
12,15,3,1944.81,2276.73,0,157.139
12,16,0,0,94.4229,439.276,780.084
12,17,3,2353.37,2557.4,0,92.5601
13,1,0,646.328,825.473,630.492,1023.79
13,2,3,2339.5,2560,187.377,448.221
13,3,3,1842.54,2238.69,411.614,723.697
13,4,1,1382.56,1830.61,12.9885,287.529
13,5,1,696.122,1257.11,4.61221,445.239
13,7,0,57.6923,190.577,194.351,425.841
13,9,0,529.471,629.76,99.7356,294.591
13,13,0,2137.88,2319.14,833.989,1297.29
13,15,3,1931.54,2253.08,0.721157,158.942
13,17,3,2353.37,2557.4,0,92.5601
14,1,0,645.404,828.618,630.015,1023.6
14,2,3,2379.67,2560,166.475,446.526
14,3,3,1869.52,2258.58,387.977,702.547
14,4,1,1356.68,1814.24,10.4093,290.775
14,5,1,676.883,1245.32,5.21915,449.41
14,7,0,12.7885,131.923,208.558,435.865
14,9,0,498.365,601.635,94.4712,306.49
14,13,0,2140.73,2328.38,778.823,1225.25
14,15,3,1900.96,2264.58,0,178.172
14,17,3,2327.02,2549.9,0,99.1947
14,18,3,1166.88,2187.5,1384.71,1920
15,1,0,643.604,831.162,631.467,1023.33
15,2,3,2415.18,2560,163.068,441.415
15,3,3,1892.64,2284.8,373.57,680.216
15,4,1,1319.87,1781.63,6.99062,295.938
15,5,1,642.311,1219.91,0,462.593
15,7,0,0.264423,78.1971,218.942,464.712
15,9,0,464.808,564.423,86.8269,314.712
15,13,0,2148.39,2329.38,726.628,1169.8
15,15,3,1878.11,2244.4,0,180.874
15,17,3,2314.81,2552.88,0,103.522
15,18,3,1213.75,2180,1276.61,1905.68
16,1,0,645.948,831.005,631.558,1024.04
16,2,3,2454.66,2560,160.529,399.375
16,3,3,1917.55,2312.39,355.761,650.948
16,4,1,1290.19,1748.81,5.04158,302.689
16,5,1,617.188,1210,4.96074,458.75
16,7,0,0.264423,78.1971,218.942,464.712
16,9,0,428.365,524.712,98.5817,330.072
16,13,0,2152.44,2330.63,680.812,1108.36
16,15,3,1861.09,2219.25,0.986044,184.227
16,17,3,2314.81,2552.88,0,103.522
16,18,3,1265,2155,1141.92,1920
17,1,0,648.228,829.927,630.373,1024.63
17,2,3,2454.66,2560,160.529,399.375
17,3,3,1956.99,2328.5,338.353,628.715
17,4,1,1263.28,1723.47,5.54728,314.334
17,5,1,601.875,1188.12,9.07009,471.499
17,9,0,398.51,499.183,126.058,339.519
17,13,0,2163.01,2336.73,638.333,1048
17,15,3,1832.02,2192.98,1.50594,187.996
17,18,3,1306.25,2160,1024.8,1918.44
18,1,0,650.989,833.444,628.646,1026.29
18,3,3,1975.8,2363.01,315.77,600.446
18,4,1,1249.79,1708.7,4.61955,319.381
18,5,1,578.125,1168.75,12.3748,477.237
18,9,0,375.024,458.822,135.865,324.231
18,13,0,2173.02,2341.14,595.215,990.776
18,15,3,1806.78,2164.67,0.737915,193.477
18,18,3,1350,2156.25,950.842,1920
19,1,0,647.522,832.038,629.947,1025.56
19,3,3,2010.08,2381.59,306.431,590.24
19,4,1,1204.58,1653.78,5.37053,324.816
19,5,1,553.125,1142.5,16.505,491.752
19,9,0,375.024,458.822,135.865,324.231
19,13,0,2189.12,2355.37,560.842,945.265
19,15,3,1783.93,2136.44,1.35326,200.867
19,18,3,1375,2185,875.453,1762.01
20,1,0,648.135,832.29,629.722,1024.56
20,3,3,2041.59,2415.2,292.68,567.254
20,4,1,1169.54,1628.03,5.56871,329.254
20,5,1,500,1122.5,16.9071,500.287
20,13,0,2214.18,2361.21,523.474,905.814
20,15,3,1759.44,2120.14,2.28917,203.245
20,18,3,1425,2156.25,820.815,1653.17
21,1,0,648.214,829.869,630.344,1024.17
21,3,3,2075.87,2438.87,271.609,548.81
21,4,1,1153.72,1607.5,1.58479,346.693
21,5,1,482.152,1063.15,2.91315,519.821
21,13,0,2230.19,2372.22,486.986,867.184
21,15,3,1736.83,2094.55,5.29041,204.196
21,17,3,2186.54,2410.38,0,103.053
21,18,3,1464.49,2155.45,737.372,1546.23
21,20,0,2428.41,2558.71,1170.56,1745.19
22,1,0,648.025,831.463,630.257,1024.47
22,3,3,2110.66,2496.78,256.096,531.509
22,4,1,1115.72,1568.28,4.37669,355.862
22,5,1,460.193,1042.89,3.63278,531.122
22,13,0,2255,2396.34,465.798,814.656
22,15,3,1715.03,2067.72,3.54208,210.018
22,17,3,2170.96,2413.65,0,106.659
22,18,3,1504.61,2161.04,673.61,1459.69
22,20,0,2431.13,2558.41,1098.12,1659.29
23,1,0,643.763,830.955,630.779,1025.52
23,3,3,2144.23,2511.95,243.445,517.751
23,4,1,1077.49,1544.58,7.93313,360.364
23,5,1,410.357,1004.84,5.25945,543.875
23,13,0,2272.07,2415.32,436.077,776.927
23,15,3,1700.29,2051.86,0.812309,223.767
23,17,3,2146.63,2354.9,0.829328,112.103
23,18,3,1541.5,2172.78,617.786,1355.16
23,20,0,2422.92,2558.81,1041.02,1577.41
24,1,0,645.353,830.591,628.529,1025.2
24,3,3,2177.39,2541.63,232.025,492.503
24,4,1,1056.78,1513.01,10.4244,376.179
24,5,1,373.19,979.396,1.7201,552.235
24,9,2,145.625,257.452,191.827,434.135
24,13,0,2288.8,2427.98,412.394,746.203
24,15,3,1669.58,2036.41,5.32904,226.765
24,17,3,2131.35,2357.88,0,116.034
24,18,3,1562.68,2172.15,581.009,1276.92
24,20,0,2413.85,2560,988.139,1477.13
25,1,0,644.897,829.593,627.738,1023.73
25,3,3,2219.3,2555.83,222.244,480.867
25,4,1,1022.36,1477.05,11.8926,383.77
25,5,1,382.259,952.015,1.49531,567.823
25,9,0,101.298,206.587,198.822,445.024
25,13,0,2315.65,2454.42,391.605,711.667
25,15,3,1648.53,2007.21,5.65093,233.753
25,17,3,2109.81,2367.12,0,125.841
25,18,3,1588.59,2191.25,526.985,1184.1
25,20,0,2408.24,2557.96,937.963,1407.42
26,1,0,645.694,829.625,627.732,1022.96
26,3,3,2252.03,2556.29,201.385,459.74
26,4,1,984.028,1466.69,0,409.869
26,5,1,374.92,929.24,9.16615,592.331
26,9,0,54.7596,162.74,212.163,469.183
26,13,0,2339.58,2482.23,367.232,683.102
26,15,3,1624.3,1986.68,8.13134,240.137
26,17,3,2086.83,2399.33,1.91106,127.031
26,18,3,1636.35,2193.79,472.234,1121.61
26,20,0,2410.64,2555.43,879.578,1355.61
26,22,3,2394.62,2559.23,0,64.5793
27,1,0,645.016,830.843,629.733,1022.7
27,3,3,2293.82,2557.61,182.383,454.614
27,4,1,960.891,1430.76,0,412.019
27,5,1,359.858,888.277,9.41065,597.006
27,9,0,15.9135,121.01,222.548,475.529
27,13,0,2365.91,2504.51,347.233,654.808
27,15,3,1603.39,1966.03,9.08495,247.981
27,17,3,2065.29,2350.1,0.216351,131.611
27,18,3,1660.02,2213.66,483.296,1053.86
27,20,0,2422.07,2555.01,846.298,1275.99
27,22,3,2321.63,2558.37,0,85.6731
28,1,0,646.177,830.693,627.534,1022.47
28,3,3,2329.47,2560,172.657,441.454
28,4,1,924.879,1407.3,0,422.327
28,5,1,359.881,870.42,21.1103,608.562
28,9,0,0,77.7885,237.837,477.548
28,13,0,2394.34,2542.71,327.504,617.716
28,15,3,1578.44,1943.84,10.0755,254.204
28,17,3,2042.12,2348.65,1.58654,137.019
28,18,3,1685.66,2243.37,425.655,1003.22
28,20,0,2429.63,2557.78,800.017,1215.63
28,22,3,2320.67,2559.33,0,85.601
29,1,0,647.193,829.604,628.769,1023.22
29,3,3,2360.11,2559.65,160.912,410.664
29,4,1,897.217,1379.64,0,426.897
29,5,1,239.147,856.706,14.6723,628.329
29,9,0,0,77.7885,237.837,477.548
29,13,0,2436.01,2554.76,299.279,600.144
29,15,3,1552.13,1920.39,11.3504,260.979
29,17,3,2017.88,2292.88,2.66827,152.957
29,18,3,1732.86,2266.07,386.165,932.396
29,20,0,2414.52,2559.39,748.932,1157.5
29,22,3,2305.29,2547.02,0,86.7188
30,1,0,644.829,828.58,628,1022.98
30,3,3,2402.71,2560,145.719,411.708
30,4,1,869.191,1352.09,7.28099,441.288
30,5,1,198.286,819.474,14.9751,655.926
30,13,0,2473.37,2557.4,279.231,576.923
30,15,3,1528.13,1893.44,13.3605,271.622
30,17,3,1998.46,2284.62,3.02885,156.202
30,18,3,1762.11,2288.47,356.027,892.151
30,20,0,2425.79,2556.41,723.375,1112.71
30,22,3,2299.04,2553.27,0.108175,86.4303
31,1,0,643.182,828.104,628.342,1022.75
31,3,3,2447.26,2558.89,143.077,385.673
31,4,1,842.166,1330.04,6.12688,444.607
31,5,1,158.108,788.771,19.1871,674.537
31,13,0,2514.98,2558.87,258.894,574.183
31,15,3,1500.86,1867.33,20.9224,282.467
31,17,3,1965,2259.62,0,158.365
31,18,3,1796.87,2311.16,346.03,824.325
31,20,0,2441.89,2560,676.933,1079.31
31,22,3,2263.08,2546.15,0,90.2885
32,1,0,647.515,828.152,628.772,1022.36
32,3,3,2491.18,2560,115.529,376.875
32,4,1,806.323,1299.35,0,457.732
32,5,1,126.589,758.793,63.0567,691.495
32,13,0,2514.98,2558.87,258.894,574.183
32,15,3,1465.67,1841.66,23.9903,288.521
32,17,3,1949.9,2262.4,0.0721192,163.341
32,18,3,1833.23,2344.4,297.483,802.664
32,20,0,2442.35,2558.02,652.282,1025.49
32,22,3,2230.19,2557.5,0,86.1058
33,1,0,644.966,828.852,629.081,1022.09
33,3,3,2525.05,2558.03,114.519,361.442
33,4,1,774.673,1272.9,0,470.166
33,5,1,76.4967,743.911,52.5391,705.494
33,15,3,1434.27,1820.87,30.6458,296.496
33,17,3,1922.88,2230.96,2.59615,169.038
33,18,3,1874.32,2375.72,285.551,773.518
33,20,0,2439.01,2558.93,621.544,978.773
33,22,3,2241.15,2540.38,0.108172,94.7236
34,1,0,647.26,831.64,630.07,1021.38
34,3,3,2525.05,2558.03,114.519,361.442
34,4,1,746.02,1240.61,3.9828,473.715
34,5,1,53.8755,695.722,45.5386,717.003
34,15,3,1405.88,1792.38,27.96,301.864
34,17,3,1892.88,2199.42,5.19231,172.067
34,18,3,1909.43,2401.97,260.135,731.475
34,20,0,2463.27,2553.44,590.168,948.26
34,22,3,2185.96,2506.35,0,97.9327
35,1,0,649.07,830.503,629.036,1020.68
35,4,1,717.071,1221.29,1.78875,481.722
35,5,1,9.98714,668.339,47.5706,731.11
35,15,3,1374.45,1761.19,31.6989,313.746
35,17,3,1861.99,2205.5,4.72135,192.628
35,18,3,1951.93,2435.54,230.865,694.558
35,20,0,2445.8,2558.67,563.997,926.376
35,22,3,2166.92,2497.69,0.757209,100.998
36,1,0,649.155,831.967,628.113,1020.74
36,4,1,689.422,1192.17,8.07933,500.114
36,5,1,0,650.087,36.4509,749.74
36,15,3,1332.54,1728.31,45.7886,320.563
36,17,3,1833.73,2181.63,7.07437,193.428
36,18,3,1988.95,2461.24,202.856,662.379
36,20,0,2438.76,2559.92,529.85,876.299
36,22,3,2148.27,2454.81,0.757213,108.57
37,1,0,648.674,831.799,629.898,1021.42
37,4,1,665.604,1163.71,10.5783,514.158
37,5,1,0,634.456,39.2687,771.794
37,15,3,1300.98,1701.8,45.7524,332.661
37,17,3,1811.79,2155.56,7.31438,197.808
37,18,3,2018.48,2505.41,168.22,640.943
37,20,0,2460.18,2558.24,503.272,847.824
37,22,3,2131.06,2465.87,0.0721157,111.418
38,1,0,647.116,832.853,627.032,1020.62
38,4,1,638.783,1140.3,18.0287,522.47
38,5,1,0,612.453,39.1451,781.029
38,15,3,1264.8,1669.56,53.4667,345.571
38,17,3,1792.48,2133.23,3.68366,204.125
38,18,3,2067.72,2551.56,152.264,605.769
38,20,0,2462.8,2560,469.551,806.985
38,22,3,2111.35,2393.27,0,118.233
39,1,0,644.61,834.518,628.999,1023.45
39,4,1,596.875,1117.99,21.9925,535.003
39,5,1,0,559.675,82.9127,824.073
39,15,3,1230.2,1636.04,61.5369,351.757
39,17,3,1772.17,2112.51,5.46303,204.709
39,18,3,2104.09,2555.96,135.83,575.06
39,20,0,2462.8,2560,469.551,806.985
39,22,3,2089.04,2387.88,0.0360596,110.084
40,1,0,645.494,832.733,628.115,1023.72
40,4,1,576.438,1080.04,28.6014,546.52
40,5,1,0,548.906,66.9323,843.282
40,15,3,1193.95,1600.09,62.6766,364.753
40,17,3,1745.86,2086.44,9.41144,207.01
40,18,3,2142.23,2560,112.865,558.359
40,22,3,2075.38,2398.46,1.08173,109.399
41,1,0,647.101,834.248,627.31,1027.49
41,4,1,548.511,1052.49,37.7204,563.025
41,5,1,9.57493,478.301,115.419,852.609
41,15,3,1158.14,1571.91,66.5091,370.175
41,17,3,1721.87,2060.22,10.8293,214.726
41,18,3,2163.93,2556.19,83.2407,540.972
41,22,3,2048.75,2308.17,3.10096,115.889
42,1,0,648.167,836.092,626.624,1025.87
42,4,1,512.982,1031.56,41.1223,569.385
42,5,1,6.63176,344.448,188.97,882.342
42,15,3,1121.86,1538.24,75.1883,387.082
42,17,3,1698.87,2034.01,11.2447,220.973
42,18,3,2229.67,2560,91.2443,515.672
42,22,3,2022.88,2290.96,1.875,120.865
43,1,0,648.749,834.349,627.251,1026.55
43,4,1,478.508,1000.77,45.6196,580.631
43,5,1,6.08675,314.876,193.136,902.777
43,15,3,1087.92,1508.03,82.1736,399.056
43,17,3,1668.21,2010.55,16.3167,227.87
43,18,3,2263.28,2558.71,91.1273,511.943
43,22,3,2001.92,2293.46,1.08173,128.005
44,1,0,649.337,837.034,628.346,1024.15
44,4,1,451.168,967.346,39.3431,594.446
44,5,1,0,468.015,199.217,928.53
44,15,3,1051.89,1478.07,89.4951,403.95
44,17,3,1648.14,1981.9,18.0354,233.551
44,18,3,2308.3,2560,51.759,464.94
44,22,3,1972.98,2303.94,4.00241,126.815
45,1,0,649.846,837.085,630.416,1021.49
45,4,1,403.072,940.206,39.6828,611.778
45,5,1,4.74913,352.1,176.861,963.13
45,15,3,1018.84,1440.24,99.1455,422.041
45,17,3,1622.6,1966.61,24.999,239.805
45,18,3,2357.18,2555.27,31.3549,457.547
45,22,3,1962.79,2277.21,0.576925,135.721
46,1,0,646.305,835.704,628.609,1024.22
46,4,1,395.304,920.252,40.1636,632.657
46,5,1,0,292.924,191.89,1030.1
46,15,3,977.987,1409.53,108.381,430.057
46,17,3,1591.9,1942.45,33.6869,245.913
46,18,3,2394.15,2560,41.3066,441.775
46,22,3,1922.12,2256.35,0,154.183
47,1,0,644.986,834.755,629.598,1024.34
47,4,1,366.847,876.763,45.1414,639.228
47,5,1,8.54162,264.1,178.117,1073.66
47,15,3,929.298,1376.42,119.515,441.309
47,17,3,1562.08,1915.46,35.7664,251.861
47,18,3,2429.73,2560,41.7045,431.086
47,22,3,1896.92,2229.23,2.23557,154.688
48,1,0,648.183,835.467,628.819,1024.91
48,4,1,376.52,837.416,37.5256,654.6
48,5,1,2.024,225.362,191.398,1362.54
48,15,3,898.011,1344.9,123.868,457.543
48,17,3,1538.2,1882.55,44.4962,261.066
48,18,3,2476.13,2560,36.8847,426.884
48,22,3,1880.67,2205.48,1.22596,158.582
49,1,0,647.519,830.42,627.533,1024.55
49,4,1,307.838,829.846,82.9277,681.564
49,5,1,0,180.735,213.257,1191.78
49,15,3,867.663,1306.11,136.822,467.254
49,17,3,1510.5,1854.1,49.5439,271.331
49,18,3,2476.13,2560,36.8847,426.884
49,22,3,1868.85,2177.31,3.17307,168.029
50,1,0,647.869,831.8,629.265,1024.1
50,4,1,225.932,800.156,101.421,682.312
50,5,1,0,138.832,239.994,1157.44
50,15,3,820.394,1274.31,142.716,479.665
50,17,3,1479.02,1830.76,55.5844,278.648
50,22,3,1827.31,2157.31,3.53366,173.293
51,1,0,650.454,833.088,627.78,1023.24
51,4,1,179.68,755.308,121.638,705.017
51,5,1,1.16448,99.2589,224.159,1173.04
51,15,3,782.446,1239.71,150.313,495.759
51,17,3,1446.24,1799.96,64.1201,279.215
51,22,3,1805.44,2148.28,0,187.645
52,1,0,650.221,835.912,625.301,1020.62
52,4,1,125.165,752.143,124.143,722.743
52,5,1,1.66808,74.4945,204.295,1204.07
52,15,3,747.169,1204.57,160.816,501.488
52,17,3,1418.87,1770.18,66.4545,290.856
52,22,3,1793.27,2123.65,8.07693,177.404
53,1,0,645.733,828.768,629.041,1022.2
53,4,1,100.179,713.83,139.11,731.314
53,5,1,1.66808,74.4945,204.295,1204.07
53,15,3,705.62,1169.11,169.149,517.048
53,17,3,1386.94,1747.37,72.7626,299.671
53,22,3,1775,2105,5.69712,182.668
53,26,3,2286.15,2513.85,0,81.3461
54,1,0,647.441,829.585,629.784,1021.86
54,4,1,79.5976,656.633,161.332,765.327
54,15,3,660.676,1134.55,180.514,527.058
54,17,3,1353.76,1714.98,84.6876,308.925
54,22,3,1762.5,2091.16,2.48118,197.492
54,26,3,2261.63,2507.6,0,82.3558
55,1,0,647.859,830.092,628.656,1022.24
55,4,1,31.3057,644.358,158.566,785.817
55,15,3,619.857,1096.8,182.79,545.876
55,17,3,1324.47,1679.58,87.8601,319.046
55,22,3,1760.87,2063.75,2.88461,194.135
55,26,3,2229.04,2521.73,0,91.1178
56,1,0,645.169,827.892,631.12,1023.7
56,4,1,0,631.663,151.147,793.822
56,15,3,584.775,1056.14,203.026,555.714
56,17,3,1292.68,1650.75,97.1668,324.352
56,22,3,1755.67,2053.56,4.83173,196.37
56,26,3,2200,2467.69,0,98.1851
57,1,0,645.909,832.691,629.372,1022.58
57,4,1,0,584.791,155.755,817.294
57,15,3,537.059,1020.39,214.138,570.722
57,17,3,1253.38,1624.17,103.023,332.354
57,22,3,1755,2041.92,6.99519,201.274
57,26,3,2184.33,2403.37,0,99.5913
58,1,0,645.658,832.942,616.398,1024.17
58,4,1,0,557.28,155.809,843.365
58,15,3,508.355,986.526,219.768,588.932
58,17,3,1213.04,1591.23,108.976,345.905
58,22,3,1759.81,2037.12,9.59135,204.014
58,26,3,2156.54,2418.85,0,107.668
59,1,0,649.639,833.795,629.843,1023.91
59,4,1,5.95589,514.753,146.25,855.718
59,15,3,469.276,946.862,225.755,601.099
59,17,3,1181.53,1564.65,113.121,354.936
59,22,3,1772.31,2033.85,10.6731,205.962
59,26,3,2130.38,2346.54,0,103.053
60,1,0,645.089,832.693,628.614,1023.6
60,4,1,9.31236,455.102,209.871,882.895
60,15,3,425.951,909.581,238.941,616.49
60,17,3,1142.34,1531.44,121.185,365.225
60,22,3,1782.11,2047.32,9.83564,222.108
60,26,3,2106.06,2306.25,1.91106,106.55
61,1,0,648.188,831,626.867,1019.54
61,4,1,2.44406,451.785,211.011,892.135
61,15,3,405.295,880.063,250.578,623.729
61,17,3,1111.5,1495.74,128.761,378.801
61,22,3,1786.66,2097.68,11.7111,226.517
61,26,3,2084.62,2318.46,0.685097,102.296
62,1,0,648.034,832.956,627.645,1022.77
62,4,1,5.33487,445.554,222.062,914.419
62,15,3,389.81,833.234,261.07,647.95
62,17,3,1067.23,1458.81,139.983,387.699
62,22,3,1798.14,2108.4,17.0314,237.819
62,26,3,2053.37,2315.87,0.540866,105.757
63,1,0,650.019,829.602,628.255,1023.24
63,4,1,0,450.708,228.712,931.714
63,15,3,391.436,801.912,273.415,659.729
63,17,3,1031.28,1429.12,147.53,397.983
63,22,3,1803.9,2126.36,25.0332,241.577
63,26,3,2032.31,2269.23,1.55048,107.849
64,1,0,648.412,829.491,630.636,1023.07
64,4,1,5.53812,374.029,239.674,977.584
64,15,3,348.616,765.657,284.879,678.332
64,17,3,992.533,1387.33,155.268,416.079
64,22,3,1811.37,2165.7,33.6173,244.552
64,26,3,2004.62,2253.85,1.65865,109.255
64,27,0,2171.25,2244.13,1.62259,118.45
65,1,0,649.357,827.716,629.737,1023.18
65,4,1,7.21314,313.974,277.434,996.493
65,15,3,212.83,726.584,299.013,690.263
65,17,3,955.368,1352.97,167.019,430.953
65,22,3,1825.35,2206.98,38.1449,247.847
65,26,3,1992.88,2274.81,0,108.966
65,27,0,2171.25,2244.13,1.62259,118.45
66,1,0,646.43,831.533,629.154,1022.84
66,4,1,5.01482,244.154,313.334,1054.13
66,15,3,218.366,687.344,300.856,715.715
66,17,3,914.625,1320.86,174.656,440.076
66,22,3,1849.1,2255.64,33.7371,251.58
66,26,3,1962.88,2240.19,2.23557,115.024
67,1,0,649.567,829.369,627.167,1022.01
67,4,1,4.58339,216.138,292.908,1103.74
67,15,3,201.319,646.511,314.395,733.409
67,17,3,874.38,1286.41,185.038,451.172
67,22,3,1864.89,2304.89,36.9361,262.987
67,26,3,1962.88,2240.19,2.23557,115.024
68,1,0,649.369,830.36,627.817,1022.56
68,4,1,2.83209,175.414,325.647,1217.04
68,15,3,137.733,613.516,334.223,748.272
68,17,3,843.537,1247.5,192.954,464.13
68,22,3,1888.19,2379.44,25.964,277.063
68,29,3,1346.25,2021.25,1473.57,1920
69,1,0,649.099,830.09,626.86,1022.86
69,4,1,0,150.808,328.946,1212.76
69,15,3,95.5645,583.796,328.247,770.058
69,17,3,804.993,1216.22,203.85,471.63
69,22,3,1923.02,2401.1,40.8574,272.072
69,29,3,1382.5,2008.75,1360.12,1917.98
70,1,0,650.317,829.988,626.518,1023.24
70,4,1,2.30345,95.1064,383.4,1169.59
70,15,3,64.4984,542.352,325.287,789.093
70,17,3,765.319,1181.12,212.786,485.256
70,22,3,1947.02,2506.78,32.9579,286.429
70,29,3,1433.23,1993.53,1258.11,1814.84
71,1,0,649.915,829.717,627.378,1024.44
71,4,1,2.30345,95.1064,383.4,1169.59
71,15,3,11.0091,506.203,345.575,798.306
71,17,3,726.992,1145,222.049,501.799
71,22,3,2002.68,2557.4,44.5058,288.866
71,29,3,1451.25,2005.17,1159.9,1675.42
71,26,3,1827.69,2150.77,2.52404,160.168
72,1,0,648.496,830.596,626.655,1024.88
72,15,3,4.80982,460.114,381.764,830.095
72,17,3,686.519,1111.71,233.317,514.367
72,22,3,2051.58,2558.61,52.5514,291.593
72,29,3,1484.31,2010.03,1070.86,1560.98
72,26,3,1810,2103.85,4.39904,166.514
73,1,0,647.542,831.742,625.977,1023.14
73,15,3,0,433.139,395.597,844.256
73,17,3,646.855,1075.17,239.976,528.571
73,22,3,2123.1,2560,38.5719,308.617
73,27,4,2038.49,2112.28,9.44712,194.207
73,29,3,1509.55,2020.21,982.611,1467.96
73,26,3,1793.94,2086.06,3.38942,169.543
74,1,0,647.342,830.825,626.841,1023.8
74,15,3,5.31754,335.379,421.621,859.2
74,17,3,606.541,1039.19,255.029,541.309
74,22,3,2176.39,2558.06,63.6866,290.678
74,27,0,2025,2091.92,16.5865,215.192
74,29,3,1540.17,2037.06,922.29,1392.71
74,26,3,1776.63,2087.98,5.33654,175.385
75,1,0,647.855,830.132,626.716,1022.62
75,15,3,1.20956,378.071,429.708,881.224
75,17,3,575.011,1005.63,259.862,553.575
75,22,3,2246.89,2557.45,69.1132,292.34
75,27,0,2022.64,2091.2,21.6346,212.452
75,29,3,1567.64,2044.56,849.391,1301.35
75,26,3,1760.96,2054.42,5.33654,178.99
76,1,0,650.33,830.923,625.109,1026.56
76,15,3,0,287.106,466.054,921.509
76,17,3,499.656,936.365,283.998,579.906
76,22,3,2383.98,2556.9,62.236,298.696
76,27,2,2027.74,2095.34,22.5,216.058
76,29,3,1627.8,2075.41,742.816,1133.97
76,26,3,1723.65,2042.5,3.96634,184.255
76,33,0,2205.66,2416.81,1299.5,1901.11
77,1,0,650.33,830.923,625.109,1026.56
77,15,3,0,287.106,466.054,921.509
77,17,3,499.656,936.365,283.998,579.906
77,22,3,2383.98,2556.9,62.236,298.696
77,27,2,2027.74,2095.34,22.5,216.058
77,29,3,1627.8,2075.41,742.816,1133.97
77,26,3,1723.65,2042.5,3.96634,184.255
77,33,0,2205.66,2416.81,1299.5,1901.11
78,1,0,649.77,829.791,629.092,1028.39
78,15,3,0,232.635,479.029,959.381
78,17,3,451.22,897.917,290.944,590.889
78,22,3,2383.98,2556.9,62.236,298.696
78,27,0,2027,2102.24,16.6587,222.043
78,29,3,1661.55,2088.67,688.817,1062.61
78,26,3,1714.33,2017.98,3.46154,183.606
78,33,0,2177.68,2394.94,1218.38,1799.78
79,1,0,647.443,830.568,628.552,1027.26
79,15,3,0.771551,200.549,487.446,1031.62
79,17,3,412.532,858.753,308.422,613.24
79,27,0,2038.75,2121.25,19.4712,222.837
79,29,3,1691.18,2103.17,637.102,1016.13
79,26,3,1710.58,2000.19,7.57212,186.707
79,33,0,2173.72,2384.04,1142.79,1699.88
80,1,0,646.829,831.434,629.577,1024.22
80,15,3,0,157.474,517.36,1043.64
80,17,3,385.31,819.946,317.685,628.628
80,27,2,2040.26,2128.97,28.9904,220.24
80,29,3,1721.41,2123.12,603.209,952.641
80,26,3,1699.62,1986.54,6.20193,192.404
80,33,0,2140.29,2361.76,1078.51,1611.51
80,35,3,2141.54,2464.62,0,114.195
81,1,0,646.183,832.056,629.51,1026.86
81,15,3,0,113.065,533.026,1139.95
81,17,3,361.51,787.999,329.747,645.586
81,27,2,2045.41,2139.21,27.0433,223.774
81,29,3,1758.92,2144.86,561.805,889.025
81,26,3,1693.94,1976.83,6.92307,199.038
81,33,0,2137.67,2344.28,1018.03,1532.24
81,35,3,2113.94,2455.29,0,112.861
82,1,0,645.296,832.535,628.985,1024.11
82,15,3,0.949249,73.5781,547.706,1149.91
82,17,3,342.978,750.309,345.382,659.645
82,27,2,2045.24,2154.76,41.1779,227.236
82,29,3,1788.7,2172.01,527.341,858.176
82,26,3,1686.54,1968.85,6.99519,197.524
82,33,0,2131.55,2331.34,964.794,1464.16
82,35,3,2098.46,2378.46,0,108.714
83,1,0,646.793,831.579,628.938,1024.11
83,15,3,0.949249,73.5781,547.706,1149.91
83,17,3,246.691,712.247,341.291,685.894
83,27,2,2049.47,2168.99,25.3846,211.442
83,29,3,1824.38,2193.99,491.683,809.844
83,26,3,1686.92,1959.23,5.625,204.375
83,33,0,2133.98,2317.69,908.864,1389.57
83,35,3,2082.21,2308.56,0.865384,100.096
84,1,0,647.121,831.322,628.257,1024.35
84,17,3,203.451,675.474,368.514,697.016
84,27,2,2048.03,2179.66,29.0625,215.553
84,29,3,1859.14,2218.52,458.337,768.749
84,26,3,1692.79,1953.37,5.55288,205.745
84,33,0,2120.33,2315.55,859.955,1331.13
84,35,3,2054.23,2324.23,1.98318,111.382
85,1,0,648.658,829.605,627.327,1025.75
85,17,3,163.082,640.406,369.071,712.331
85,27,2,2059.28,2211.49,31.0817,209.351
85,29,3,1897.32,2246.58,426.404,725.836
85,26,3,1700.1,1949.13,10.4567,206.322
85,33,0,2139.44,2303.75,800.948,1261.21
85,35,3,2033.65,2341.73,2.52403,117.62
86,1,0,647.052,831.523,627.7,1024.42
86,17,3,114.073,599.239,382.291,728.073
86,27,0,2054.9,2246.63,32.3798,209.784
86,29,3,1934.65,2269.79,397.577,698.108
86,26,3,1706.08,1944.09,7.49003,225.221
86,33,0,2125.68,2314.48,771.149,1215.62
86,35,3,2006.06,2277.02,1.00961,125.048
86,37,3,2413.94,2560,0,59.1346
87,1,0,647.68,832.421,627.991,1023.7
87,17,3,75.2037,556.624,397.334,751.835
87,27,0,2065,2276.54,30.2885,211.731
87,29,3,1973.6,2305.89,371.462,648.426
87,26,3,1712.81,1949.69,11.4703,229.521
87,33,0,2143.78,2311.33,730.315,1158.12
87,35,3,1985.77,2285,3.02885,130.962
87,37,3,2413.94,2560,0,59.1346
87,38,0,54.012,306.338,1594.96,1920
88,1,0,646.464,833.337,627.792,1024.42
88,17,3,26.6093,517.375,411.956,762.499
88,27,0,2075.58,2287.5,24.1587,216.851
88,29,3,2010.19,2335.1,342.28,626.748
88,26,3,1717.41,1966.03,15.2269,237.686
88,33,0,2159.71,2319.86,690.346,1112.45
88,35,3,1968.17,2293.37,0.46875,134.387
88,38,0,82.5113,361.947,1518.45,1916.48
89,1,0,647.432,831.768,628.028,1026.84
89,17,3,3.29535,472.102,437.607,787.295
89,27,0,2098.65,2273.65,30.2163,221.899
89,29,3,2048.44,2365.29,321.039,586.548
89,26,3,1727.67,1989.92,18.7247,241.728
89,33,0,2160.67,2339.6,653.533,1070.41
89,35,3,1936.63,2266.44,0,138.642
89,37,3,2346.63,2557.98,0,83.6899
89,38,0,116.516,376.789,1452.3,1917.64
90,1,0,647.271,832.962,629.657,1027.06
90,17,3,0.960979,444.088,455.143,816.108
90,27,0,2114.04,2283.07,13.997,248.045
90,29,3,2093.2,2397.27,290.475,568.822
90,26,3,1728.38,2008.3,21.7664,243.25
90,33,0,2174.58,2336.11,620.68,1033
90,35,3,1907.69,2267.69,4.25481,152.236
90,37,3,2316.06,2557.79,0,88.3414
90,38,0,149.457,392.191,1385.6,1919.51
91,1,0,647.353,832.953,628.543,1024.15
91,17,3,0,407.082,466.271,838.603
91,27,0,2095.24,2283.22,27.9087,227.668
91,29,3,2131.25,2436.43,267.147,543.395
91,26,3,1734.88,2034.6,26.9204,245.824
91,33,0,2200.81,2360.06,588.334,989.243
91,35,3,1900.96,2268.27,4.39904,151.514
91,37,3,2303.37,2555.1,0,86.4303
91,38,0,173.021,399.688,1317.93,1903.89
92,1,0,647.928,833.301,629.793,1025.35
92,17,3,2.45111,347.34,489.565,851.094
92,27,0,2101.63,2276.83,27.4038,223.269
92,29,3,2176,2468.2,249.711,507.895
92,26,3,1757.37,2057.5,27.886,255.821
92,33,0,2216.26,2361.16,558.792,957.456
92,35,3,1902.97,2296.14,2.8093,175.369
92,37,3,2296.73,2555.58,0,92.9567
92,38,0,198.732,417.303,1251.18,1833.43
92,39,3,850.962,1238.27,2.74038,121.298
93,1,0,648.347,832.234,627.932,1023.93
93,17,3,0,320.038,502.89,881.999
93,27,0,2110.82,2283.03,32.524,220.601
93,29,3,2223.7,2512.78,221.681,487.021
93,26,3,1764.36,2085.49,29.9787,256.251
93,33,0,2228.28,2367.97,530.951,910.57
93,35,3,1807.97,2258.82,0,169.933
93,37,3,2251.73,2551.35,0,99.9519
93,38,0,222.574,446.765,1203.96,1762.68
93,39,3,805.673,1186.63,0.9375,124.976
94,1,0,648.712,830.945,627.727,1024.35
94,17,3,0,282.082,523.171,897.27
94,27,0,2108.81,2284.45,0,240.719
94,29,3,2262.95,2555.23,203.746,462.056
94,26,3,1767.85,2113.97,29.4682,251.933
94,33,0,2240.85,2374.37,509.057,873.665
94,35,3,1807.97,2258.82,0,169.933
94,37,3,2234.13,2547.4,0,97.8606
94,38,0,250.663,473.517,1157.42,1698.94
94,39,3,757.692,1140.77,2.23557,128.726
95,1,0,647.939,831.466,628.167,1024.84
95,17,3,0,238.291,537.164,926.142
95,27,0,2123.37,2288.94,25.3846,229.471
95,29,3,2308.35,2556.03,179.617,440.589
95,26,3,1780.73,2135.32,31.6871,269.775
95,33,0,2247.89,2380.37,486.752,837.2
95,37,3,2205.19,2551.73,0,107.993
95,38,0,274.235,496.275,1120.75,1642.8
95,39,3,706.658,1103.53,0,160.487
96,1,0,648.542,832.339,630.067,1025.82
96,17,3,0.237207,202.48,559.476,954.073
96,27,2,2132.88,2282.5,12.9808,200.337
96,29,3,2355.97,2556.15,164.601,415.575
96,26,3,1796.02,2152.08,37.6271,265.897
96,33,0,2250.63,2379.34,465.379,808.818
96,37,3,2189.62,2518.08,0.288463,115.817
96,38,0,305.353,511.786,1072.23,1598.89
96,39,3,661.668,1053.87,0,167.056
97,1,0,648.862,832.031,628.275,1026.4
97,17,3,0,159.551,570.911,983.991
97,27,2,2131.01,2290.53,22.8606,227.38
97,29,3,2400.35,2560,139.735,403.526
97,26,3,1809.27,2177.81,42.2592,267.842
97,33,0,2245.9,2383.96,439.655,776.842
97,35,3,1726.15,2070.77,1.37019,163.197
97,37,3,2165,2508.85,0,111.779
97,38,0,333.313,536.819,1038.1,1544.09
97,39,3,608.492,1016.52,0,170.726
97,40,0,1612.16,1713.99,0,136.19
98,1,0,647.325,833.016,628.779,1024.68
98,17,3,0,122.593,596.75,1066.43
98,27,2,2131.01,2290.53,22.8606,227.38
98,29,3,2449.28,2559.95,130.168,376.37
98,26,3,1829.09,2223.36,45.0384,270.952
98,33,0,2255.86,2387.31,424.862,747.04
98,35,3,1706.54,2062.69,0.793269,166.947
98,37,3,2150.19,2446.73,1.65865,112.139
98,38,0,359.323,563.676,996.899,1496.27
98,39,3,561.947,957.808,0,172.61
98,40,0,1565.87,1671.06,0,141.562
99,1,0,644.443,834.445,629.189,1025.19
99,17,3,0,84.7608,618.463,1077.71
99,29,3,2497.09,2558.29,100.745,373.197
99,26,3,1837.87,2245.15,48.1475,270.694
99,33,0,2259.78,2393.11,403.644,722.186
99,35,3,1692.79,2027.37,0,189.452
99,37,3,2129.23,2458.46,2.84856,111.815
99,38,0,375.927,581.832,972.555,1449.52
99,39,3,505.027,914.303,0,184.053
99,40,0,1524.33,1635.67,0.649037,152.38
100,1,0,645.841,833.263,628.597,1024.54
100,17,3,2.95144,54.0522,677.364,1142.48
100,29,3,2497.09,2558.29,100.745,373.197
100,26,3,1849.13,2276.87,48.681,276.394
100,33,0,2265.12,2404.43,380.415,689.949
100,35,3,1668.2,2018.74,0,188.486
100,37,3,2106.35,2398.27,0.973556,112.464
100,38,0,410.187,600.281,935.263,1415.97
100,39,3,447.471,863.293,0,194.19
100,40,0,1476.68,1594.09,0.144231,161.394
101,1,0,648.604,831.461,627.956,1025.5
101,17,3,2.95144,54.0522,677.364,1142.48
101,26,3,1880.5,2319.64,49.0737,280.57
101,33,0,2275.83,2413.09,363.422,663.763
101,35,3,1639.03,1998.15,10.6383,201.318
101,37,3,2079.52,2403.56,1.80289,121.947
101,38,0,425.99,616.503,905.838,1375.87
101,39,3,398.519,819.987,0,200.172
101,40,0,1436.44,1552.79,0,164.928
102,1,0,649.489,836.59,631.791,1028.76
102,26,3,1902.31,2355.61,52.4045,285.688
102,33,0,2283.76,2421.75,341.271,643.782
102,35,3,1619.66,1988.55,14.6555,204.777
102,37,3,2074.33,2399.52,2.09135,112.861
102,38,0,452.515,652.084,882.324,1345.63
102,39,3,337.385,770.776,0,200.83
102,40,0,1391.44,1508.56,0,175.168
103,1,0,649.831,834.798,630.645,1029.16
103,26,3,1932.51,2388.78,59.3262,287.011
103,33,0,2297.11,2441.23,326.475,615.168
103,35,3,1595.7,1957.73,10.968,204.84
103,37,3,2049.81,2344.04,3.60577,109.183
103,38,0,465.499,668.906,866.982,1311.34
103,39,3,345.815,705.547,5.21457,208.564
103,40,0,1350.77,1467.69,6.34616,184.615
104,1,0,653.694,833.32,630.734,1028.04
104,26,3,1962.69,2442.3,56.297,290.465
104,33,0,2323.21,2463.24,308.932,592.491
104,35,3,1567.19,1925.78,13.1134,209.51
104,37,3,2049.81,2344.04,3.60577,109.183
104,38,0,488.568,680.809,842.445,1287.35
104,39,3,239.63,658.406,6.7884,216.133
104,40,0,1310.82,1423.03,8.79807,189.663
105,1,0,654.638,835.805,629.571,1023.3
105,26,3,1989.24,2482.47,58.2852,291.711
105,33,0,2343.74,2482.54,288.638,574.631
105,35,3,1538.57,1900.51,18.6133,208.642
105,37,3,1980.77,2394.62,8.00481,120.433
105,38,0,508.815,707.486,823.734,1270.71
105,39,3,225.436,591.727,12.1614,216.132
105,40,0,1268.85,1381.92,15.649,195.649
106,1,0,653.311,836.66,629.689,1020.67
106,26,3,2021.6,2498.14,54.5875,292.24
106,33,0,2374.51,2525.69,270.68,557.021
106,35,3,1510.38,1869.5,17.0243,222.244
106,37,3,1983.37,2287.4,2.63221,130.276
106,38,0,521.606,718.01,810.49,1240.97
106,39,3,67.2187,543.873,15.2217,229.112
106,40,0,1225.34,1350.05,3.82212,206.466
107,1,0,654.852,834.918,628.19,1016.67
107,26,3,2068.39,2558.38,61.6349,298.737
107,33,0,2403.63,2554.38,260.23,541.514
107,35,3,1478.18,1838.97,18.5578,223.102
107,37,3,1975.19,2314.04,3.42548,130.709
107,38,0,538.922,730.554,798.077,1218.12
107,39,3,11.9391,480.918,23.7441,240.87
107,40,0,1190.24,1311.3,25.3125,211.659
108,1,0,654.204,836.793,627.467,1021.49
108,26,3,2098.6,2555.83,64.4174,295.688
108,33,0,2449.81,2559.42,230.913,528.317
108,35,3,1458.7,1813.2,26.4261,231.846
108,37,3,1940.77,2265.38,0,152.019
108,38,0,549.957,752.422,784.184,1207.37
108,39,3,11.9391,480.918,23.7441,240.87
108,40,0,1147.45,1269.47,12.5481,228.317
108,42,0,1354.47,1451.68,0,137.668
109,1,0,653.674,835.019,625.004,1025.08
109,26,3,2168.6,2548.65,69.9325,297.229
109,33,0,2449.81,2559.42,230.913,528.317
109,35,3,1423.52,1778.63,32.0594,239.597
109,37,3,1914.23,2258.08,1.00961,152.74
109,38,0,565.492,769.546,771.882,1194.5
109,39,3,6.73439,329.354,30.2369,254.283
109,40,0,1108.65,1225.19,6.63462,235.096
109,42,0,1304.9,1405.87,0,143.149
110,1,0,658.381,835.137,619.232,1026.01
110,26,3,2231.52,2549.53,68.9574,311.816
110,35,3,1399.24,1757.31,32.5234,244.905
110,37,3,1890.38,2223.46,0.721157,157.067
110,38,0,585.292,777.627,765.738,1174.4
110,39,3,0.961533,312.115,54.1587,229.399
110,40,0,1063.85,1185.38,13.125,243.894
110,42,0,1256.25,1363.75,0.721157,153.317
111,1,0,665.113,838.238,615.048,1029.24
111,27,0,2099.52,2266.63,28.1971,221.611
111,26,3,2288.82,2558.93,64.4937,311.215
111,35,3,1371.39,1726.41,35.2016,251.983
111,37,3,1856.07,2242.58,0,174.61
111,38,0,595.868,796.489,736.713,1162.91
111,39,3,0.865383,229.904,58.125,225.433
111,40,0,1020.58,1137.88,21.9952,246.851
111,42,0,1205.29,1314.71,0,162.837
111,46,0,2321.53,2510.66,361.692,651.445
112,1,0,665.113,838.238,615.048,1029.24
112,27,0,2092.88,2294.81,35.0481,226.298
112,26,3,2343.79,2557.3,73.0538,309.976
112,35,3,1346.63,1691.06,46.0688,258.606
112,37,3,1833.61,2227.74,0.613139,173.594
112,38,0,608.414,811.424,700.342,1150.6
112,39,3,0.865383,229.904,58.125,225.433
112,40,0,980.048,1099.95,51.7067,260.409
112,42,0,1153.56,1263.37,0,166.803
112,46,0,2232.96,2446.52,366.272,659.405
113,27,0,2102.22,2294.84,13.9722,231.916
113,26,3,2380.46,2559.34,65.0616,307.839
113,35,3,1320.99,1658.43,52.0682,267.873
113,37,3,1803.54,2195.75,2.24964,174.262
113,38,0,612.091,820.55,712.734,1141.12
113,40,0,935.913,1065.62,20.7692,259.904
113,42,0,1105.87,1212.6,0,174.952
113,46,0,2134.43,2355.49,375.66,666.867
114,27,0,2102.08,2292.34,9.2426,229.003
114,26,3,2418.85,2560,69.0144,316.659
114,35,3,1291.96,1632.88,57.9952,273.774
114,37,3,1779.84,2145.32,0,183.798
114,38,0,616.907,815.505,675.268,1135.19
114,40,0,894.615,1011.54,31.3702,274.976
114,42,0,1057.36,1168.8,0,187.572
114,46,0,2030.4,2263.69,380.508,671.004
115,27,0,2095.38,2285.48,9.90474,231.605
115,26,3,2466.23,2560,73.9183,323.582
115,35,3,1260.68,1603.6,66.0833,280.157
115,37,3,1761.19,2123.3,0.446391,186.346
115,38,0,643.824,834.289,618.241,1121.52
115,40,0,849.423,970.577,62.2356,283.053
115,42,0,1002.79,1114.13,0,194.423
115,46,0,1925.29,2168.47,385.78,677.734
116,27,0,2095.14,2291.56,11.9657,232.156
116,26,3,2516.3,2557.55,46.3702,292.861
116,35,3,1239.83,1576.94,71.3211,292.865
116,37,3,1733.48,2099.86,5.06927,187.284
116,38,0,646.416,834.25,622.633,1116.18
116,40,0,806.298,922.933,98.0769,295.096
116,42,0,950.048,1063.8,0,198.101
116,46,0,1813.03,2067.15,391.916,684.048
116,48,3,2157.98,2408.17,0.97356,103.81
116,49,0,1180.91,1289.86,4.54327,202.284
117,27,0,2089.13,2298.56,31.7308,226.442
117,26,3,2516.3,2557.55,46.3702,292.861
117,35,3,1214.65,1547.67,73.0424,304.878
117,37,3,1707.07,2071.31,3.4876,191.211
117,38,0,646.393,826.899,688.338,1117.77
117,40,0,762.596,885.096,99.9519,308.221
117,42,0,901.538,1012.31,15.5769,213.029
117,46,0,1694.87,1967.97,399.495,697.316
117,48,3,2130.48,2352.6,2.45192,107.38
117,49,0,1135.58,1239.81,9.95193,218.221
118,27,2,2095.29,2298.56,26.6106,223.918
118,35,3,1181.2,1522.21,85.4288,310.516
118,37,3,1670.84,2044.72,2.44012,197.88
118,38,0,648.158,831.955,621.707,1110.94
118,40,0,717.356,831.875,94.4712,318.606
118,42,0,844.327,961.827,9.375,220.817
118,46,0,1576.96,1850.19,403.692,705.908
118,48,3,2110.19,2379.04,1.58653,118.558
118,49,0,1094.71,1189.9,6.70673,234.591
119,27,0,2090.87,2293.75,36.851,222.764
119,35,3,1160.8,1493.58,94.2442,324.276
119,37,3,1648.74,2018.99,7.24099,205.106
119,38,0,644.812,832.646,623.2,1105.55
119,40,0,671.587,790.721,123.894,332.452
119,42,0,791.779,909.76,11.7548,234.447
119,46,0,1452.86,1731.35,414.812,716.585
119,48,3,2084.42,2312.5,0.432694,126.346
119,49,0,1053.22,1149.86,27.9808,235.385
120,27,0,2103.46,2284.23,24.8798,222.764
120,35,3,1131.02,1469.04,98.2442,332.641
120,37,3,1624.92,1986.59,12.5052,206.946
120,38,0,640.534,834.472,621.985,1107.88
120,40,0,622.356,748.413,120.938,346.659
120,42,0,738.606,861.394,21.3462,245.481
120,46,0,1327.66,1616.81,425.767,727.245
120,48,3,2063.17,2312.21,0.901437,130.781
120,49,0,1012.26,1110.82,39.5192,247.067
120,50,3,2449.86,2559.37,0,87.3317
121,27,2,2106.39,2299.76,29.1346,221.538
121,35,3,1108.55,1440.84,105.821,344.703
121,37,3,1594.59,1958.39,9.89935,213.895
121,38,0,642.706,834.806,619.149,1103.74
121,40,0,577.115,719.038,128.582,357.476
121,42,0,691.923,805.769,58.4135,252.837
121,46,0,1200.46,1489.61,432.274,738.202
121,48,3,2031.83,2282.02,1.15384,132.26
121,49,0,973.558,1066.44,29.2067,248.87
121,50,3,2449.86,2559.37,0,87.3317
122,27,0,2134.05,2309.05,6.56707,241.073
122,35,3,1073.66,1421.05,114.512,355.443
122,37,3,1556.39,1943.27,12.6712,217.166
122,38,0,641.557,836.73,618.057,1106.57
122,40,0,531.538,673.846,155.048,370.817
122,42,0,641.875,751.971,45.1442,266.106
122,46,0,1077.95,1362.34,440.869,748.144
122,48,3,1993.27,2292.88,3.31731,154.183
122,49,0,925.168,1022.52,60.2885,265.096
123,27,0,2150.53,2320.24,26.4663,229.399
123,35,3,1040.07,1389.93,125.727,366.702
123,37,3,1530,1913.77,17.5718,223.67
123,38,0,642.783,836.153,618.894,1103.01
123,40,0,489.471,622.067,151.731,381.346
123,42,0,597.933,696.683,53.5817,275.553
123,46,0,951.495,1232.85,453.603,760.578
123,48,3,1982.69,2285,0,140.409
123,49,0,884.303,980.312,51.1298,272.236
124,27,2,2188.75,2352.79,24.3029,233.293
124,35,3,1015.15,1361.1,137.821,385.205
124,37,3,1502.02,1887.21,19.8119,232.09
124,38,0,640.43,823.599,625.943,1106.53
124,40,0,445.865,581.058,151.875,385.817
124,42,0,550.24,641.298,60.7933,281.611
124,46,0,822.815,1106.86,460.737,774.226
124,48,3,1954.71,2269.9,1.22596,151.226
124,49,0,845.361,937.716,68.5096,275.048
125,27,2,2196.35,2369.81,26.3942,239.567
125,35,3,980.3,1334.97,145.404,395.949
125,37,3,1465.32,1847.04,29.2912,238.125
125,38,0,634.658,826.29,642.604,1103.65
125,40,0,400.433,538.798,157.644,402.26
125,42,0,550.24,641.298,60.7933,281.611
125,46,0,739.935,981.133,470.163,793.84
125,48,3,1932.12,2234.04,2.59616,157.356
125,49,0,790.625,892.452,94.3269,291.923
125,51,3,2343.85,2557.69,0,98.5096
126,27,2,2224.28,2394.18,32.1635,241.01
126,35,3,947.265,1311.24,154.779,411.672
126,37,3,1430.52,1822.15,31.1745,245.85
126,38,0,633.659,828.356,692.645,1105.42
126,40,0,368.125,498.029,155.048,397.356
126,46,0,573.531,852.627,475.553,818.51
126,48,3,1901.92,2211.92,3.96635,162.476
126,49,0,745.721,845.048,99.375,309.087
126,51,3,2293.27,2560,1.51442,91.4423
127,27,2,2262.69,2429.62,37.7164,239.062
127,35,3,917.297,1282.87,163.085,420.292
127,37,3,1405.97,1788.72,33.9026,252.785
127,38,0,636.914,832.374,627.236,1107
127,40,0,368.125,498.029,155.048,397.356
127,46,0,465.171,698.179,497.962,817.36
127,48,3,1877.79,2180.67,2.01923,169.183
127,49,0,702.5,803.654,104.495,317.236
127,51,3,2309.42,2558.27,0,95.0481
127,53,0,899.904,1009.33,0.973556,115.349
128,27,2,2262.69,2429.62,37.7164,239.062
128,35,3,880.865,1252.2,173.681,436.826
128,37,3,1372.07,1755,38.9257,260.93
128,38,0,647.295,836.187,619.457,1106.42
128,46,0,372.477,601.929,511.049,830.954
128,48,3,1845.77,2157.31,5.04808,169.183
128,49,0,650.048,755.337,116.394,342.548
128,51,3,2303.56,2560,0,93.75
128,53,0,845.312,942.38,0,120.252
128,54,0,2262.85,2493.02,1264.75,1871.67
129,35,3,847.953,1227.91,186.725,453.444
129,37,3,1343.27,1725.45,42.6599,262.238
129,38,0,650.757,835.543,619.05,1109.95
129,46,0,230.553,489.115,541.861,873.294
129,48,3,1821.83,2135.1,5.26443,178.486
129,49,0,599.423,706.731,122.74,350.337
129,51,3,2252.12,2550.96,0,91.226
129,53,0,845.312,942.38,0,120.252
129,54,0,2233.52,2445.75,1179.52,1751.35
130,35,3,816.563,1196.42,198.744,465.659
130,37,3,1312.82,1696.69,44.6018,271.843
130,38,0,650.48,840.481,618.603,1109.03
130,46,0,120.091,368.096,548.057,898.334
130,48,3,1797.88,2106.73,6.92307,182.596
130,49,0,557.163,662.067,130.529,355.24
130,51,3,2233.27,2532.88,0.396634,117.873
130,53,0,735.072,826.466,1.76682,137.416
130,54,0,2195.06,2413.04,1101.26,1648.1
131,35,3,783.101,1164.26,205.474,480.954
131,37,3,1272.76,1670.12,55.9496,276.737
131,38,0,649.905,837.281,617.873,1106.86
131,46,0,10.1773,256.103,563.633,927.497
131,48,3,1766.15,2086.15,4.97596,188.582
131,49,0,513.125,619.183,140.337,367.933
131,51,1,2188.85,2552.69,2.30769,106.082
131,53,0,678.221,777.933,3.02884,154.471
131,54,0,2190.54,2383.82,1026.34,1559.73
132,35,3,745.812,1136.68,217.179,493.535
132,37,3,1245.09,1639.89,59.6104,289.165
132,38,0,651.039,833.316,625.944,1107.82
132,40,0,74.5084,230.723,234.201,527.297
132,46,0,0,139.549,587.204,982.379
132,48,3,1736.73,2050.96,7.5,190.24
132,49,0,468.51,570.721,143.582,386.611
132,51,3,2182.31,2494.62,0.180287,106.983
132,53,0,620.144,733.702,3.67789,166.226
132,54,0,2174.34,2374.3,958.148,1474.37
132,55,0,2391.68,2560,8.17575,246.025
133,35,3,711.566,1107.04,227.929,504.926
133,37,3,1212.12,1613.68,66.3485,302.065
133,38,0,649.713,835.358,622.244,1107.9
133,40,0,33.3792,185.603,244.945,554.479
133,46,0,0,139.549,587.204,982.379
133,48,3,1701.53,2030.43,9.86854,208.386
133,49,0,424.038,526.731,161.034,386.755
133,51,3,2160.77,2445.38,0.46875,109.507
133,53,0,565.385,681.538,7.13943,171.851
133,54,0,2153.1,2356.75,903.324,1388.27
133,55,0,2452.07,2560,34.6154,239.712
134,35,3,669.326,1079.1,239.859,526.838
134,37,3,1177.87,1569.59,69.4143,306.169
134,38,0,648.655,836.673,618.799,1107.31
134,40,0,3.75196,134.753,254.651,571.099
134,48,3,1676.17,2001.32,10.7146,207.495
134,49,0,384.375,486.394,172.067,391.01
134,51,3,2133.46,2423.46,0,116.827
134,53,0,565.385,681.538,7.13943,171.851
134,54,0,2150.19,2356.52,847.858,1318.57
134,55,0,2452.07,2560,34.6154,239.712
135,35,3,637.084,1041.64,252.595,538.56
135,37,3,1146.64,1539.23,77.2631,313.153
135,38,0,648.018,836.587,620.237,1108.27
135,40,0,0.576925,85.8654,261.202,581.106
135,48,3,1650.22,1980.41,14.453,215.188
135,49,0,357.428,447.957,184.327,437.596
135,51,3,2107.88,2442.88,0,118.882
135,54,0,2151.86,2346.98,796.664,1245.5
136,35,3,600.774,1014.17,262.378,554.517
136,37,3,1121.08,1505.6,88.0529,323.023
136,38,0,649.503,837.154,616.748,1109.33
136,40,0,1.97115,38.3894,301.587,611.683
136,48,3,1624.24,1943.41,14.2773,225.212
136,49,0,357.428,447.957,184.327,437.596
136,51,3,2084.04,2383.65,0.540866,117.296
136,54,0,2155.46,2333.34,749.678,1180.32
137,35,3,559.715,980.542,277.135,568.456
137,37,3,1079.83,1474.34,92.1392,329.966
137,38,0,651.91,831.23,616.688,1110.96
137,40,0,1.97115,38.3894,301.587,611.683
137,48,3,1585.97,1916.24,17.1593,228.713
137,51,3,2054.9,2351.25,2.30769,122.163
137,54,0,2161.42,2340.66,703.037,1121.19
138,35,3,521.468,946.138,286.471,582.994
138,37,3,1051.67,1444.54,97.2197,336.802
138,38,0,652.651,834.839,616.924,1107.83
138,48,3,1554.33,1878.85,21.8551,233.254
138,51,3,2023.85,2277.69,1.26202,129.555
138,54,0,2174.77,2343.51,657.797,1069.12
139,35,3,478.805,911.931,301.35,600.783
139,37,3,1016.68,1419.41,102.829,352.839
139,38,0,649.583,835.864,620.356,1108.15
139,48,3,1524.12,1852.62,29.9332,243.146
139,49,0,168.462,279.231,231.995,482.236
139,51,3,1992.5,2287.5,0.576918,134.567
139,54,0,2185.27,2357.85,618.428,1021.89
140,35,3,432.612,870.79,313.646,620.854
140,37,3,987.411,1384.92,114.714,360.683
140,38,0,650.984,834.243,627.615,1106.68
140,48,3,1485.73,1826.9,33.7591,247.493
140,49,0,168.462,279.231,231.995,482.236
140,51,3,1973.46,2275.77,0.649037,139.255
140,54,0,2199.03,2357.28,585.879,970.724
140,62,0,2014.25,2282.98,1369.76,1916.07
141,35,3,396.137,837.684,333.916,640.188
141,37,3,957.3,1356.66,125.663,374.228
141,38,0,651.842,833.719,631.913,1106.9
141,48,3,1455.22,1791.18,44.7606,255.232
141,49,0,66.3942,185.337,259.76,529.471
141,51,3,1933.46,2238.85,0,143.401
141,54,0,2215.11,2367.37,553.049,914.203
141,62,0,1982.61,2242.57,1258.03,1818.66
142,35,3,363.099,792.697,346.284,661.238
142,37,3,926.8,1330.81,138.152,385.204
142,38,0,651.947,834.603,631.612,1105.79
142,48,3,1419.71,1756.58,47.3051,260.648
142,49,0,27.5,135.096,273.75,552.404
142,51,3,1901.92,2205.77,0,161.899
142,54,0,2231.7,2382.08,516.808,876.971
142,62,0,1958.04,2213.09,1150.44,1702.78
143,35,3,349.317,751.706,360.07,683.992
143,37,3,898.368,1296.46,143.142,394.867
143,38,0,650.903,837.731,631.99,1108.49
143,48,3,1387.71,1723.35,50.5588,268.828
143,49,0,1.94711,85.4086,287.236,566.611
143,51,3,1859.04,2168.65,0.721157,165.433
143,54,0,2248.16,2399.05,488.291,831.018
143,62,0,1955.61,2191.56,1059.35,1576.84
144,35,3,272.806,717.314,375.352,704.335
144,37,3,862.833,1268.08,149.53,401.547
144,38,0,653.184,833.734,623.61,1106.9
144,48,3,1354.73,1694.07,54.9636,274.783
144,49,0,1.94711,85.4086,287.236,566.611
144,51,3,1825.96,2143.27,4.11057,169.688
144,54,0,2268.65,2414.44,458.612,797.553
144,62,0,1935.47,2180.02,980.197,1468.47
145,35,3,184.301,663.815,389.39,726.833
145,37,3,830.025,1235.08,156.776,419.986
145,38,0,653.013,835.201,621.26,1109.3
145,48,3,1317.34,1654.53,59.6997,282.192
145,51,3,1789.33,2112.21,7.64423,180.721
145,54,0,2284.55,2428.35,433.519,759.973
145,62,0,1943.06,2165.18,907.61,1370.92
146,35,3,129.706,614.991,391.45,758.816
146,37,3,797.538,1202.69,167.044,432.108
146,38,0,651.021,834.504,620.839,1105.91
146,48,3,1278.15,1625.2,65.3855,292.488
146,51,3,1755,2089.81,1.03781,190.604
146,54,0,2306.11,2455.94,413.113,722.043
146,62,0,1957.05,2163.13,836.592,1277.17
147,35,3,77.0605,562.257,432.23,781.065
147,37,3,762.627,1172.2,178.308,451.645
147,38,0,650.321,834.972,620.356,1107.32
147,48,3,1247.86,1590.53,73.1412,303.229
147,51,3,1717.96,2045.98,2.34291,200.619
147,54,0,2337.12,2468.06,387.257,693.408
147,62,0,1973.23,2172.83,774.309,1197.49
148,35,3,10.1235,512.099,448.075,803.01
148,37,3,725.24,1139.57,195.867,463.973
148,38,0,652.977,833.549,627.807,1108.28
148,48,3,1211.63,1551.97,79.7061,311.797
148,51,3,1679.7,2010.3,4.35653,207.458
148,54,0,2364.57,2507.78,362.908,659.134
148,62,0,1979.17,2177.86,716.59,1120.15
