2,1,0,722.933,827.837,59.6394,281.611
2,2,3,1896.15,2220.77,1.37019,158.726
2,3,0,1259.01,1416.41,339.166,632.227
2,4,0,2082.87,2305.13,916.487,1402.38
2,5,3,988.978,1401.97,108.942,355.407
2,6,0,2210.95,2383.65,684.564,1064.11
2,7,3,1539,1885.63,16.7146,223.418
2,8,1,9.95865,626.012,68.036,768.041
2,9,0,2449.09,2560,85.8173,311.683
2,10,4,1738.84,1909.12,1425.72,1920
2,12,3,2272.79,2536.44,0.685093,91.262
3,1,0,676.635,793.365,63.8221,287.524
3,2,3,1870.19,2188.27,1.73077,161.827
3,3,0,1307.66,1455.71,324.745,630.56
3,4,0,2080.78,2290.65,871.568,1334.76
3,5,3,948.917,1374.91,117.521,367.074
3,6,0,2215.17,2383.42,653.808,1032.59
3,7,3,1510.21,1847.16,19.8715,233.762
3,8,1,0,578.816,134.605,781.846
3,9,0,2486.27,2559.88,81.6346,321.346
3,10,4,1802.61,1968.82,1432.76,1914.64
3,12,3,2248.08,2533.46,0,98.3654
4,1,0,642.115,769.423,87.1875,297.043
4,2,3,1839.81,2163.27,4.32693,169.327
4,3,0,1337.92,1492.02,318.463,614.183
4,4,0,2080.05,2284.63,825.571,1280.03
4,5,3,915.287,1332.84,131.806,376.756
4,6,0,2223.93,2387.6,622.897,994.969
4,7,3,1475.36,1821.06,18.5032,238.618
4,8,1,2.03865,532.397,129.227,810.268
4,9,0,2520.02,2559.98,78.8221,310.889
4,10,4,1868.48,2047.06,1437.08,1917.78
4,12,3,2217.98,2468.17,0.360575,102.043
4,14,3,967.873,1371.1,17.8694,215.589
5,1,0,599.952,720.048,85.5288,309.663
5,2,3,1816.15,2140.77,4.61538,174.808
5,3,0,1378.71,1531.01,309.242,601.588
5,4,0,2070.78,2284.88,787.902,1226.77
5,5,3,872.752,1299.03,139.959,391.085
5,6,0,2229.25,2389.48,594.956,962.806
5,7,3,1443.44,1782.53,26.2176,246.601
5,8,1,0,509.207,155.978,833.04
5,9,0,2520.02,2559.98,78.8221,310.889
5,10,4,1951.83,2093.1,1414.33,1920
5,12,3,2199.42,2459.04,0,103.017
5,14,3,954.477,1334.61,25.7404,222.041
6,1,0,559.471,682.067,95.625,315.721
6,2,3,1782.53,2117.92,1.82268,194.28
6,3,0,1418.83,1565.3,305.788,591.153
6,4,0,2073.42,2280.34,751.303,1181.15
6,5,3,826.567,1258.87,146.617,398.419
6,6,0,2239.27,2394.12,570.675,922.366
6,7,3,1412.65,1753.57,31.5608,253.402
6,8,1,4.59597,445.192,200.457,873.152
6,10,4,2003.79,2157.69,1406.68,1920
6,12,3,2169.71,2510.29,0,104.171
6,14,3,923.53,1293.05,29.5304,228.606
7,1,0,521.538,648.462,106.803,323.87
7,2,3,1757.41,2091.16,1.95361,192.261
7,3,0,1455.61,1605.88,290.058,584.122
7,4,0,2074.58,2274.73,713.038,1133.39
7,5,3,794.037,1216.92,158.514,411.718
7,6,0,2242.29,2396.76,546.884,892.299
7,7,3,1378.88,1721.46,40.4514,262.835
7,8,1,0.300274,441.596,203.739,908.976
7,10,4,2060.86,2209.05,1412.08,1920
7,12,3,2145.29,2430.1,0,108.317
7,14,3,879.202,1270.16,26.1123,244.434
8,1,0,486.779,609.375,131.178,330.072
8,2,3,1726.89,2061.3,4.60446,196.031
8,3,0,1492.34,1641.43,282.661,571.32
8,4,0,2078.22,2272.21,680.717,1085.76
8,5,3,744.07,1180.3,162.7,422.463
8,6,0,2254.78,2400.63,524.791,876.074
8,7,3,1348.09,1685.29,47.3538,266.852
8,8,1,7.35142,355.551,188.887,930.409
8,10,4,2113.81,2268.13,1387.26,1920
8,12,3,2135.77,2365.77,1.1899,107.127
8,14,3,857.333,1242.61,60.1899,250.544
9,1,0,439.519,567.404,134.062,341.611
9,2,3,1694.57,2029.88,3.00876,203.352
9,3,0,1528.69,1680.28,275.036,553.654
9,4,0,2081.28,2271.75,652.176,1050.5
9,5,3,710.86,1135.82,177.007,439.191
9,6,0,2264.94,2412.3,501.993,838.563
9,7,3,1317.41,1652.8,53.6953,273.3
9,8,1,4.81539,316.103,225.874,994.68
9,10,4,2165.74,2328.02,1378.72,1919.85
9,12,3,2110,2360.77,0.252403,107.632
9,14,3,820.152,1209.26,52.6755,260.467
10,1,0,411.202,525.721,139.255,343.053
10,2,3,1666.6,1999.62,5.74731,206.262
10,3,0,1566.55,1717.63,272.588,548.499
10,4,0,2086.36,2268.95,621.862,1013.58
10,5,3,670.788,1106.46,189.649,453.55
10,6,0,2274.93,2418.98,478.929,803.357
10,7,3,1282.29,1625.46,62.5227,282.423
10,8,1,4.81539,316.103,225.874,994.68
10,10,4,2216.69,2383.42,1375.72,1920
10,12,3,2091.83,2388.17,0.0721157,111.418
10,14,3,771.583,1185.53,68.193,256.789
11,1,0,377.404,485.673,145.457,353.005
11,2,3,1634.08,1967.26,10.1178,211.713
11,3,0,1611.28,1754.67,257.301,543.922
11,4,0,2093.65,2269.37,598.975,972.549
11,5,3,631.719,1059.33,195.546,466.226
11,6,0,2286.21,2423.3,460.486,774.128
11,7,3,1252.34,1588.63,70.267,291.324
11,10,4,2269.93,2446.94,1380.54,1920
11,12,3,2072.31,2324.62,1.33413,117.728
11,14,3,753.693,1152.17,71.7949,262.103
12,1,0,377.404,485.673,145.457,353.005
12,2,3,1599.36,1933.27,11.696,221.552
12,3,0,1645.14,1790.54,252.325,527.698
12,4,0,2100.95,2275.78,572.434,939.656
12,5,3,587.623,1021.01,204.055,481.729
12,6,0,2300.17,2433.88,440.152,755.444
12,7,3,1222.81,1554.29,71.5083,304.536
12,10,4,2333.01,2494.46,1355.14,1920
12,12,3,2049.52,2332.02,1.73077,124.183
12,14,3,715.401,1116.52,83.1629,266.18
13,2,3,1564.8,1899.78,16.2447,225.665
13,3,0,1678.31,1823.31,239.676,521.165
13,4,0,2110.16,2278.95,547.484,908.538
13,5,3,548.676,981.643,218.658,495.723
13,6,0,2312.84,2449.29,421.555,728.08
13,7,3,1184.6,1531.14,78.0149,312.698
13,10,4,2359.86,2544.64,1357.8,1917.34
13,12,3,2032.21,2337.02,1.51442,122.668
13,14,3,677.359,1081.82,85.8466,273.616
14,2,3,1528.35,1864.48,21.9039,232.196
14,3,0,1718.54,1863.75,239.753,508.812
14,4,0,2127.15,2278.45,524.235,871.966
14,5,3,505.334,948.38,226.783,505.544
14,6,0,2330.07,2458.53,402.21,704.832
14,7,3,1148.5,1498.18,88.324,323.552
14,10,4,2412.45,2549.6,1351.78,1915.43
14,12,3,2001.63,2296.83,0,125.95
14,14,3,651.12,1051.06,93.1934,283.315
15,2,3,1490.48,1831.82,20.963,242.372
15,3,0,1760.27,1907.45,225.474,499.371
15,4,0,2136.51,2294.1,501.205,842.846
15,5,3,475.534,907.867,241.565,524.578
15,6,0,2342.6,2477.92,381.546,681.484
15,7,3,1116.63,1467.17,91.6163,334.334
15,10,4,2445.7,2555.2,1324.96,1908.07
15,12,3,1977.31,2305.77,0,135.649
15,14,3,620.731,1011.03,93.1061,304.53
16,1,0,168.846,295.385,185.769,418.846
16,2,3,1452.36,1794.28,27.5371,251.446
16,3,0,1802.51,1946.32,220.1,493.463
16,4,0,2144.05,2306.73,477.7,815.917
16,5,3,435.898,869.5,248.895,534.93
16,6,0,2363.18,2495.6,362.579,659.819
16,7,3,1076.72,1439.19,102.279,346.587
16,10,4,2470.71,2557.68,1316.01,1907.71
16,12,3,1961.54,2293.85,0.288463,137.885
16,14,3,585.294,974.067,96.4402,313.646
17,1,0,127.596,254.327,191.683,435.433
17,2,3,1418.83,1754.54,31.8908,257.336
17,3,0,1841.2,1974.18,217.067,475.817
17,4,0,2158.44,2316.15,451.817,787.813
17,5,3,414.121,835.05,262.303,546.875
17,6,0,2390.34,2505.05,344.928,630.649
17,7,3,1041.23,1404.67,115.218,353.452
17,10,4,2470.71,2557.68,1316.01,1907.71
17,12,3,1920.58,2270.19,1.58654,151.442
17,14,3,555.641,951.502,108.85,313.794
18,1,0,85.5289,216.394,200.409,449.784
18,2,3,1376.72,1718.14,39.2852,266.693
18,3,0,1880.87,2011.44,211.37,468.822
18,4,0,2174.18,2317.22,437.614,761.804
18,5,3,392.547,795.822,277.616,564.105
18,6,0,2413.61,2527.93,324.231,613.269
18,7,3,1009.87,1368.28,118.074,368.771
18,12,3,1900.96,2255.96,1.875,152.019
18,14,3,515.022,914.865,113.566,336.82
19,1,0,39.4712,170.529,213.173,469.327
19,2,3,1335.56,1695.47,48.1561,275.98
19,3,0,1912.82,2058.89,195.908,464.179
19,4,0,2183.2,2327.29,418.443,740.937
19,5,3,389.708,756.983,292.143,578.981
19,6,0,2442.21,2554.71,303.101,595.168
19,7,3,971.414,1347.31,128.801,382.763
19,12,3,1872.31,2232.31,1.94711,155.986
19,14,3,476.555,882.695,113.707,350.289
19,22,1,1681.35,2097.12,0,97.2115
20,1,0,5.19231,127.115,227.38,477.62
20,2,3,1296.64,1643.01,57.3165,287.854
20,3,0,1954.28,2091.88,197.74,449.567
20,4,0,2199.97,2338.74,401.181,712.838
20,5,3,339.925,708.098,298.56,603.601
20,6,0,2461.75,2556.71,291.923,569.423
20,7,3,937.086,1313.71,141.06,390.643
20,12,3,1834.29,2210.27,2.4566,164.363
20,14,3,453.199,850.803,124.654,354.995
20,22,1,1615,2009.62,1.11779,101.863
21,1,0,0,81.5144,236.683,480.433
21,2,3,1259.57,1604.51,64.7986,298.339
21,3,0,1994.81,2125.19,191.466,443.726
21,4,0,2214.28,2354.14,380.629,690.465
21,5,3,237.292,681.285,309.02,626.406
21,6,0,2501.54,2560,270.072,561.274
21,7,3,897.327,1278.39,145.737,410.074
21,12,3,1819.23,2171.54,5.04808,161.106
21,14,3,423.647,809.725,136.265,373.831
21,22,1,1540.11,2077.77,0,136.134
22,1,0,0,81.5144,236.683,480.433
22,2,3,1224.54,1567.8,68.2815,306.079
22,3,0,2031.35,2156.35,179.639,432.476
22,4,0,2224.4,2371.04,365.559,659.623
22,5,3,191.091,647.545,329.123,641.741
22,6,0,2501.54,2560,270.072,561.274
22,7,3,856.21,1243.56,159.267,418.776
22,12,3,1784.9,2132.02,12.9808,163.846
22,14,3,383.683,780.947,140.862,376.723
22,22,1,1431.44,2007.98,0,149.196
23,2,3,1179.82,1531.05,76.6486,315.443
23,3,0,2070.29,2194.33,174.375,428.51
23,4,0,2245.41,2389.53,349.69,636.032
23,5,3,150.776,611.217,341.288,658.17
23,7,3,821.822,1201.03,168.712,433.001
23,12,3,1744.02,2141.52,0,182.239
23,14,3,364.263,749.729,148.504,383.216
23,22,1,1416.86,2005.77,0,154.318
23,23,3,2027.88,2267.5,0,53.149
24,2,3,1145.04,1494.47,78.1086,325.643
24,3,0,2105.34,2236.2,165.433,415.529
24,4,0,2266.4,2407.7,328.538,611.474
24,5,3,107.421,573.005,352.991,671.113
24,7,3,782.366,1165.3,175.786,447.526
24,12,3,1738.73,2114.44,2.27833,186.641
24,14,3,351.123,708.404,155.64,393.99
24,22,1,1303.35,1959.21,0.192597,155.669
24,23,3,1965.87,2215.67,0,58.3233
25,2,3,1105.43,1462.97,94.805,336.34
25,3,0,2143.03,2266.2,160.962,410.192
25,4,0,2285.49,2426.89,316.711,597.103
25,5,3,70.2617,532.985,365.161,693.342
25,7,3,741.674,1136.57,190.631,460.882
25,12,3,1724.77,2093.58,4.77521,188.419
25,14,3,259.358,684.704,167.32,409.091
25,22,1,1208.65,2018.33,0,160.304
25,23,3,1909.71,2185.67,0.0540876,61.1358
26,2,3,1067.77,1421.06,100.108,351.602
26,3,0,2182.6,2300.48,156.058,397.212
26,4,0,2311.49,2439.28,299.135,577.789
26,5,3,29.8303,493.911,378.457,712.05
26,7,3,701.12,1096.5,196.494,477.819
26,12,3,1716.3,2063.69,3.11474,197.936
26,14,3,232.119,659.259,174.767,425.327
26,22,1,1072.65,1985.23,0,191.187
26,23,3,1928.85,2151.15,0.342547,61.6767
27,2,3,1025.44,1382.63,109.252,360.854
27,3,0,2219.62,2340.38,150.577,393.462
27,4,0,2330.57,2484.89,288.111,552.094
27,5,3,2.64297,459.794,394.941,736.779
27,7,3,656.344,1057.61,209.594,488.934
27,12,3,1680.5,2045.8,3.26963,198.281
27,14,3,212.399,614.297,179.864,424.619
27,22,1,1094.22,1939.03,0,190.348
27,23,3,1928.85,2151.15,0.342547,61.6767
28,2,3,990.385,1342.9,121.787,372.668
28,3,0,2254.9,2378.94,141.058,387.115
28,4,0,2354.61,2505.98,269.88,540.586
28,5,3,0,434.589,403.794,756.913
28,7,3,617.856,1023.2,221.011,503.713
28,12,3,1676.71,2024.53,2.15098,204.461
28,14,3,175.437,583.415,192.248,429.915
28,22,1,1044.09,1951.77,0,210.782
29,2,3,949.232,1304.86,137.798,386.028
29,3,0,2294.28,2413.41,139.832,386.611
29,4,0,2388.65,2519.04,259.111,518.582
29,5,3,2.63803,375.242,433.061,777.411
29,7,3,578.257,982.271,235.386,522.155
29,12,3,1665.04,2015.93,8.26705,207.635
29,14,3,139.845,547.724,202.415,461.798
29,22,1,1014.86,1658.82,2.36299,197.66
30,2,3,897.091,1265.53,146.394,400.667
30,3,0,2331.25,2459.52,123.966,374.207
30,4,0,2414.18,2545.82,239.135,507.981
30,5,3,2.51544,320.32,444.772,801.022
30,7,3,532.912,945.095,244.119,533.95
30,12,3,1660,2001.09,8.69177,212.688
30,14,3,106.253,508.152,207.749,463.734
30,22,1,958.876,1742.5,4.72072,206.316
30,28,3,1275,2172.5,1497.33,1915
31,2,3,869.285,1230.34,152.929,412.185
31,3,0,2367.36,2494.18,121.514,353.87
31,4,0,2445.96,2557.12,223.486,490.745
31,5,3,0.164738,307.215,464.915,823.335
31,7,3,498.909,906.888,258.481,553.307
31,12,3,1653.17,1972.74,8.98146,215.836
31,14,3,66.0264,476.052,230.251,481.653
31,22,1,923.265,1698.89,0,207.438
31,28,3,1317.5,2160,1365.7,1920
32,2,3,829.863,1189.07,167.602,430.924
32,3,0,2409.04,2538.65,112.356,355.817
32,4,0,2484.28,2558.8,208.053,475.601
32,5,3,0,269.519,490.82,846.95
32,7,3,452.931,865.719,273.607,568.326
32,12,3,1644.07,1964.73,9.09624,219.055
32,14,3,27.9588,449.711,232.406,493.169
32,22,1,848.29,1587.13,2.83433,209.916
32,28,3,1348.75,2145,1261.45,1920
33,2,3,792.389,1153.53,180.99,446.378
33,3,0,2441.83,2560,109.327,354.519
33,4,0,2508.53,2559.16,165,461.538
33,5,3,0,229.924,505.55,876.557
33,7,3,422.513,830.192,286.351,582.765
33,12,3,1664.23,1948.08,19.399,220.168
33,14,3,4.87829,423.093,248.761,521.898
33,22,1,848.29,1587.13,2.83433,209.916
33,28,3,1392.5,2133.75,1162.59,1858.39
34,2,3,752.669,1116.64,194.15,460.317
34,3,0,2480.53,2559.47,104.856,313.99
34,4,0,2535.02,2557.28,172.644,444.663
34,5,3,1.99986,198.332,527.668,911.13
34,7,3,402.264,792.845,296.458,605.509
34,12,3,1670.58,1950.96,26.3221,221.322
34,14,3,0,294.331,258.411,531.641
34,28,3,1402.5,2126.25,1077.1,1713.35
35,2,3,711.194,1077.66,206.635,475.234
35,3,0,2524.56,2558.52,89.6394,311.322
35,4,0,2535.02,2557.28,172.644,444.663
35,5,3,0,154.265,547.601,951.407
35,7,3,388.225,748.924,309.97,621.027
35,12,3,1692.34,1950.84,20.9766,233.456
35,14,3,0,286.751,274.109,547.205
35,22,1,699.325,1366,0,245.21
35,28,3,1452.5,2127.5,998.013,1541.29
35,30,3,1502.02,1821.06,1.58654,125.048
36,2,3,670.658,1043.17,216.989,487.801
36,3,0,2524.56,2558.52,89.6394,311.322
36,5,3,0.341945,119.562,567.456,987.707
36,7,3,326.1,704.849,319.75,639.938
36,12,3,1703.76,1980.62,21.3399,242.068
36,14,3,0,282.077,275.863,566.927
36,22,1,662.883,1261.66,0,268.916
36,28,3,1458.75,2140,934.191,1476.58
36,30,3,1469.71,1810.29,0,132.404
37,2,3,630.423,1000.67,230.793,511.569
37,5,3,0,82.2126,586.417,1008.42
37,7,3,221.806,672.818,339.193,659.302
37,12,3,1701,2015.53,29.1061,245.359
37,14,3,0,286.632,281.875,584.608
37,22,1,662.883,1261.66,0,268.916
37,28,3,1497.5,2133.75,858.905,1372.31
37,30,3,1421.73,1762.88,3.67789,129.447
37,32,0,2287.76,2533.26,1325.15,1914.55
37,33,1,1345,2145,1248.34,1912.93
38,2,3,582.918,966.459,237.257,523.677
38,5,3,0.121815,50.2342,626.059,1067.82
38,7,3,197.641,628.026,356.857,689.312
38,22,1,545.045,1163.73,0,284.649
38,12,3,1706.9,2052.1,30.2204,249.13
38,14,3,0,252.206,304.808,593.537
38,28,3,1557.1,2119.74,787.654,1368.83
38,30,3,1385.48,1708.37,5.55288,147.909
38,32,0,2252.2,2506.14,1249.05,1880.91
38,33,1,1348.75,2110,1146.13,1909.01
39,2,3,547.662,927.708,249.088,541.87
39,5,3,0.121815,50.2342,626.059,1067.82
39,7,3,143.188,596.242,367.052,700.238
39,22,1,484.174,1148.41,0,281.507
39,12,3,1725.23,2087.78,30.7084,255.851
39,14,3,0,222.484,310.782,609.222
39,28,3,1566.83,2125.37,736.855,1268.09
39,30,3,1340.1,1684.52,0.865388,157.212
39,32,0,2238.45,2471.09,1173.92,1773.19
39,33,1,1384.91,2067.49,1041.59,1920
40,2,3,502.387,892.301,256.498,559.831
40,7,3,105.617,558.754,365.026,722.745
40,22,1,451.578,1079.85,6.27693,302.041
40,12,3,1741.2,2142.41,29.565,259.008
40,14,3,0.243015,178.298,329.696,619.413
40,28,3,1603.85,2150.77,686.434,1156.4
40,30,3,1302.31,1642.31,2.01923,165.144
40,32,0,2222.98,2450.89,1106.6,1686.87
40,33,1,1384.09,2047.61,956.758,1913.08
41,2,3,466.801,857,281.36,573.928
41,7,3,72.7795,524.481,389.29,752.641
41,22,1,376.317,1051.02,4.81031,311.007
41,12,3,1762.78,2196.73,38.287,266.473
41,14,3,0,139.401,337.531,654.637
41,28,3,1616.46,2158.87,644.134,1101.53
41,30,3,1266.54,1595,2.74039,171.202
41,32,0,2216.13,2433.4,1045.11,1604.78
41,33,1,1392.12,2017.87,863.04,1903.15
42,2,3,435.413,814.717,291.873,598.968
42,7,3,17.5549,476.173,403.986,769.651
42,22,1,348.025,951.346,3.35605,341.541
42,12,3,1785.62,2262.63,40.6243,273.027
42,14,3,3.02885,107.837,353.582,632.957
42,28,3,1651.96,2163.25,598.215,1056.39
42,30,3,1220,1550.77,5.69711,170.697
42,32,0,2214.68,2429.29,997.527,1530.4
42,33,1,1398.93,2017.7,801.047,1763.46
43,2,3,411.868,783.291,306.154,616.68
43,7,3,0,442.255,437.744,795.026
43,22,1,130,955,23.2333,397.217
43,12,3,1811,2313.04,43.593,283.549
43,14,3,3.02885,107.837,353.582,632.957
43,28,3,1678.06,2180.32,564.891,1001.56
43,30,3,1181.15,1506.54,12.1875,174.88
43,32,0,2213.74,2421.34,945.329,1466.36
43,33,1,1420.38,2012.55,731.954,1663.39
44,2,3,376.655,744.379,321.27,633.811
44,7,3,2.39874,423.739,451.184,823.971
44,22,1,185.625,895.625,20.2037,385.078
44,12,3,1854.5,2385.37,46.8532,284.013
44,28,3,1696.15,2197.55,525.034,972.599
44,30,3,1139.42,1471.35,17.8125,185.986
44,32,0,2219.5,2420.39,890.73,1401.06
44,33,1,1433.28,1999.5,671.755,1569.26
45,2,3,352.883,709.555,330.121,658.622
45,7,3,3.6813,335.601,474.626,839.992
45,22,1,129.062,862.5,12.3859,378.331
45,12,3,1885.91,2433.36,48.4702,283.756
45,28,3,1731.24,2216.5,491.432,942.067
45,30,3,1094.43,1423.81,6.3396,212.086
45,32,0,2228.66,2426.63,851.586,1334.41
45,33,1,1460.35,1989.8,625.903,1475.23
46,2,3,368.947,672.791,362.138,677.584
46,7,3,0.862103,323.671,490.514,867.019
46,22,1,50,847.5,28.6523,395.402
46,12,3,1941.21,2506.59,46.2636,290.348
46,28,3,1754.34,2231.61,464.122,897.282
46,30,3,1062.54,1382.33,10.5151,220.268
46,32,0,2239.88,2432.07,804.83,1275.43
46,33,1,1482.28,1993.57,584.72,1385.52
47,2,3,221.283,644.324,358.642,700.062
47,7,3,0,298.525,517.641,906.405
47,22,1,44.6875,795,22.1802,396.986
47,12,3,1982.11,2533.99,51.1955,291.525
47,28,3,1789.06,2253.14,448.309,849.913
47,30,3,1030.57,1339.62,13.9696,238.618
47,32,0,2249.94,2434.59,764.879,1221.11
47,33,1,1513.15,2011.25,546.127,1291.28
48,2,3,184.991,609.61,366.136,722.373
48,7,3,0,242.383,538.413,950.335
48,22,1,10.625,661.25,10.2953,416.3
48,12,3,2035.94,2560,55.4068,305.485
48,28,3,1825.96,2277.14,416.388,828.018
48,30,3,986.726,1298.28,24.1778,243.194
48,32,0,2262.77,2445.58,724.66,1169.46
48,33,1,1549.96,2019.03,500.658,1225
49,2,3,140.667,566.766,380.691,748.236
49,7,3,0,206.919,559.952,968.169
49,22,1,8.90625,609.375,9.80601,422.607
49,12,3,2091.23,2560,62.0917,308.008
49,28,3,1885.26,2295.84,395.023,795.942
49,30,3,943.533,1258.83,42.9452,259.251
49,32,0,2278.25,2463.22,691.168,1122.7
49,33,1,1579.1,2046.22,458.142,1157.55
49,35,1,2014.13,2560,0,111.202
50,2,3,98.2858,534.729,388.257,776.272
50,7,3,1.00686,156.082,579.113,1016.16
50,22,1,0,509.887,10.8304,455.781
50,12,3,2178.85,2555.84,62.0022,308.557
50,28,3,1906.4,2326.76,374.399,762.509
50,30,3,896.724,1222.19,48.858,269.43
50,32,0,2291.26,2469.88,659.006,1076.65
50,33,1,1614.07,2065.61,424.626,1102.76
50,35,1,1928.41,2543.48,1.24454,112.521
51,2,3,59.7155,493.318,441.035,789.104
51,7,3,0,116.511,597.089,1076.27
51,22,1,0,505.688,11.9042,477.867
51,12,3,2221.25,2553.13,63.4665,298.58
51,28,3,1947.27,2362.05,351.894,738.869
51,30,3,864.298,1183.16,59.1433,279.366
51,32,0,2304,2482.23,629.192,1034.58
51,33,1,1645.18,2083.9,390.992,1038.31
51,35,1,1928.41,2543.48,1.24454,112.521
52,2,3,14.9431,454.474,453.021,826.81
52,7,3,2.16951,70.132,634.524,1074.89
52,22,1,0,488.517,26.9775,495.793
52,12,3,2262.4,2549.9,79.0385,261.058
52,28,3,2000.46,2386.39,331.924,712.249
52,30,3,816.96,1146.26,68.3383,295.857
52,32,0,2319.47,2487.6,593.708,997.514
52,33,1,1680.98,2110.37,358.191,961.817
52,36,3,1342.5,2130,1530.9,1920
53,2,3,2.14069,422.018,461.07,847.573
53,7,3,2.16951,70.132,634.524,1074.89
53,22,1,0,475.222,22.247,530.148
53,12,3,2334.96,2554.52,56.8022,301.723
53,28,3,2016.73,2417.84,313.599,682.672
53,30,3,778.46,1102.82,82.217,309.597
53,32,0,2336.37,2500.44,575.035,959.833
53,33,1,1717.73,2137.02,331.767,945.199
53,36,3,1372.5,2107.5,1426.4,1920
53,37,3,1778.27,2089.42,0.396634,110.805
54,2,3,2.50317,338.91,489.675,883.55
54,22,1,0,475.222,22.247,530.148
54,12,3,2388.59,2558.66,39.722,303.835
54,28,3,2058.37,2450.57,292.418,654.795
54,30,3,741.991,1059.76,93.5566,323.196
54,32,0,2353.58,2512.73,543.823,920.373
54,33,1,1751.4,2150.85,303.933,899.326
54,36,3,1383.75,2098.75,1311.6,1920
54,37,3,1724.23,2032.69,0,120.505
55,2,3,0,327.204,517.549,908.502
55,12,3,2434.28,2559.57,56.25,295.673
55,28,3,2094.22,2486.14,268.553,609.64
55,30,3,696.69,1032.16,103.889,343.333
55,32,0,2368.25,2526.34,522.649,891.072
55,33,1,1773.7,2182.63,277.645,840.046
55,36,3,1417.5,2085,1220.61,1838.79
55,37,3,1671.25,1981.06,0,132.188
55,39,1,2059.81,2515.58,2.27163,102.007
56,2,3,0,297.248,542.108,948.288
56,12,3,2499.83,2558.63,39.6634,301.875
56,28,3,2126.58,2508.07,260.08,600.419
56,30,3,659.597,989.705,111.332,357.901
56,32,0,2380.33,2536.17,497.038,861.468
56,33,1,1810.01,2191.73,249.396,809.674
56,36,3,1441.25,2078.75,1161.76,1705.3
56,37,3,1602.21,1933.17,0,136.046
56,39,1,2059.81,2515.58,2.27163,102.007
57,2,3,0,251.738,564.554,984.549
57,12,3,2499.83,2558.63,39.6634,301.875
57,28,3,2139.45,2543.91,241.274,577.565
57,30,3,617.343,952.978,121.852,381.124
57,32,0,2407.86,2555.11,468.345,833.51
57,33,1,1840.34,2224.08,231.778,771.25
57,36,3,1470,2082.5,1082.19,1597.04
57,37,3,1540.58,1880.96,6.59856,149.459
58,2,3,0,210.985,588.392,1007.11
58,28,3,2142.13,2557.98,221.293,559.066
58,30,3,576.382,920.984,136.499,395.739
58,32,0,2424.7,2553.29,446.269,798.905
58,33,1,1869.14,2249.42,217.957,738.157
58,36,3,1488.75,2091.25,1010.13,1510.77
58,37,3,1480.1,1806.06,5.19231,160.529
59,2,3,0,165.048,615.72,1048.73
59,28,3,2103.55,2560,168.699,546.802
59,30,3,534.558,884.331,150.824,409.859
59,32,0,2443.71,2558.02,430.194,779.468
59,33,1,1897.32,2273.22,199.246,707.272
59,36,3,1501.25,2095,954.011,1434.98
59,37,3,1415.77,1750.38,9.01443,163.774
60,2,3,0,120.879,646.702,1084.01
60,28,3,2246.97,2560,192.096,503.449
60,30,3,493.437,842.357,169.03,432.546
60,32,0,2461.01,2556.9,405.403,761.522
60,33,1,1929.46,2293.09,169.388,667.83
60,36,3,1549.17,2103.35,884.184,1359.57
60,37,3,1361.35,1695.58,5.84134,175.457
61,2,3,0,120.879,646.702,1084.01
61,7,3,0,79.9083,664.876,1151.37
61,28,3,2275.67,2560,170.039,486.256
61,30,3,440.15,800.673,184.137,455.313
61,32,0,2480.85,2559.46,392.374,740.818
61,33,1,1957.33,2311.19,151.524,643.198
61,36,3,1566.31,2122.25,838.67,1281.24
61,37,3,1301.92,1624.23,10.601,185.264
61,41,1,1854.93,2353.97,0,184.019
62,7,3,0,79.9083,664.876,1151.37
62,28,3,2306.71,2556.35,153.832,462.988
62,30,3,387.187,760.337,206.53,474.621
62,32,0,2500.58,2557.88,384.952,705.433
62,33,1,1984.68,2339.53,137.124,618.23
62,36,3,1591.04,2138.64,780.898,1214.16
62,37,3,1233.78,1567.13,9.47504,208.843
62,41,1,1801.04,2266.65,4.70658,178.917
63,28,3,2335.91,2560,129.955,440.018
63,30,3,375.522,721.051,217.819,494.884
63,32,0,2521.2,2558.8,370.385,694.039
63,33,1,2008.87,2383.35,113.602,589.219
63,36,3,1624.4,2148.7,733.759,1163.13
63,37,3,1169.09,1513.35,13.9253,218.495
63,41,1,1769.16,2222.63,0,196.942
64,28,3,2382.27,2557.01,119.843,431.12
64,30,3,371.367,677.668,235.273,521.754
64,32,0,2537.61,2560,357.981,656.25
64,33,1,2045.78,2419.66,100.316,573.27
64,36,3,1656.08,2159.9,695.593,1088.95
64,37,3,1107.31,1443.35,25.1041,235.114
64,41,1,1712.01,2165.91,3.19493,202.417
65,28,3,2398.99,2560,122.091,405.581
65,30,3,374.845,634.293,252.277,548.937
65,32,0,2537.61,2560,357.981,656.25
65,33,1,2077.99,2443.52,79.8817,547.326
65,36,3,1684.54,2181.21,653.193,1030.56
65,37,3,1044.11,1380.56,33.0509,242.344
65,41,1,1660.22,2168.73,0.775623,210.375
66,28,3,2440.24,2559.76,109.904,387.981
66,30,3,208.716,601.305,268.597,585.286
66,33,1,2112.87,2478.89,80.7404,517.191
66,36,3,1717.72,2192.64,620.342,980.075
66,37,3,975.966,1324.29,42.8059,260.809
66,41,1,1625.3,2056.39,2.22959,213.01
67,5,3,169.026,557.894,282.197,595.387
67,28,3,2469.59,2560,101.971,371.971
67,30,3,208.716,601.305,268.597,585.286
67,33,1,2156.41,2506.65,48.8632,508.386
67,36,3,1752.56,2212.04,588.179,944.589
67,37,3,902.72,1258.17,54.4996,272.715
67,41,1,1579.65,2033.1,0,222.343
67,44,1,2228.17,2550.29,2.77644,97.8245
68,5,3,123.964,511.6,298.097,625.797
68,28,3,2469.59,2560,101.971,371.971
68,33,1,2196.21,2547.4,44.661,482.499
68,36,3,1784.22,2231.48,552.157,894.914
68,37,3,843.665,1199.64,65.4188,282.28
68,41,1,1579.65,2033.1,0,222.343
68,44,3,2162.88,2437.12,0.180287,108.786
69,5,3,73.6047,479.844,334.891,651.116
69,33,1,2233.03,2560,40.7926,461.455
69,36,3,1812.5,2249.44,526.876,859.169
69,37,3,774.053,1137.94,88.0058,301.297
69,41,1,1486.16,1959.07,0,246.131
69,44,3,2119.52,2295.87,1.73077,98.5096
69,47,3,1607.5,2351.25,1476.66,1919.64
70,5,3,20.7993,450.869,345.913,676.023
70,33,1,2271.52,2560,26.8885,443.564
70,36,3,1839.25,2274.42,492.269,824.075
70,37,3,713.878,1070.64,93.6024,316.258
70,41,1,1441.94,1916.1,2.19938,255.883
70,44,3,2087.6,2309.33,0,105.361
70,47,3,1606.25,2315,1397.64,1920
71,5,3,0,430.717,381.351,705.986
71,33,1,2304.18,2560,11.7618,416.753
71,36,3,1873.06,2298.59,463.826,794.177
71,37,3,648.593,1010.26,102.809,331.916
71,41,1,1390.72,1863.61,2.79812,265.254
71,44,3,2040,2323.08,1.22596,119.351
71,47,3,1615,2283.75,1296.9,1915.01
72,5,3,0,308.698,399.749,732.886
72,33,1,2350.06,2560,11.2965,392.681
72,36,3,1906.02,2326.43,439.598,761.628
72,37,3,583.148,949.796,106.23,349.259
72,41,1,1347.66,1824.12,11.1345,288.911
72,44,3,2005.19,2284.04,2.19952,128.546
72,47,3,1617.5,2260,1210.42,1797.92
73,5,3,0,314.759,422.557,769.536
73,33,1,2393.65,2557.6,0.439453,389.678
73,36,3,1937.21,2346.19,419.309,723.494
73,37,3,521.359,891.063,123.259,370.024
73,41,1,1292.11,1775.33,6.87248,295.186
73,44,3,1956.44,2249.71,1.04567,135.036
73,47,3,1639.05,2234.4,1136.18,1705.14
74,5,3,0,266.736,448.889,801.397
74,33,1,2431.42,2558.08,5.07764,367.999
74,36,3,1971.54,2375.85,390.147,699.273
74,37,3,454.153,833.458,139.681,384.855
74,41,1,1239.49,1731.69,6.25378,306.199
74,44,3,1913.27,2255.96,0,142.644
74,47,3,1640.64,2219.65,1070.62,1607.85
75,5,3,0.309677,223.109,471.153,836.519
75,12,1,2474.64,2560,41.25,340.962
75,33,1,2431.42,2558.08,5.07764,367.999
75,36,3,2000.12,2405.97,365.667,662.697
75,37,3,386.613,765.917,151.282,404.084
75,41,1,1182.68,1672.85,4.26609,321.652
75,44,3,1861.69,2226.91,0,169.435
75,47,3,1655.51,2202.57,989.616,1502.25
76,5,3,0,182.777,496.13,871.67
76,12,1,2505.53,2559.09,6.20193,334.183
76,36,3,2040.67,2427.46,350.355,632.815
76,37,3,353.293,710.4,164.629,419.429
76,41,1,1139.16,1632.09,4.86686,331.21
76,44,3,1805.51,2175.49,0,175.279
76,47,3,1656.39,2205.6,945.268,1436.82
77,5,3,0,182.777,496.13,871.67
77,12,1,2505.53,2559.09,6.20193,334.183
77,36,3,2076.72,2464.41,320.559,607.433
77,37,3,243.307,652.533,179.811,445.475
77,41,1,1067.61,1575.07,1.26929,350.019
77,44,3,1761.05,2130.21,0.364358,191.277
77,47,3,1670.99,2198.64,879.345,1349.54
78,36,3,2110.87,2509.83,299.557,574.835
78,37,3,200.179,595.074,191.072,469.154
78,41,1,1030.12,1534.25,3.32129,367.472
78,44,3,1711.19,2090.59,1.56652,193.273
78,47,3,1683.48,2202.7,824.459,1277.85
79,36,3,2151.67,2529.22,283.562,552.062
79,37,3,141.179,533.097,211.385,477.065
79,41,1,958.516,1470.64,4.66033,384.892
79,44,3,1659.41,2042.57,2.59375,206.341
79,47,3,1690.71,2192.59,773.665,1225.73
80,36,3,2190.64,2557.46,256.078,529.782
80,37,3,76.7474,471.354,227.973,496.407
80,41,1,897.331,1410.58,5.59884,399.821
80,44,3,1612.18,1989.64,5.3015,211.677
80,47,3,1707.09,2194.84,729.104,1163.32
80,49,0,2268.48,2542.37,1433.05,1918.95
81,36,3,2228.09,2559.08,242.964,508.044
81,37,3,18.7362,422.7,253.48,528.121
81,41,1,843.19,1366.09,0,419.405
81,44,3,1553.56,1947.2,8.06424,222.608
81,47,3,1744.7,2201.15,696.463,1091.17
81,49,0,2255.78,2514.16,1360.4,1920
82,36,3,2264.35,2555.27,222.994,480.925
82,37,3,3.69968,435.348,267.037,549.085
82,41,1,779.101,1312.71,6.31064,442.016
82,44,3,1511.39,1890.23,4.96403,232.26
82,47,3,1755.19,2209.08,652.958,1034.96
82,49,0,2198.83,2497.17,1282.91,1893.51
83,36,3,2302.01,2556.81,189.355,463.788
83,37,3,1.11162,354.489,285.601,575.042
83,41,1,708.549,1268.17,8.6575,455.568
83,44,3,1458.77,1841.79,7.42092,248.059
83,47,3,1772.87,2222.71,615.226,994.253
83,49,0,2194.09,2439.12,1214.27,1795.67
84,36,3,2334.6,2554.19,168.722,448.499
84,37,3,0.970249,241.052,302.901,598.982
84,41,1,660.59,1203.53,13.7515,478.918
84,44,3,1402.34,1789.84,8.63332,259.959
84,47,3,1791.62,2227.43,574.619,947.041
84,49,0,2182.99,2420.18,1148.01,1714.69
85,36,3,2369.33,2560,143.553,426.835
85,37,3,0.488043,173.952,317.704,621.028
85,41,1,592.585,1149.21,12.2203,495.209
85,44,3,1347.57,1743.91,9.89359,271.358
85,47,3,1809.16,2239.65,541.448,894.567
85,49,0,2170.99,2402.5,1085.88,1639.71
86,36,3,2400.47,2560,135.373,409.94
86,37,3,0.488043,173.952,317.704,621.028
86,41,1,531.382,1098.43,14.5973,515.846
86,44,3,1297.2,1686.93,21.0201,284.359
86,47,3,1836.69,2262.43,506.142,855.83
86,49,0,2157.3,2390.51,1032.39,1571.54
86,50,0,2274.8,2551.25,1415.98,1920
87,36,3,2446.59,2560,130.601,395.553
87,41,1,484.611,1041.51,12.5615,538.572
87,44,3,1235.31,1643.14,43.2693,293.096
87,47,3,1864.91,2281.45,480.731,812.78
87,49,0,2165.05,2384.05,985.269,1491.88
87,50,0,2248.12,2543.13,1343.27,1915.79
88,36,3,2486.03,2560,87.476,382.428
88,41,1,419.471,989.227,74.9313,550.2
88,44,3,1180.07,1589.94,50.435,307.941
88,47,3,1897.68,2296.35,450.567,776.751
88,49,0,2144.53,2370.7,939.714,1410.43
88,50,0,2191.81,2522.05,1265.72,1891.6
89,36,3,2526.43,2559.72,67.3558,350.337
89,41,1,388.279,929.759,71.7587,581.772
89,44,3,1122.77,1537.02,66.5978,319.169
89,47,3,1929.17,2322.43,417.881,744.383
89,49,0,2137.09,2371.75,888.481,1347.51
89,50,0,2183.27,2510.93,1198.56,1791.7
90,36,3,2526.43,2559.72,67.3558,350.337
90,41,1,367.4,871.499,85.4353,594.702
90,44,3,1068.33,1481.47,67.8456,337.051
90,47,3,1962.67,2344.02,393.634,706.366
90,49,0,2162.66,2381.24,846.631,1268.48
90,50,0,2177.33,2483.64,1134.84,1707.43
91,41,1,277.662,838.927,93.0161,620.119
91,44,3,1017.91,1427.38,73.6978,351.576
91,47,3,1993.55,2373.69,368.419,676.49
91,49,0,2166.91,2383.33,804.346,1192.97
91,50,0,2176.31,2438.95,1083.37,1630.61
92,41,1,192.211,772.92,113.143,655.851
92,44,3,955.204,1380.45,87.0411,369.847
92,47,3,2035.04,2407.55,343.258,637.114
92,49,0,2168.08,2389.12,768.213,1129.09
92,50,0,2166.29,2418,1020.53,1572.06
93,41,1,111.094,740,141.689,687.995
93,44,3,899.66,1323.06,97.555,390.016
93,47,3,2065.87,2433.5,309.761,613.019
93,49,0,2173.44,2379.75,733.283,1090.21
93,50,0,2162.03,2410.49,967.334,1501.51
94,41,1,72.4945,666.685,135.12,713.677
94,44,3,845.72,1263.63,106.485,409.152
94,47,3,2110.67,2474.11,280.294,586.454
94,49,0,2184.52,2384.33,698.718,1038.13
94,50,0,2165.71,2405.35,919.174,1437.17
95,41,1,9.26426,623.815,144.727,721.872
95,44,3,786.707,1214.63,126.331,426.863
95,47,3,2149.26,2512.35,268.843,555.262
95,49,0,2198.74,2388.09,664.561,1015.78
95,50,0,2164.18,2405.82,878.655,1367.17
96,41,1,9.26426,623.815,144.727,721.872
96,44,3,727.042,1159.06,138.023,442.134
96,47,3,2178.08,2541.69,249.532,531.786
96,49,0,2198.7,2398.73,626.663,1035.83
96,50,0,2165.26,2397.22,836.642,1312.67
97,41,1,0,527.579,132.795,792.882
97,44,3,671.115,1107.48,152.406,467.822
97,47,3,2236.18,2557.26,218.125,505.517
97,49,0,2205.97,2408.93,600.885,945.437
97,50,0,2172.22,2389.04,798.399,1257.43
98,41,1,10.9786,468.399,102.983,829.631
98,44,3,615.119,1052.9,168.562,488.789
98,47,3,2283.16,2557.66,206.084,483.345
98,49,0,2217.57,2413.64,576.852,865.863
98,50,0,2168.19,2395.27,761.064,1206.84
99,41,1,18.271,349.634,153.625,846.32
99,44,3,561.706,1003.37,186.088,509.931
99,47,3,2335.91,2556.6,189.328,453.376
99,49,0,2231.53,2420.28,551.44,847.594
99,50,0,2170.22,2397.11,722.704,1159.8
99,51,3,1606.25,2373.75,1491.99,1920
100,41,1,9.94637,362.853,186.648,905.531
100,44,3,504.971,954.471,197.892,529.86
100,47,3,2385.13,2560,157.936,455.176
100,49,0,2241.5,2421.7,519.456,832.83
100,50,0,2176.21,2392.76,688.157,1115.5
100,51,3,1615,2340,1376.67,1920
101,41,1,7.4221,320.386,203.911,933.225
101,44,3,458.345,900.837,215.687,553.213
101,47,3,2436.42,2558.71,108.978,430.135
101,49,0,2258.81,2443.21,496.668,870.22
101,50,0,2177.42,2389.78,653.059,1072.34
101,51,3,1610,2288.75,1274.68,1920
102,41,1,5.88889,277.133,257.034,988.308
102,44,3,406.013,848.005,234.79,573.802
102,47,3,2436.42,2558.71,108.978,430.135
102,49,0,2283.26,2459.54,481.506,811.687
102,50,0,2178.17,2397.46,621.073,1036.89
102,51,3,1617.5,2256.25,1202.78,1785.56
102,52,3,75.7791,878.374,1678.28,1920
103,41,1,5.88889,277.133,257.034,988.308
103,44,3,397.893,799.497,250.61,597.831
103,49,0,2289.5,2460.74,456.174,783.267
103,50,0,2183.17,2391.5,592.711,997.85
103,51,3,1620,2242.5,1115.71,1668.26
103,52,3,108.125,888.75,1606.4,1920
104,41,1,0.591807,143.314,348.749,1040.53
104,44,3,350.371,744.304,271.677,625.66
104,49,0,2303.58,2474.15,434.926,775.297
104,50,0,2191.36,2396.87,565.974,964.59
104,51,3,1615,2227.5,1043.55,1568.65
104,52,3,147.5,891.25,1548.86,1917.22
105,41,1,2.6786,85.2999,379.542,1152.79
105,44,3,210.682,695.582,291.66,657.414
105,49,0,2329.39,2495.76,416.52,746.037
105,50,0,2200.15,2404.18,538.036,922.88
105,51,3,1644.05,2204.36,975.52,1482.31
105,52,3,166.875,899.375,1498.55,1916.22
106,41,1,2.6786,85.2999,379.542,1152.79
106,44,3,159.81,640.731,305.068,689.312
106,49,0,2348.69,2512.52,397.724,714.676
106,50,0,2209.03,2405.2,513.903,887.751
106,51,3,1649.09,2197.35,909.121,1389.99
106,52,3,197.812,898.75,1441.06,1917.79
107,44,3,95.1996,591.629,345.617,709.324
107,49,0,2371.26,2527.13,373.627,695.806
107,50,0,2221.5,2414.68,494.288,854.714
107,51,3,1672.71,2196.63,838.965,1307.32
107,52,3,222.5,905,1383.4,1920
108,44,3,30.4033,529.141,356.214,748.132
108,49,0,2394.1,2551.04,358.094,661.419
108,50,0,2230.54,2431.75,468.078,823.166
108,51,3,1687.49,2192.94,775.559,1241.18
108,52,3,252.812,908.75,1346.34,1911.85
109,44,3,1.93815,480.142,359.568,786.013
109,49,0,2421.47,2555.31,324.472,637.081
109,50,0,2252.46,2438.34,440.803,791.786
109,51,3,1700.09,2195.41,737.758,1169.12
109,52,3,271.25,924.375,1293.75,1897.39
110,44,3,1.6617,430.792,395.403,827.507
110,49,0,2448.08,2560,323.149,616.082
110,50,0,2264.61,2446.17,421.427,768.808
110,51,3,1724.07,2202.05,686.623,1114.53
110,52,3,292.969,929.375,1260.47,1832.43
111,44,3,3.75076,342.962,429.859,846.28
111,49,0,2476.88,2560,294.231,605.192
111,50,0,2290.61,2468.36,403.012,743.176
111,51,3,1750.4,2212.19,648.918,1042.85
111,52,3,320.625,940,1219.98,1784.56
112,44,3,0,311.819,456.978,888.826
112,49,0,2511.39,2559.38,259.327,579.519
112,50,0,2304.81,2486.4,383.034,713.538
112,51,3,1770.09,2220.69,613.539,987.328
112,52,3,342.5,948.75,1197.08,1729.14
113,44,3,0,253.042,479.948,918.116
113,49,0,2511.39,2559.38,259.327,579.519
113,50,0,2327.36,2505.46,365.793,679.358
113,51,3,1794.77,2230.87,572.187,966.987
113,52,3,361.562,963.75,1160.57,1682.6
113,57,0,610.769,854.615,116.394,308.798
114,44,3,0,203.289,510.367,956.359
114,50,0,2358.11,2533.15,347.115,654.803
114,51,3,1815.92,2238.58,539.938,894.44
114,52,3,374.062,966.25,1131.56,1648.51
114,57,0,741.268,978.06,95.4029,309.549
115,44,3,0,139.422,536.536,1003.48
115,50,0,2385.86,2549.49,326.901,634.326
115,51,3,1841.98,2264.22,503.587,849.961
115,52,3,392.881,971.609,1093.43,1620.4
115,57,0,874.971,1103.44,86.2298,305.24
116,44,3,0,139.422,536.536,1003.48
116,50,0,2408.71,2555.21,306.184,610.621
116,51,3,1868.91,2276.04,472.012,811.686
116,52,3,408.75,995,1076.38,1568
116,57,0,997.308,1228.85,98.6538,287.885
117,50,0,2436.02,2560,287.951,586.609
117,51,3,1897.9,2288.76,438.613,773.839
117,52,3,423.751,1003.04,1043.35,1560.64
117,57,0,1125.27,1353.32,81.0481,291.052
118,50,0,2474.88,2558.97,273.029,572.164
118,51,3,1928.21,2308.91,414.313,734.93
118,52,3,440.217,1005.06,1018.4,1531.66
118,57,0,1246.95,1472.24,74.4673,287.57
119,50,0,2504.06,2557.48,250.529,541.01
119,51,3,1956.75,2326.54,384.197,697.426
119,52,3,455.271,1018.18,990.2,1504.59
119,57,0,1373.37,1588.17,79.6154,277.5
120,50,0,2504.06,2557.48,250.529,541.01
120,51,3,1985.42,2352.61,356.825,667.882
120,52,3,460.479,1037.23,973.753,1478.56
120,57,0,1488.27,1699.42,73.4856,268.053
121,51,3,2011.79,2366.81,319.541,638.363
121,52,3,479.138,1043.7,963.669,1451.76
121,57,0,1606,1802.07,61.0414,277.289
122,51,3,2045.92,2391.7,306.157,601.092
122,52,3,494.07,1051.38,945.802,1427.85
122,57,0,1712.88,1908.65,65.5529,260.12
123,51,3,2073.34,2421.58,281.119,567.678
123,52,3,504.198,1063.82,921.82,1409.55
123,57,0,1817.21,2010.48,63.75,248.942
123,62,0,1526.63,1814.23,1421.54,1920
123,63,0,2348.82,2555.05,1485.95,1917.59
124,51,3,2114.27,2459.38,257.113,542.346
124,52,3,528.611,1072.34,910.536,1384.99
124,57,0,1923.9,2108.19,32.6688,251.039
124,62,0,1551.6,1811.75,1335.55,1906.12
124,63,0,2328.57,2557.54,1418.64,1916.42
125,51,3,2151.62,2491.71,238.508,513.283
125,52,3,541.148,1080.12,891.894,1369.02
125,57,0,2021.15,2191.15,43.8462,239.135
125,62,0,1571.64,1823.54,1252.37,1823.08
125,63,0,2323.82,2554.73,1350.34,1918.69
126,51,3,2186.43,2522.88,223.406,484.759
126,52,3,551.621,1095.49,880.819,1346.33
126,57,0,2111.43,2293.18,18.6773,252.725
126,62,0,1590.91,1841.69,1182.98,1729.02
126,63,0,2309.69,2550.3,1287.83,1857.01
127,51,3,2220.8,2552.77,202.901,461.825
127,52,3,570.772,1103.21,866.151,1331.66
127,57,0,2204.89,2391.52,10.4941,249.566
127,62,0,1618.95,1859.76,1120.75,1648.32
127,63,0,2296.39,2545.33,1230.56,1788.05
127,69,3,1370.93,2271.55,1680.2,1912.54
128,51,3,2260.59,2556.75,171.341,446.848
128,52,3,579.839,1111.1,852.348,1317.29
128,57,0,2204.89,2391.52,10.4941,249.566
128,62,0,1644.14,1880.36,1057.63,1563.99
128,63,0,2283.36,2529.32,1180.2,1724.11
128,69,3,1391.25,2240,1593.02,1915.96
129,51,3,2307.32,2556.45,145.542,421.79
129,52,3,589.124,1112.79,834.64,1300.94
129,62,0,1673.21,1911.89,996.432,1495.68
129,63,0,2271.62,2509.75,1130.71,1654.04
129,69,3,1408.75,2221.25,1508.66,1917.3
130,51,3,2346.3,2554.91,152.675,396.94
130,52,3,599.575,1121.46,825.492,1286.59
130,57,0,2441.78,2558.22,24.3029,179.928
130,62,0,1699.86,1928.66,945.149,1411.97
130,63,0,2252.35,2492.05,1082.39,1599.62
130,69,3,1412.5,2210,1439.05,1920
131,51,3,2394.53,2560,117,382.211
131,52,3,607.599,1123.78,814.706,1274.45
131,57,0,2441.78,2558.22,24.3029,179.928
131,62,0,1724.94,1942.02,890.133,1350.17
131,63,0,2236.41,2475.29,1041.34,1539.49
131,69,3,1438.75,2193.75,1363.15,1920
132,51,3,2434.86,2560,108.029,365.625
132,52,3,616.621,1134.57,808.348,1267.09
132,62,0,1751.54,1962.74,845.279,1283.93
132,63,0,2228.72,2458.98,998.873,1485.72
132,69,3,1456.25,2177.5,1298.16,1920
133,51,3,2483.63,2559.45,62.4519,352.933
133,52,3,620.648,1143.29,806.469,1250.88
133,62,0,1775.74,1975.09,795.296,1235.55
133,63,0,2214.06,2451.08,959.613,1434.83
133,69,3,1472.5,2170,1241.65,1903.64
133,79,3,159.887,1091.82,1694.51,1918.03
134,51,3,2529.64,2559.59,75.5048,338.726
134,52,3,632.227,1149.16,800.701,1245.33
134,62,0,1794.08,1990,758.224,1174.59
134,63,0,2207.14,2439.55,917.15,1387.98
134,69,3,1485,2155,1177.39,1828.01
134,79,3,232.812,1123.75,1611.13,1914.73
135,51,3,2529.64,2559.59,75.5048,338.726
135,52,3,637.031,1154.22,793.736,1240.54
135,62,0,1808.45,2010.64,712.442,1129.37
135,63,0,2200.36,2427.69,871.697,1337.95
135,69,3,1490,2155,1143.93,1746.31
135,79,3,295.312,1158.75,1549.63,1919.34
136,52,3,640.229,1158.93,789.901,1233.77
136,62,0,1831.16,2023.59,674.794,1068.28
136,63,0,2202.21,2419.82,846.355,1295.63
136,69,3,1507.5,2147.5,1087.29,1678.89
136,79,3,323.75,1217.5,1486.88,1911.28
137,52,3,638.377,1158.22,786.307,1230.82
137,62,0,1852.85,2035.62,642.919,1025.84
137,63,0,2201.27,2415.25,811.14,1250.49
137,69,3,1520,2137.5,1045.76,1600.03
137,79,3,387.188,1257.5,1438.29,1915.54
138,52,3,643.522,1160.71,781.591,1226.76
138,62,0,1875.11,2052.52,606.126,980.088
138,63,0,2205.44,2412.15,781.553,1212.82
138,69,3,1536.01,2128.76,992.058,1568.29
138,79,3,453.75,1308.75,1381.05,1917.33
139,52,3,643.28,1164.02,780.136,1222.7
139,62,0,1898.44,2071.99,581.97,930.541
139,63,0,2206.9,2407.52,755.814,1172.69
139,69,3,1531.25,2141.25,967.167,1511.54
139,79,3,532.5,1355,1324.37,1918.28
140,52,3,645.007,1161.56,776.427,1221.92
140,62,0,1922.18,2093.92,547.733,901.988
140,63,0,2206.19,2403.53,724.787,1128.94
140,69,3,1547.5,2128.75,926.682,1458.2
140,79,3,588.125,1412.5,1290.55,1897.52
141,52,3,649.634,1166.06,776.724,1222
141,62,0,1952.34,2116.62,522.234,860.122
141,63,0,2212.51,2408.22,697.973,1099.52
141,69,3,1560.86,2128.32,880.328,1415.14
141,79,3,641.25,1457.5,1253.85,1845.45
141,95,0,622.74,728.029,128.51,327.837
142,52,3,649.286,1165.59,775.887,1221.49
142,62,0,1978.65,2144.01,482.508,827.902
142,63,0,2212.94,2403.13,673.339,1067.55
142,69,3,1566.55,2121.82,857.198,1373.35
142,79,3,707.5,1502.5,1219.77,1773.22
142,95,0,577.981,688.173,120.865,348.462
143,52,3,651.888,1165.55,775.761,1213.28
143,62,0,2011.53,2164.09,468.116,788.334
143,63,0,2225.14,2411.01,647.62,1032.84
143,69,3,1576.39,2121.46,808.332,1309.83
143,79,3,764.375,1557.5,1190.93,1726.36
143,95,0,528.077,645.769,131.106,363.317
144,52,3,652.621,1163.91,774.382,1216.09
144,62,0,2043.87,2202.55,445.57,760.746
144,63,0,2226.6,2409.28,624.356,995
144,69,3,1590.7,2128.89,774.053,1261.66
144,79,3,808.75,1602.5,1157.1,1675.74
144,95,0,490.288,608.173,143.654,381.346
145,52,3,654.905,1167.07,774.283,1214.69
145,62,0,2080.49,2233.98,418.745,730.325
145,63,0,2234.64,2412.52,596.995,968.908
145,69,3,1594.65,2122.81,745.9,1227.36
145,79,3,863.125,1640,1129.41,1646.65
145,95,0,442.308,570.769,157.788,387.692
146,52,3,655.942,1171.74,774.294,1212.56
146,62,0,2117.81,2267.78,401.77,697.201
146,63,0,2240.81,2419.43,575.507,941.979
146,69,3,1602.88,2126.67,712.648,1186.64
146,79,3,918.75,1690,1092.51,1617.39
146,95,0,405.625,525.144,169.76,393.317
147,52,3,657.945,1168.48,772.853,1210.05
147,62,0,2156.58,2300.64,375.478,673.372
147,63,0,2250.89,2417.71,552.591,911.92
147,69,3,1605.43,2125.4,680.754,1143.77
147,79,3,968.75,1727.5,1060.84,1581.99
147,95,0,370.24,480.529,179.207,434.639
148,52,3,657.398,1169.69,772.6,1209.26
148,62,0,2196.48,2351.33,353.712,643.076
148,63,0,2256.44,2428.34,530.507,879.142
148,69,3,1615.66,2117.79,650.603,1106.33
148,79,3,1013.75,1770,1043.69,1538.47
148,95,0,370.24,480.529,179.207,434.639
