2,1,3,1766.39,2159.17,385.256,688.552
2,2,3,1865.6,2217.43,191.079,452.815
2,3,0,2302.79,2445.2,534.181,888.901
2,4,0,2343.51,2489.08,349.099,636.702
2,5,2,3.33374,122.379,1223.73,1821.25
2,6,3,1777.77,2128.66,2.93557,202.839
2,7,3,2475.48,2558.37,121.442,377.596
2,8,3,1667.35,2191.28,981.219,1450.15
2,9,0,1594.09,1716.68,2.59615,170.048
2,10,3,235.938,876.25,1149.55,1732.12
2,11,3,1118.75,1886.25,1426.95,1917.58
3,1,3,1793.42,2198.37,360.562,654.383
3,2,3,1908.39,2258.59,185.213,425.63
3,3,0,2302.6,2447.5,523.358,859.231
3,4,0,2369.17,2502.04,327.826,644.971
3,5,2,2.14208,114.742,1220.56,1817.49
3,6,3,1776.6,2126.45,2.27872,200.143
3,7,3,2519.56,2557.37,119.495,359.928
3,8,3,1679.29,2177.28,931.774,1376.72
3,9,0,1592.93,1717.84,3.60577,169.183
3,10,3,236.875,878.125,1153.28,1732.3
3,11,3,1161.25,1877.5,1348.45,1911.48
3,13,0,1365.67,1446.63,6.63461,148.413
4,1,3,1825.01,2223.29,339.033,630.318
4,2,3,1951.78,2287.83,170.554,399.885
4,3,0,2304.93,2443.67,508.441,838.824
4,4,0,2397.32,2539.94,321.75,615.276
4,5,2,1.21346,109.764,1208.65,1818.54
4,6,3,1773.07,2130.26,2.64863,200.465
4,7,3,2519.56,2557.37,119.495,359.928
4,8,3,1693.89,2170.7,877.901,1319.39
4,9,0,1590.91,1716.78,2.52404,171.562
4,10,3,234.062,881.25,1148.23,1728.53
4,11,3,1180,1880,1266.4,1861.11
4,13,0,1365.67,1446.63,6.63461,148.413
5,1,3,1861.38,2252.44,319.536,611.675
5,2,3,1990.42,2329.93,148.6,395.381
5,3,0,2310.6,2449.54,489.453,803.9
5,4,0,2435.96,2548.65,299.351,594.303
5,5,2,1.44296,117.22,1211.63,1814.42
5,6,3,1774.5,2129.17,2.62046,202.94
5,8,3,1707.11,2166.1,826.355,1321.04
5,9,0,1590.29,1720.48,0.432687,170.913
5,10,3,235.938,880,1146.24,1720.79
5,11,3,1217.5,1880,1193.29,1742.91
5,13,0,1358.34,1444.74,5.40865,149.639
5,15,5,1868.75,2550,934.325,1920
6,1,3,1893.8,2289.18,298.995,578.301
6,2,3,2033.44,2373.94,144.356,376.22
6,3,0,2322.08,2458.73,465.046,776.818
6,4,0,2459.25,2556.13,287.596,571.442
6,5,2,1.16724,120.503,1209.1,1816.03
6,6,3,1775.35,2128.99,3.34445,199.549
6,8,3,1709.86,2165.17,779.576,1235.19
6,9,0,1589.62,1724.23,1.94711,169.111
6,10,3,239.688,878.75,1139.83,1714.35
6,11,3,1242.5,1870,1127.9,1651.47
6,13,0,1364.88,1447.43,5.84135,149.062
6,15,5,1863.75,2560,883.092,1920
7,1,3,1933.89,2327.25,286.436,553.938
7,2,3,2077.07,2429.41,129.45,354.868
7,3,0,2334.22,2467.47,451.847,753.989
7,4,0,2487.36,2558.8,262.356,563.221
7,5,2,1.64375,120.922,1211.46,1812.49
7,6,3,1778.56,2127.4,3.08773,200.687
7,8,3,1708.31,2138.22,745.408,1135.32
7,9,0,1588.8,1721.97,1.58654,169.327
7,10,3,235.625,881.25,1139.31,1713.8
7,11,3,1259.38,1900,1057.54,1576.23
7,13,0,1364.88,1447.43,5.84135,149.062
7,15,5,1862.5,2560,825.944,1920
8,1,3,1971.45,2353.03,261.966,539.099
8,2,3,2127.89,2479.89,118.747,337.923
8,3,0,2339.32,2481.21,430.91,740.67
8,4,0,2515.29,2558.56,248.149,540.505
8,5,2,0.994582,119.286,1204.59,1809.74
8,6,3,1774.98,2125.27,1.65532,200.683
8,8,3,1727.13,2132.62,703.427,1092.96
8,9,0,1588.75,1718.94,0,167.957
8,10,3,243.906,880.625,1127.44,1706.68
8,11,3,1291.25,1930,992.177,1503.63
8,13,0,1372.24,1449.3,4.25481,150.505
8,15,5,1852.5,2560,760.669,1920
9,1,3,2016.53,2397.69,249.372,512.566
9,2,3,2182.23,2512.5,109.462,338.374
9,3,0,2352.65,2492.71,413.803,715.355
9,4,0,2515.29,2558.56,248.149,540.505
9,5,2,1.39762,118.826,1207.71,1814.04
9,6,3,1778.67,2125.39,1.26369,201.192
9,8,3,1732.51,2131.72,664.837,990.265
9,9,0,1590.19,1720.58,0,169.183
9,10,3,242.5,886.875,1133.13,1690.69
9,11,3,1328.75,1952.5,933.619,1441.96
9,13,0,1363.22,1447.55,4.6875,151.226
9,15,5,1837.5,2560,714.978,1911.91
10,1,3,2058.82,2451.89,235.08,489.399
10,2,3,2218.45,2548.32,93.6758,313.576
10,3,0,2368.89,2508.24,392.683,685.172
10,5,2,3.39584,122.849,1203.77,1818.45
10,6,3,1778.91,2126.47,1.41096,200.123
10,8,3,1748.82,2119.7,632.664,945.74
10,9,0,1589.33,1721.44,0.504806,169.255
10,10,3,247.188,890,1126.35,1681.39
10,11,3,1367.78,1923.18,890.422,1361.19
10,13,0,1378.65,1452.12,5.76923,150.288
10,15,5,1832.5,2560,661.055,1920
11,1,3,2107.15,2487.1,212.803,469.304
11,2,3,2280.87,2556.06,83.0048,278.149
11,3,0,2398.56,2518.37,374.784,641.178
11,5,2,3.76391,127.249,1200.91,1807.24
11,6,3,1775.55,2126.18,1.34793,202.427
11,8,3,1765.18,2120.11,598.636,904.908
11,9,0,1589.71,1724.13,0,166.587
11,10,3,258.281,891.25,1122.94,1665.26
11,11,3,1410.21,1904.44,840.257,1293.65
11,13,0,1378.65,1452.12,5.76923,150.288
11,15,5,1828.75,2560,612.507,1920
12,1,3,2149.82,2522.06,202.344,444.788
12,2,3,2332.39,2553.48,65.8814,285.534
12,3,0,2424.28,2541.88,357.909,627.476
12,5,2,4.56593,138.216,1199.43,1805.76
12,6,3,1775.31,2127.74,2.14833,201.151
12,8,3,1765.18,2120.11,598.636,904.908
12,9,0,1588.8,1725.05,1.44231,168.029
12,10,3,263.125,894.375,1119.47,1661.56
12,11,3,1433.66,1891.97,798.571,1231.52
12,13,0,1380.99,1451.32,5.66106,149.675
12,15,5,1807.5,2560,563.169,1920
13,1,3,2203.2,2560,182.368,428.938
13,2,3,2380.96,2557.5,62.4519,219.519
13,3,0,2446.54,2556.54,335.553,607.139
13,5,2,3.43451,148.829,1184.26,1801.34
13,6,3,1775.76,2128.36,2.29259,200.399
13,7,3,2444.09,2560,0,84.9159
13,9,0,1588.08,1722.69,2.66827,165.216
13,10,3,265.469,895.625,1112.33,1651.69
13,11,3,1462.72,1863.44,748.831,1190.1
13,13,0,1380.99,1451.32,5.66106,149.675
13,15,5,1786.25,2560,517.702,1822.85
14,1,3,2255.44,2555.49,169.552,408.783
14,2,3,2431.92,2558.85,48.0289,267.548
14,3,0,2472.5,2558.27,316.154,605.769
14,5,2,3.27687,156.62,1179.77,1792.05
14,6,3,1776.07,2128.32,2.49336,199.996
14,7,3,2444.09,2560,0,84.9159
14,9,0,1588.27,1719.42,2.45192,166.442
14,10,3,275.625,895.625,1106.81,1641.83
14,11,3,1497.88,1833.47,715.553,1133.91
14,13,0,1333.7,1441.68,7.93269,148.846
14,15,5,1780,2560,505.031,1738
15,1,3,2306.98,2558.38,161.728,397.381
15,2,3,2490.02,2559.21,17.524,248.005
15,3,0,2501.03,2560,291.923,575.192
15,5,2,1.77237,162.435,1179.85,1760.11
15,6,3,1776.62,2125.63,1.93204,199.652
15,9,0,1590.1,1711.44,3.10096,168.678
15,10,3,285.312,908.75,1090.43,1636.14
15,11,3,1526.37,1847.06,674.484,1081.51
15,13,0,1345.62,1445.14,5.94952,148.954
15,15,5,1773.75,2560,468.08,1667.21
16,1,3,2357.61,2557.6,144.767,380.881
16,2,3,2490.02,2559.21,17.524,248.005
16,3,0,2501.03,2560,291.923,575.192
16,5,2,3.03822,174.774,1180.29,1758.86
16,6,3,1778.76,2125.13,2.56608,199.587
16,9,0,1587.64,1716.97,1.73077,170.192
16,10,3,292.344,917.5,1083.27,1615.78
16,11,3,1556.12,1834.6,641.987,1027.66
16,13,0,1333.51,1443.41,9.19471,148.882
16,15,5,1727.5,2560,456.229,1564.97
17,1,3,2403.21,2560,130.968,381.391
17,5,2,11.6955,202.441,1172.83,1757.64
17,6,3,1779.14,2126.36,3.96287,199.117
17,9,0,1588.8,1721.97,3.53365,168.389
17,10,3,302.031,921.25,1072.41,1605.64
17,11,3,1556.12,1834.6,641.987,1027.66
17,13,0,1329.33,1446.06,8.00481,149.351
17,15,5,1723.75,2560,431.657,1514.91
17,18,3,2318.08,2552.69,0.612981,90.613
18,1,3,2458.89,2559.57,120.505,362.957
18,5,2,10.4832,226.244,1161.18,1739.75
18,6,3,1780.21,2126.59,3.8489,199.671
18,9,0,1587.16,1714.38,2.30769,169.76
18,10,3,304.531,944.375,1040.67,1593.28
18,13,0,1329.33,1446.06,8.00481,149.351
18,15,5,1715,2560,399.954,1452.19
18,18,3,2309.23,2552.31,0,96.3461
19,1,3,2517.58,2559.34,86.1779,334.399
19,5,2,10.5396,257.638,1154.15,1731.3
19,6,3,1780.47,2128.45,3.36272,199.616
19,9,0,1584.09,1711.3,1.58654,169.76
19,10,3,312.5,958.125,1048.79,1575.24
19,15,5,1688.75,2555,357.73,1369.6
19,18,3,2256.15,2546.92,0,106.19
20,1,3,2517.58,2559.34,86.1779,334.399
20,5,2,20.3002,266.345,1152.44,1724.27
20,6,3,1778.67,2130.32,4.46839,199.289
20,9,0,1591.11,1722.74,0,170.481
20,10,3,321.875,971.875,1020.68,1555.79
20,15,5,1695,2531.25,337.01,1317.03
20,18,3,2214.04,2560,0.50481,98.7981
21,5,2,34.3786,270.883,1146.78,1718.05
21,6,3,1777.52,2131.59,5.00775,197.465
21,9,0,1590.19,1717.5,0,169.255
21,10,3,339.688,985,1024.03,1538.22
21,15,5,1698.75,2512.5,315.401,1251
21,18,3,2214.04,2560,0.50481,98.7981
22,5,2,41.8926,278.396,1142.69,1705.79
22,6,3,1778.35,2128.29,5.9429,194.493
22,9,0,1590.58,1720.19,5.33654,167.452
22,10,3,351.875,994.375,1011.6,1525.39
22,13,0,1328.41,1442.36,5.91346,153.029
22,15,5,1708.75,2473.75,290.746,1196.56
22,18,3,2182.21,2510.1,0.757213,106.046
23,5,2,45.143,281.503,1130.74,1700.48
23,6,3,1776.42,2128.25,6.27218,196.301
23,9,0,1590.14,1720.63,0.576925,166.587
23,10,3,369.062,1011.25,994.82,1508.47
23,13,0,1328.41,1442.36,5.91346,153.029
23,15,5,1740.07,2414.69,257.883,1147.1
23,18,3,2162.4,2446.83,0.612981,113.906
24,5,2,54.133,289.284,1123.81,1697.32
24,6,3,1778.12,2122.72,7.66892,201.493
24,9,0,1589.28,1724.57,0,166.37
24,10,3,388.75,1026.25,979.394,1490.03
24,13,0,1347.4,1444.9,2.09135,152.812
24,15,5,1725.7,2389.22,226.716,1084.59
24,18,3,2150.19,2422.12,0.504806,113.293
24,21,0,774.719,1050.97,1430.08,1920
25,5,2,59.5041,298.533,1107.75,1684.91
25,6,3,1778.02,2118.03,4.77154,201.072
25,9,0,1590.05,1726.88,0,165.433
25,10,3,401.875,1044.38,964.017,1471.08
25,13,0,1359.71,1449.52,0.576918,155.481
25,15,5,1734.06,2377.48,220.517,1063.85
25,18,3,2128.85,2443.46,2.5601,117.296
25,21,0,806.154,1066.49,1386.95,1920
26,5,2,97.0235,318.805,1110.63,1683.57
26,6,3,1776.48,2122.52,3.93213,210.333
26,8,3,2239.37,2513.73,221.185,481.266
26,9,0,1589.23,1724.62,0,166.298
26,10,3,421.875,1056.25,942.705,1452.44
26,13,0,1359.71,1449.52,0.576918,155.481
26,15,5,1734.4,2367.84,191.193,1011.58
26,18,3,2128.85,2443.46,2.5601,117.296
26,21,0,833.324,1079.73,1348.15,1915.39
27,5,2,118.317,318.986,1102.01,1677.2
27,6,3,1778.12,2116.88,3.72148,209.518
27,8,3,2236.42,2555.13,216.172,452.091
27,9,0,1590.19,1726.73,0,165.288
27,10,3,439.375,1074.38,929.672,1443.73
27,15,5,1748.06,2352.2,172.686,963.382
27,18,3,2107.12,2360.58,0,128.798
27,21,0,845.448,1110.41,1305.28,1909.61
28,5,2,133.877,334.203,1101.57,1666.04
28,6,3,1776.91,2119.66,5.32817,207.885
28,8,3,2287.8,2560,191.397,434.175
28,9,0,1590.1,1717.6,3.53365,167.812
28,10,3,460,1086.25,894.015,1422.3
28,15,5,1756.08,2336.51,151.272,929.33
28,18,3,2111.92,2358.85,0,111.671
28,21,0,871.999,1114.17,1267.02,1855.28
28,24,1,2056.25,2515.61,64.3611,316.948
29,5,2,135.968,354.032,1091.24,1652.14
29,6,3,1779.21,2118.64,3.13955,208.71
29,8,3,2327.56,2560,169.059,408.19
29,9,0,1588.37,1722.4,3.82211,166.803
29,10,3,485.625,1103.75,896.309,1383.73
29,15,5,1767.42,2350.41,132.773,884.87
29,18,3,2101.73,2369.04,0,114.627
29,21,0,883.745,1121.78,1231.4,1809.96
29,24,1,2056.25,2515.61,64.3611,316.948
30,5,2,154.328,367.106,1084.25,1640.79
30,6,3,1777.65,2113.36,3.31982,203.517
30,8,3,2379.34,2558.57,142.703,397.194
30,9,0,1588.46,1728.46,1.65866,164.784
30,10,3,503.125,1111.25,883.12,1362.53
30,13,0,1346.11,1470.82,1.875,155.913
30,15,5,1774.18,2351.5,113.568,857.084
30,18,3,2093.27,2392.88,0,121.082
30,21,0,887.266,1124.41,1193.32,1752.86
31,5,2,166.586,384.996,1080.39,1628.3
31,6,3,1775.54,2109.37,3.52758,204.116
31,8,3,2427.4,2560,138.894,367.644
31,9,0,1590.38,1729.62,0.216343,164.784
31,10,3,530.625,1125,866.773,1346.03
31,12,3,1662.5,1928.27,0.288462,29.5493
31,13,0,1346.39,1468.99,0.432694,158.942
31,15,5,1788.02,2325.15,85.9714,789.06
31,18,3,2092.02,2394.13,0,121.947
31,21,0,897.537,1123.79,1163.1,1721
32,5,2,198.306,406.258,1078.23,1618.97
32,6,3,1778.17,2092.6,5.40865,188.726
32,8,3,2473.37,2557.4,129.736,359.495
32,9,0,1591.44,1731.63,0.504806,166.37
32,10,3,555.312,1140,849.682,1323.37
32,12,3,1658.65,1932.12,0.369592,30.5318
32,13,0,1336.97,1478.41,1.58654,161.25
32,15,5,1801.86,2324.51,84.4339,781.114
32,18,3,2089.62,2393.46,0,110.733
32,21,0,904.855,1131.47,1138.13,1679.13
33,5,2,214.407,414.758,1049.17,1601.52
33,6,3,1777.5,2090.19,5.12019,186.274
33,8,3,2519.21,2557.72,89.8558,331.875
33,9,0,1589.66,1724.18,0,168.678
33,10,3,575,1160,821.208,1302.73
33,12,3,1658.65,1932.12,0.369592,30.5318
33,13,0,1338.61,1464.47,1.37019,160.168
33,15,5,1806.94,2323.62,73.776,760.41
33,18,3,2096.44,2386.63,0,109.904
33,21,0,904.1,1128.45,1111.71,1650.6
34,5,2,238.211,433.527,1052.43,1590.79
34,6,3,1779.62,2088.08,5.55289,187.861
34,8,3,2519.21,2557.72,89.8558,331.875
34,9,0,1589.66,1724.18,0,168.678
34,10,3,602.188,1182.5,815.22,1282.96
34,12,3,1651.73,1942.12,0.676083,32.3528
34,13,0,1343.17,1464.52,0.793269,160.745
34,15,5,1841.11,2379.96,65.3672,734.214
34,18,3,2095.19,2390.96,1.37019,109.111
34,21,0,901.734,1125.51,1082.72,1616.63
34,34,3,1847.5,2532.5,1431.84,1920
34,35,4,145.297,230.167,729.575,1091.59
34,37,0,1217.4,1328.75,1.65866,133.63
35,5,2,256.292,447.177,1038.94,1575.86
35,6,3,1785.77,2085,8.50962,170.769
35,9,0,1589.76,1730.24,0,161.178
35,10,3,614.688,1201.25,786.354,1248.08
35,12,3,1651.73,1942.12,0.676083,32.3528
35,13,0,1392.48,1475.22,2.09135,160.312
35,15,5,1860.92,2409.71,36.6375,693.67
35,18,3,2095.19,2390.96,1.37019,109.111
35,21,0,902.384,1121.62,1056.61,1580.83
35,34,3,1860,2503.75,1328.94,1910.87
35,35,4,190.148,287.404,736.887,1099.9
35,37,0,1224.78,1319.83,0.46875,135.252
35,11,3,2375.12,2558.13,179.451,429.569
36,5,2,275.468,458.637,1027.57,1558.88
36,6,3,1774.23,2084.23,5.625,167.452
36,9,0,1586.68,1724.09,0,165.721
36,10,3,645.81,1193.14,779.871,1241.53
36,11,3,2387.72,2558.12,149.005,411.255
36,13,0,1335.91,1456.39,4.32692,153.606
36,15,5,1876.93,2434.37,13.8978,673.985
36,21,0,908.966,1120.81,1035.28,1550.75
36,34,3,1870.61,2484.26,1232.99,1812.04
36,35,4,246.433,334.857,746.461,1114.41
36,37,0,1222.4,1323.75,0.360575,132.909
37,5,2,286.786,460.038,993.86,1547.42
37,6,3,1774.42,2093.27,8.00481,191.611
37,9,0,1586.83,1723.94,0,165.433
37,10,3,665.332,1215.07,768.522,1215.1
37,11,3,2395.02,2559.93,130.078,385.253
37,13,0,1335.91,1456.39,4.32692,153.606
37,15,5,1912.6,2460.2,10.5822,645.614
37,21,0,910.021,1112.26,1016.97,1521.24
37,34,3,1884.26,2458.2,1151.97,1701.14
37,35,4,246.433,334.857,746.461,1114.41
37,37,0,1222.4,1323.75,0.360575,132.909
38,5,2,298.862,473.729,1024.1,1532.08
38,6,3,1767.22,2123.54,4.57507,196.375
38,9,0,1587.21,1723.56,0,165.216
38,10,3,696.218,1230.61,746.679,1199.52
38,11,3,2442.88,2560,118.918,370.312
38,12,3,1648.37,1948.56,1.32512,34.1016
38,15,5,1937.86,2485.86,8.62089,621.08
38,21,0,913.074,1116.01,987.43,1486.06
38,34,3,1879.89,2439.24,1073.83,1603.19
38,35,4,324.566,424.275,745.75,1131.39
38,37,0,1223.37,1316.63,0.540862,135.469
39,5,2,317.969,486.096,1005.96,1528.27
39,6,3,1766.28,2122.95,4.30741,196.577
39,9,0,1588.75,1728.17,0,165.865
39,10,3,706.654,1248.53,738.384,1172.71
39,11,3,2473.94,2559.9,108.389,358.63
39,12,3,1651.54,1942.31,1.25301,33.6328
39,15,5,1964.9,2507.57,1.81512,603.162
39,21,0,914.266,1120.02,968.088,1457.79
39,34,3,1882.69,2432.16,1007.39,1516.66
39,35,4,362.593,479.221,742.853,1155.03
39,37,0,1223.37,1318.17,0,136.154
40,5,2,326.858,504.956,981.497,1511.51
40,6,3,1769.24,2112.67,4.717,197.739
40,9,0,1589.81,1724.04,0,165.865
40,10,3,727.628,1271.89,718.009,1157.13
40,11,3,2473.94,2559.9,108.389,358.63
40,12,3,1644.13,1869.71,0.306491,32.0012
40,15,5,1985.12,2535.79,0,570.637
40,21,0,921.299,1111.72,950.628,1429.34
40,34,3,1891.61,2408.67,943.905,1443.69
40,35,4,410.002,514.394,743.559,1141.3
40,37,0,1224.9,1318.17,1.40625,134.892
41,5,2,340.477,522.888,972.979,1492.87
41,6,3,1778.37,2086.25,9.44711,194.639
41,9,0,1591.35,1722.5,0,165.433
41,10,3,748.052,1287.95,706.692,1139.22
41,12,3,1644.13,1869.71,0.306491,32.0012
41,13,0,1396.37,1477.48,6.63462,162.692
41,15,5,2028.02,2557.35,0,560.93
41,21,0,915.736,1120.26,931.497,1406.6
41,34,3,1895.66,2407.08,874.419,1360.72
41,35,4,454.913,548.215,746.138,1152.71
41,37,0,1225.14,1317.93,1.55048,134.82
42,5,2,347.293,526.262,964.647,1478.36
42,6,3,1771.67,2124.35,4.54059,197.562
42,9,0,1587.21,1723.56,0,167.163
42,10,3,769.634,1302.98,687.809,1118.02
42,13,0,1396.37,1477.48,6.63462,162.692
42,15,5,2051.14,2560,0,532.373
42,21,0,922.285,1118.71,905.895,1385.19
42,34,3,1912.51,2393.99,823.201,1281.6
42,35,4,478.867,579.801,740.122,1216.16
42,37,0,1222.69,1320.38,0.865388,135.288
43,5,2,353.283,528.448,962.354,1468.47
43,6,3,1774.16,2123.25,2.69495,198.04
43,9,0,1588.03,1722.74,0,166.947
43,10,3,775.462,1334.26,677.133,1087.36
43,15,5,2074.23,2560,0,508.923
43,21,0,930.121,1119.61,880.24,1349.58
43,34,3,1908.53,2401.68,772.725,1213.67
43,35,4,514.158,616.731,740.828,1225.54
43,37,0,1224.04,1319.04,1.15384,135.144
44,5,2,357.085,523.294,943.246,1460.48
44,6,3,1773.09,2132.55,3.49791,199.177
44,9,0,1586.54,1724.23,0,166.875
44,10,3,803.811,1351,667.425,1070.7
44,15,5,2104.29,2560,0,460.678
44,21,0,938.703,1123.85,862.282,1323.78
44,34,3,1915.32,2394.81,729.685,1164.12
44,35,4,562.953,648.573,743.39,1223.51
44,37,0,1224.06,1317.48,1.15384,135.072
45,5,2,353.895,511.758,915.713,1441.48
45,6,3,1771.25,2131.86,3.71656,198.252
45,9,0,1588.65,1719.04,0,166.803
45,10,3,830.894,1366.98,643.35,1047.51
45,13,0,1399.13,1476.25,5.26443,160.601
45,15,5,2133.7,2560,0,446.979
45,21,0,939.089,1126.6,836.252,1307.2
45,34,3,1923.04,2387.21,683.156,1108.87
45,35,4,600.82,694.123,743.084,1218.65
45,37,0,1224.04,1317.5,1.62259,135.397
46,5,2,354.021,523.466,919.038,1428
46,6,3,1773.49,2127.82,2.22237,198.379
46,9,0,1588.94,1721.83,0,167.308
46,10,3,854.067,1376.55,629.134,1028.2
46,13,0,1399.13,1476.25,5.26443,160.601
46,15,5,2225,2552.1,0,433.674
46,21,0,945.193,1127.38,826.833,1279.96
46,34,3,1932.05,2373.94,652.547,1024.7
46,35,4,626.854,740.614,757.621,1220.93
46,37,0,1223.25,1321.37,1.76683,134.964
47,5,2,368.12,532.272,913.454,1409.9
47,6,3,1778.39,2125.86,2.0496,201.369
47,9,0,1588.7,1722.07,0,167.019
47,10,3,880.844,1391.35,623.871,1011.03
47,15,5,2253.87,2560,0,432.437
47,18,3,2095.11,2323.82,0,210.688
47,21,0,947.489,1119.31,818.173,1255.91
47,34,3,1946.72,2370.07,617.917,974.501
47,35,4,676.229,799.294,775.327,1227.57
47,37,0,1221.88,1324.28,2.05529,134.315
48,5,2,381.863,560.571,900.98,1406.73
48,6,3,1778.2,2127.55,3.09392,200.307
48,9,0,1588.89,1721.88,0,167.74
48,10,3,905.436,1413.89,613.257,988.417
48,15,5,2290.82,2558.25,0,424.054
48,18,3,2088.37,2370.1,5.625,172.644
48,21,0,937.542,1124,797.705,1237
48,34,3,1961.78,2375.83,578.472,939.172
48,35,4,729.866,836.317,781.75,1241.11
48,37,0,1220.24,1325.91,1.65865,134.351
49,5,2,413.93,587.776,886.715,1376.54
49,6,3,1777.35,2130.21,3.84819,198.574
49,9,0,1589.62,1721.15,0,166.37
49,10,3,941.902,1436.28,587.975,966.725
49,13,0,1337.93,1460.53,1.51443,157.716
49,15,1,2342.17,2560,17.8304,437.928
49,18,3,2094.52,2376.25,0.396638,130.132
49,21,0,937.813,1125.69,778.368,1208.64
49,25,3,1.83847,469.36,146.356,386.202
49,34,3,1977.47,2380.35,546.859,889.616
49,35,4,798.167,889.576,801.677,1230.27
49,37,0,1220.14,1324.47,2.8125,133.63
50,5,2,427.252,607.537,868.026,1363.14
50,6,3,1777.2,2129.2,4.12462,198.281
50,9,0,1589.42,1718.27,0.288463,165.865
50,10,3,963.899,1454.19,569.994,954.99
50,13,0,1339.18,1457.74,1.73077,156.635
50,15,1,2392.35,2560,0,387.566
50,18,3,2096.73,2386.35,0,124.76
50,21,0,927.957,1121.75,756.172,1196
50,25,3,31.0459,573.976,159.762,378.644
50,34,3,1993.67,2388.56,512.901,843.575
50,35,4,822.706,973.156,804.5,1227.79
50,37,0,1220.58,1325.58,1.83894,134.026
51,5,2,446.844,632.398,854.783,1343.06
51,6,3,1777.01,2132.03,4.0028,198.824
51,9,0,1590.29,1717.4,0,167.019
51,10,3,987.3,1477.65,563.46,932.623
51,13,0,1335.53,1458.32,2.52404,154.976
51,15,5,2445.96,2560,0,386.907
51,18,3,2096.44,2389.71,0.504806,122.957
51,21,4,943.719,1085.36,743.896,1231.93
51,25,3,133.771,682.833,146.62,364.676
51,34,3,2013.78,2401.7,485.055,805.829
51,35,4,822.706,973.156,804.5,1227.79
51,37,0,1217.93,1326.68,1.29807,132.837
52,5,2,468.146,648.123,842.375,1328.86
52,6,3,1776.3,2132.19,3.8486,198.86
52,9,0,1588.8,1718.89,0,168.173
52,10,3,1002.38,1495.97,544.057,913.852
52,13,0,1334.18,1459.66,4.32693,153.75
52,15,5,2496.68,2558.32,0,396.259
52,18,3,2098.56,2390.67,0.108175,122.272
52,35,4,995.962,1108.78,785.888,1234.72
52,25,3,224.025,782.688,136.452,368.034
52,34,3,2042.04,2411.84,453.456,767.987
52,37,0,1218.22,1327.93,2.63221,132.224
53,5,2,486.394,666.591,836.832,1319.42
53,6,3,1777.13,2130.94,4.17429,198.046
53,9,0,1590.14,1714.47,0,169.255
53,10,3,1036.55,1516.44,534.873,897.693
53,13,0,1335.96,1454.81,5.51682,152.993
53,15,5,2496.68,2558.32,0,396.259
53,18,3,2098.37,2384.71,0.432694,119.567
53,35,4,1077.09,1184.32,791.324,1234.6
53,25,3,332.408,878.528,137.198,364.772
53,34,3,2060.6,2426.8,428.217,726.228
53,37,0,1220.19,1324.42,0.46875,132.873
54,5,2,525.184,682.317,832.008,1308.74
54,6,3,1777.26,2131.07,3.8481,199.909
54,9,0,1588.99,1715.63,0.144231,170.048
54,10,3,1061.34,1539.66,519.84,877.995
54,13,0,1335.96,1454.81,5.51682,152.993
54,18,3,2100.19,2385.96,0,118.954
54,35,4,1172.18,1290.82,791.34,1252.39
54,25,3,440.952,981.765,124.188,362.044
54,34,3,2092.41,2449.78,401.817,699.719
54,37,0,1221.83,1324.33,0.685101,134.171
54,21,0,914.104,1094.04,692.722,1107.11
55,5,2,536.996,701.388,829.655,1305.69
55,6,3,1777.78,2129.78,3.93087,200.184
55,9,0,1588.12,1713.41,0,170.264
55,10,3,1085.53,1569.96,507.229,855.043
55,18,3,2099.33,2389.9,0,119.207
55,35,4,1240.5,1340.36,795.948,1257.34
55,25,3,543.106,1085.9,115.805,357.428
55,34,3,2127.26,2476.86,378.244,669.635
55,37,0,1221.88,1325.82,1.08173,133.99
55,21,0,905.791,1085.46,677.947,1078.46
56,5,2,550.131,715.207,831.217,1280.05
56,6,3,1777,2130.47,3.96503,199.835
56,9,0,1588.61,1712.93,0,171.418
56,10,3,1113.63,1593.59,485.307,838.254
56,13,0,1335.67,1456.63,3.46154,155.048
56,18,3,2096.44,2392.79,0,120.397
56,35,4,1310.65,1411.88,797.778,1254.46
56,25,3,636.946,1184.27,108.713,354.952
56,34,3,2153.91,2505.05,351.63,642.453
56,37,0,1223.7,1323.99,1.47837,133.089
56,21,0,885.484,1070.54,662.62,1066.28
57,5,2,567.714,720.422,791.295,1268.26
57,6,3,1777.72,2132.74,4.04961,198.49
57,9,0,1591.39,1716.3,1.65866,169.543
57,10,3,1147.71,1628.43,478.574,825.879
57,13,0,1335.67,1456.63,3.46154,155.048
57,18,3,2098.27,2390.96,0,119.567
57,35,4,1381.51,1503.14,789.55,1263.03
57,25,3,735.724,1276.27,106.633,347.587
57,34,3,2187.34,2533.04,328.202,617.114
57,37,0,1223.7,1323.99,1.47837,133.089
57,21,0,866.838,1052.62,649.604,1045.02
58,5,2,579.368,729.671,786.549,1231.89
58,6,3,1776.92,2133.77,4.35817,197.946
58,9,0,1591.01,1716.68,1.00961,171.923
58,10,3,1176.38,1654.98,464.106,801.631
58,18,3,2097.31,2395,0,120.072
58,35,4,1464.19,1562.88,799.878,1255.67
58,25,3,837.594,1373.15,105.209,346.052
58,34,3,2229.22,2559.25,306.842,587.481
58,21,0,846.319,1034.93,639.338,1030.24
59,5,2,583.726,737.256,767.741,1227.67
59,6,3,1776.06,2129.26,4.09877,197.971
59,9,0,1589.13,1721.63,0.504806,170.841
59,10,3,1212.17,1682.67,449.736,789.079
59,18,3,2096.15,2390,0,116.142
59,35,4,1515.47,1616.65,796.008,1258.64
59,25,3,938.101,1466.23,107.919,341.089
59,34,3,2266.48,2559.04,273.632,557.607
59,21,0,822.15,1010.77,624.178,1010.95
60,5,2,588.655,746.018,758.5,1208.43
60,6,3,1776.22,2129.6,4.19108,198.063
60,9,0,1590.29,1720.48,1.875,170.481
60,10,3,1248.56,1717.54,440.145,767.845
60,18,3,2096.25,2383.75,0.288463,118.269
60,35,4,1570.35,1688.75,783.547,1266.84
60,25,3,1040.49,1556.89,111.704,336.078
60,34,3,2311.84,2557.04,255.326,524.319
60,21,0,797.841,982.943,616.861,995.208
61,5,2,605.64,752.641,755.857,1186.34
61,6,3,1778.34,2127.94,3.87516,199.458
61,9,0,1590.34,1726.59,0,168.534
61,10,3,1281.91,1755.83,424.525,746.516
61,18,3,2097.88,2388.27,0.144231,120.216
61,35,4,1628.77,1738.92,784.16,1273.63
61,25,3,1131.6,1651.86,83.6192,331.82
61,34,3,2353.36,2560,242.842,508.053
61,21,0,758.851,956.096,611.115,981.352
62,5,2,617.922,748.221,736.724,1168.99
62,6,3,1776.04,2128.47,3.52095,200.254
62,9,0,1590.34,1726.59,0,168.534
62,10,3,1320.62,1789.34,409.063,729.485
62,18,3,2096.15,2393.08,0,122.236
62,35,4,1696.61,1802.12,793.452,1264.74
62,25,3,1229.65,1737.11,89.1617,327.927
62,34,3,2393.14,2560,224.33,484.348
62,21,0,712.837,914.981,598.764,961.419
63,5,2,634.581,784.371,729.168,1150.5
63,6,3,1778.93,2128.02,3.51208,201.063
63,10,3,1362.07,1823.1,393.929,711.974
63,18,3,2098.27,2390.96,0.685093,121.262
63,35,4,1751.98,1865.02,796.626,1263.45
63,25,3,1312.47,1812.12,88.5442,323.428
63,34,3,2448.46,2560,197.74,455.337
63,37,0,1222.74,1321.88,2.16346,132.115
63,21,0,667.896,883.341,590.311,955.287
64,5,2,653.07,818.954,711.651,1152.39
64,6,3,1776.58,2130.73,7.09808,203.303
64,10,3,1404.69,1864.14,372.585,696.428
64,18,3,2098.65,2384.42,0.685093,121.19
64,35,4,1794.19,1938.52,801.027,1289.78
64,25,3,1398.41,1896.3,87.3974,320.198
64,34,3,2496.8,2558.58,166.082,440.841
64,37,0,1222.74,1321.88,2.16346,132.115
64,21,0,616.993,830.344,576.051,927.388
65,5,2,673.892,834.594,702.223,1135.87
65,6,3,1760.71,2127.18,8.98815,201.916
65,10,3,1442.91,1898,354.386,672.547
65,18,3,2095.96,2390.19,0,117.692
65,35,4,1881.24,1984.77,799.198,1301.99
65,25,3,1484.5,1976.17,83.5024,310.91
65,34,3,2496.8,2558.58,166.082,440.841
65,37,0,1223.41,1322.74,0,132.476
65,21,0,551.316,726.653,570.438,894.51
66,5,2,688.457,848.532,695.048,1113.46
66,6,3,1760.71,2127.18,8.98815,201.916
66,10,3,1484.92,1941.93,350.991,651.486
66,18,3,2090.19,2389.81,0,118.522
66,35,4,1922.14,2033.75,795.532,1306.24
66,25,3,1569.7,2058.07,72.8144,313.959
66,37,0,1222.36,1325.34,0.144231,132.692
66,21,0,469.476,694.572,558.964,895.206
67,5,2,711.251,857.108,690.661,1103.84
67,10,3,1524.76,1980.58,331.473,639.056
67,18,3,2088.65,2394.42,0,116.106
67,35,4,1960.5,2096.65,814.834,1308.38
67,25,3,1644.99,2126.14,75.4546,304.869
67,37,0,1222.93,1324.76,1.58654,132.404
67,21,0,383.601,702.883,549.812,902.233
67,51,3,0,260.801,150.635,397.839
68,5,2,725.523,872.345,666.346,1080.94
68,9,0,1588.99,1727.93,0,166.875
68,10,3,1573.83,2016.94,319.403,618.325
68,18,3,2092.6,2390.48,0,114.05
68,35,4,2025.77,2142.97,823.326,1320.5
68,25,3,1721.17,2187.67,74.7716,300.409
68,37,0,1221.06,1326.63,2.52404,132.62
68,21,0,357.516,641.352,546.843,877.286
68,51,3,8.35489,341.703,168.025,391.879
69,5,2,732.752,883.312,653.897,1074.25
69,6,3,1772.24,2137.02,8.68481,192.149
69,9,0,1587.79,1722.98,0,168.894
69,10,3,1611,2059.37,312.793,606.327
69,18,3,2088.75,2394.33,0,114.591
69,35,4,2078.81,2185.84,812.127,1322.09
69,25,3,1804.2,2263.1,73.1826,296.737
69,37,0,1223.46,1324.23,1.15385,133.413
69,21,0,213.36,561.854,570.649,862.325
69,51,3,4.8642,463.035,157.605,402.323
70,5,2,744.807,887.878,642.991,1045.86
70,6,3,1775.91,2132.24,2.66795,204.706
70,9,0,1586.59,1727.26,0,167.019
70,10,3,1656.31,2095.96,291.883,587.069
70,18,3,2083.65,2402.5,0.685097,108.714
70,35,4,2119.37,2245.66,825.123,1333.1
70,25,3,1868.35,2324.9,79.0894,288.612
70,37,0,1223.46,1324.23,1.15385,133.413
70,21,0,128.228,484.638,544.985,876.144
70,51,3,4.8642,463.035,157.605,402.323
71,5,2,750.533,894.34,631.795,1030.31
71,6,3,1776.26,2109.12,5.46237,206.467
71,9,0,1586.83,1727.02,0,165.577
71,10,3,1697.35,2137.74,287.781,570.932
71,18,3,2093.37,2383.56,0,101.106
71,35,4,2191.17,2316.23,827.64,1340.72
71,25,3,1964.55,2383.22,67.0653,283.318
71,21,0,37.229,324.061,542.307,870.839
72,5,2,751.529,898.53,624.701,1009.43
72,6,3,1771.32,2112.49,5.63047,201.596
72,9,0,1586.3,1721.39,0,165.288
72,10,3,1736.48,2178.62,279.287,555.44
72,18,3,2091.63,2397.6,0,101.755
72,35,4,2258.03,2378.01,832.284,1348.64
72,25,3,2025.2,2447.5,60.4452,280.319
72,21,0,0,323.493,539.528,893.566
72,51,3,126.991,731.491,151.865,365.025
73,5,2,747.201,893.879,609.003,994.482
73,6,3,1771.15,2128,5.12951,200.904
73,9,0,1587.88,1725.96,0,163.053
73,10,3,1786.02,2215.91,262.191,541.293
73,18,3,2089.62,2418.08,5.58894,114.555
73,35,4,2298.65,2419.28,842.536,1343.37
73,25,3,2086.04,2508.57,62.6258,276.934
73,37,0,1220,1326.15,3.17308,131.106
73,21,0,0,237.209,541.221,891.798
73,51,3,188.106,820.844,146.12,366.935
73,55,0,1924.05,2224,1385.58,1913.07
74,5,2,739.765,880.617,596.068,975.571
74,6,3,1776.61,2125.35,4.64405,203.574
74,9,0,1585.1,1710.29,3.38943,167.091
74,10,3,1827.1,2265.55,250.287,527.555
74,18,3,2089.04,2400.19,2.48798,117.512
74,35,4,2368.07,2493.01,857.732,1348.16
74,25,3,2158.94,2546.67,50.0516,273.769
74,37,0,1218.65,1322.88,1.51442,132.332
74,21,0,0,139.485,563.712,880.47
74,51,3,227.003,916.859,143.306,375.369
74,55,0,1923.21,2201.16,1315.39,1917.55
75,5,2,724.342,863.384,589.1,961.445
75,6,3,1776.41,2129.36,5.60682,203.013
75,9,0,1589.04,1721.73,3.46154,164.279
75,10,3,1873.78,2299.34,247.376,514.543
75,18,3,2084.23,2411.15,2.34375,117.584
75,35,4,2438.58,2545.66,874.369,1360.62
75,25,3,2230.5,2549.51,45.4624,262.695
75,37,0,1217.31,1324.23,0.46875,132.656
75,21,0,0,139.485,563.712,880.47
75,51,3,340.917,1005.8,136.54,366.74
75,55,0,1923.92,2197.29,1249.59,1844.12
76,5,2,695.749,837.81,578.092,957.155
76,6,3,1774.69,2136.18,4.40886,200.183
76,9,0,1589.57,1718.12,0,166.803
76,10,3,1915.38,2341.56,235.923,495.988
76,18,3,2087.98,2401.25,0.46875,126.382
76,35,4,2486.98,2556.14,885.494,1362.81
76,25,3,2288.6,2553.3,28.9031,255.695
76,37,0,1221.73,1321.35,0.432694,133.63
76,51,3,442.7,1090.6,127.71,365.218
76,55,0,1929.28,2189.11,1199.21,1763.69
77,5,2,661.453,812.898,566.169,945.117
77,6,3,1776.08,2129.02,4.69029,198.609
77,9,0,1590.24,1717.45,6.92308,165.433
77,10,3,1964.86,2382.52,237.64,488.276
77,18,3,2094.62,2391.54,0.612974,126.094
77,35,4,2486.98,2556.14,885.494,1362.81
77,25,3,2348.59,2557.05,22.5517,246.865
77,37,0,1221.73,1321.35,0.432694,133.63
77,51,3,531.358,1177.52,123.89,360.602
77,55,0,1930.63,2190.45,1136.67,1700.04
78,5,2,617.451,778.193,557.812,914.289
78,6,3,1775.14,2132.43,3.83391,197.233
78,9,0,1590.19,1720.58,13.774,167.812
78,10,3,2010.23,2425.85,223.22,475.945
78,18,3,2098.75,2384.33,0,122.488
78,25,3,2400.43,2560,32.2356,234.159
78,51,3,614.999,1271.98,116.726,355.375
78,55,0,1934.75,2188.81,1087.56,1631.21
79,5,2,558.389,748.995,535.959,910.972
79,6,3,1777.71,2133.25,3.81932,198.973
79,9,0,1589.81,1717.88,5.84135,167.236
79,10,3,2051.94,2471.85,211.796,466.053
79,18,3,2096.92,2392.31,0.865381,126.058
79,25,3,2454.95,2560,28.1971,222.332
79,51,3,706.925,1354.35,112.836,353.202
79,55,0,1951.14,2196.52,1042.6,1566.7
80,5,2,511.148,701.847,530.314,896.338
80,6,3,1777.21,2135.89,4.49563,198.889
80,9,0,1592.26,1712.36,14.2788,167.019
80,10,3,2101.72,2526.47,205.178,450.427
80,18,3,2091.73,2391.35,0.540869,125.661
80,25,3,2454.95,2560,28.1971,222.332
80,51,3,798.188,1447.36,112.844,351.434
80,55,0,1953.55,2197.32,989.265,1508.78
81,5,2,459.631,659.274,512.993,877.646
81,6,3,1776.32,2134.74,6.29544,199.6
81,9,0,1592.16,1700.14,20.1923,167.019
81,10,3,2150.87,2557.6,187.617,438.162
81,18,3,2095.77,2390.38,0,118.594
81,51,3,891.333,1536.08,110.735,343.791
81,55,0,1958.19,2207.93,949.436,1440.22
82,5,2,417.813,618.116,507.941,870.242
82,6,3,1774.6,2136.36,6.4957,198.953
82,9,0,1591.11,1719.66,9.23077,167.885
82,10,3,2202.45,2560,179.478,422.885
82,18,3,2096.15,2386.92,0,117.945
82,51,3,983.383,1620.77,110.972,340.051
82,55,0,1976.09,2211.13,908.318,1396.12
82,59,3,9.91726,496.24,99.2807,423.203
83,5,0,368.367,558.091,521.377,831.024
83,6,3,1774.86,2135.92,3.95371,198.822
83,9,0,1588.03,1725.82,6.12981,167.236
83,10,3,2254.72,2560,177.788,418.631
83,18,3,2094.33,2397.98,0.288463,122.163
83,51,3,1084.4,1702.63,115.848,334.731
83,55,0,1984.88,2215.03,866.513,1338.84
83,59,1,67.3491,583.68,91.3135,404.16
84,5,2,342.596,513.12,512.888,841.06
84,6,3,1771.15,2141.22,4.4199,199.669
84,9,0,1583.89,1723.8,25.6731,174.087
84,10,3,2302.87,2559.29,157.307,398.608
84,18,3,2097.02,2389.13,0,120.938
84,51,3,1181.34,1787.91,114.021,334.083
84,55,0,1996.9,2222.41,828.366,1283.15
84,59,3,204.235,684.394,119.527,395.209
85,5,2,237.981,462.967,479.304,828.919
85,6,3,1774.82,2140.04,6.07806,201.757
85,9,0,1583.89,1723.8,25.6731,174.087
85,10,3,2344.15,2558.13,143.942,394.182
85,18,3,2096.54,2392.69,0,121.262
85,51,3,1271.24,1856.57,97.5267,330.782
85,55,0,2005.41,2230.84,790.596,1236.81
85,59,3,242.982,780.636,120.865,388.972
86,5,2,170.061,394.033,500.162,815.762
86,6,3,1763.17,2144.05,5.69888,199.192
86,10,3,2393.19,2560,137.791,382.115
86,18,3,2092.69,2387.31,0,120.288
86,37,0,1198.22,1298.7,3.4976,135.108
86,53,1,1294.48,1927.99,0,202.543
86,51,3,1357.51,1936.02,113.039,335.287
86,55,0,2016.53,2231.55,757.488,1188.13
86,59,3,233.173,877.132,102.053,400.975
87,5,2,108.8,342.406,485.33,827.556
87,6,3,1759.14,2145.74,10.256,194.439
87,10,3,2446.39,2559.76,131.683,366.49
87,18,3,2094.33,2382.6,0,118.161
87,37,0,1198.22,1298.7,3.4976,135.108
87,53,1,1294.48,1927.99,0,202.543
87,51,3,1443.11,2020.64,98.3506,318.842
87,55,0,2026.94,2239.97,721.977,1142.38
87,59,3,483.11,968.011,96.5917,387.379
88,5,2,24.2861,285.513,466.98,825.355
88,6,3,1743.19,2146.47,11.8779,194.449
88,10,3,2492.98,2559.33,108.534,360.793
88,18,3,2093.37,2386.63,0,118.341
88,51,3,1519.28,2098.92,89.7277,316.858
88,55,0,2043.56,2241.05,689.36,1102.24
88,59,3,578.977,1068.31,99.8872,381.453
89,5,2,5.4493,220.92,469.889,809.845
89,6,3,1743.19,2146.47,11.8779,194.449
89,10,3,2492.98,2559.33,108.534,360.793
89,18,3,2090.19,2386.73,0,113.978
89,37,0,1171.35,1273.27,3.78606,135.685
89,51,3,1611.49,2166.61,86.63,308.797
89,55,0,2049.33,2246.36,657.691,1058.16
89,59,3,661.035,1163.26,91.6898,383.437
90,5,2,0,157.526,457.477,811.785
90,18,3,2090.19,2386.73,0,113.978
90,37,0,1171.35,1273.27,3.78606,135.685
90,51,3,1708.89,2242.75,80.9064,305.39
90,55,0,2063.38,2254.83,627.11,1019.74
90,59,3,757.35,1249.92,91.0927,377.372
91,5,2,0.54831,93.76,449.736,810.361
91,6,3,1757.37,2236.06,6.0524,167.88
91,9,0,1592.4,1727.6,0,166.731
91,51,3,1774.54,2304.28,79.8901,298.612
91,55,0,2074.81,2267.94,599.545,980.743
91,59,3,857.881,1340.07,82.0038,374.714
92,5,2,0.444711,36.262,502.212,786.635
92,6,3,1775.81,2135.89,0.0839496,196.289
92,9,0,1590,1733.08,0,168.462
92,18,3,2086.73,2393.27,0,107.308
92,51,3,1843.45,2366.95,85.8942,291.315
92,55,0,2088.45,2272.87,576.403,951.898
92,59,3,943.746,1438.54,83.0645,367.741
92,60,0,1989.14,2171.55,1298.11,1920
93,5,2,0.444711,36.262,502.212,786.635
93,6,3,1776.46,2130.44,3.05893,202.475
93,9,0,1586.97,1733.03,0,167.38
93,18,3,2086.73,2393.27,0,107.308
93,51,3,1930.31,2421.08,77.5152,286.043
93,55,0,2100.75,2284.99,553.3,915.116
93,59,3,1042.23,1532.39,80.2454,370.182
93,60,0,1982.34,2172.81,1233.76,1840.1
94,6,3,1769.48,2120.36,1.38135,200.069
94,9,0,1591.2,1725.72,0,166.514
94,18,3,2090.38,2389.62,0.576922,102.548
94,51,3,1987.7,2486.8,64.3443,279.912
94,55,0,2115.64,2302.83,528.526,879.542
94,59,3,1140.71,1623.72,82.813,366.206
94,60,0,1970.61,2143.99,1171.38,1756.2
95,6,3,1761.31,2127.6,3.53818,197.979
95,9,0,1591.2,1725.72,0,166.514
95,18,3,2086.15,2403.08,1.44231,105
95,37,0,1091.8,1189.74,7.06731,158.077
95,51,3,2057.35,2538.97,59.9985,278.854
95,55,0,2134.19,2312.77,501.765,852.063
95,59,3,1219.59,1714.32,63.1061,356.282
95,60,0,1966.38,2139.17,1104.11,1670.24
95,61,0,2189.2,2508.8,1603.72,1920
96,6,3,1766.88,2135.95,4.16071,198.649
96,18,3,2085.87,2403.37,1.29808,121.154
96,37,0,1075.05,1177.26,3.38943,151.659
96,51,3,2117.44,2557.25,57.0687,274.487
96,55,0,2155,2325.82,482.309,826.42
96,59,3,1312.53,1799.36,65.0095,349.338
96,60,0,1967.95,2137.6,1050.49,1588.86
96,61,0,2158.52,2456.49,1511.63,1920
97,6,3,1757.87,2138.57,5.66127,195.923
97,18,3,2085,2401.15,1.29808,117.404
97,37,0,1050.62,1160.14,3.17307,155.048
97,51,3,2177.48,2542.69,56.7849,263.438
97,55,0,2176.81,2339.21,453.936,795.723
97,59,3,1401.09,1881.84,60.9094,341.892
97,60,0,1967.17,2143.84,999.158,1531.25
97,61,0,2136.91,2405.77,1427.51,1920
98,6,3,1757.87,2138.57,5.66127,195.923
98,18,3,2076.73,2400.19,0,116.791
98,37,0,1032.84,1141.01,0,158.221
98,53,3,1752.11,2138.33,7.07388,197.8
98,51,3,2259.17,2557.69,46.5417,261.479
98,55,0,2199.21,2361.37,439.982,766.516
98,59,3,1491.72,1949.61,58.7937,337.589
98,60,0,1972,2147.68,942.551,1467.67
98,61,0,2110.79,2355.64,1353.32,1912.72
99,18,3,2088.85,2391.15,0,117.079
99,37,0,1005.91,1114.09,4.75961,158.798
99,53,3,1752.11,2138.33,7.07388,197.8
99,51,3,2313.69,2558.3,38.1301,263.817
99,55,0,2216.38,2383.44,420.299,745.997
99,59,3,1574.37,2033.94,54.2723,334.159
99,60,0,1996.31,2153.48,901.143,1401.85
99,61,0,2089.19,2330.3,1267.3,1826.01
100,9,0,1576.06,1716.25,4.61539,160.962
100,18,3,2081.54,2398.46,0.721149,127.788
100,37,0,985.144,1093.32,1.15384,164.856
100,51,3,2351.74,2560,24.1429,256.369
100,55,0,2243.85,2407.56,399.434,718.443
100,59,3,1656.64,2109.95,46.8935,328.081
100,60,0,2006.54,2170.89,850.981,1350.35
100,61,0,2073.75,2293.21,1199.07,1738.49
101,9,0,1571.11,1699.66,2.52404,167.812
101,18,3,2085.96,2390.96,0,123.317
101,37,0,962.067,1068.7,0.0721121,168.389
101,51,3,2418.7,2559.76,30.7211,240.144
101,55,0,2274.41,2423.07,380.697,693.268
101,59,3,1737.63,2168.86,43.8838,322.747
101,60,0,2017.12,2170.43,814.828,1266.08
101,61,0,2064.8,2279.54,1134.72,1654.74
102,6,3,1747.06,2090.82,9.6735,197.077
102,9,0,1561.01,1675.91,2.88462,167.019
102,18,3,2077.4,2387.21,0.252399,124.507
102,37,0,940.817,1051.49,2.30769,172.067
102,51,3,2466.32,2560,36.1298,219.88
102,55,0,2296.79,2454.93,369.943,671.79
102,59,3,1817.29,2228.11,44.5325,317.335
102,60,0,2041.48,2187.76,777.272,1192.63
102,61,0,2035.09,2260.43,1073.78,1570.22
102,13,0,1311.06,1428.94,10.6731,150
103,6,3,1752.5,2101.08,3.4258,206.403
103,9,0,1556.92,1667.69,1.94712,167.668
103,18,3,2077.4,2387.21,0.252399,124.507
103,37,0,905.625,1020.53,0,177.548
103,51,3,2518.87,2558.05,36.4904,212.452
103,55,0,2325.72,2482.36,346.86,647.237
103,59,3,1901.27,2289.94,42.7565,311.142
103,60,0,2072.41,2201.7,741.667,1103.66
103,61,0,2021.89,2249.03,1012.21,1490.92
103,13,0,1306.2,1429.18,10.4207,152.993
104,6,3,1748.32,2110.25,11.0901,201.212
104,9,0,1552.02,1657.21,4.11057,168.389
104,37,0,886.731,993.269,1.00961,178.99
104,51,3,2518.87,2558.05,36.4904,212.452
104,55,0,2360.23,2507.12,330.627,624.691
104,59,3,1970.53,2339.6,18.8673,308.592
104,60,0,2083.33,2215.62,703.989,1102.12
104,61,0,2021.2,2242.65,950.749,1427.6
104,13,0,1296.01,1417.84,12.0072,151.55
104,65,3,701.731,1002.88,0.97356,119.531
105,6,3,1737.69,2046.92,11.8269,199.038
105,9,0,1540.62,1647.07,0.360582,169.255
105,37,0,848.606,969.856,0,185.12
105,55,0,2390.21,2543.82,312.098,603.446
105,59,3,2040.47,2395.58,11.919,296.491
105,60,0,2103.49,2247.83,669.351,1064.53
105,61,0,2026.27,2230.58,913.235,1365.04
105,13,0,1276.92,1409.23,5.58894,153.065
105,65,3,701.731,1002.88,0.97356,119.531
105,66,0,613.167,876.958,1447.1,1916.78
106,6,3,1725.56,2113.05,11.9032,202.072
106,9,0,1539.23,1630,6.92307,172.5
106,37,0,817.163,941.298,4.61539,189.952
106,55,0,2428.27,2550.19,290.769,584.423
106,59,3,2090.56,2455.43,14.1829,292.265
106,60,0,2112.15,2246.59,636.433,1022.85
106,61,0,2033.8,2228.49,868.517,1308.99
106,13,0,1278.65,1398.27,6.41827,152.957
106,65,3,605.288,937.788,4.75962,122.38
106,66,0,621.174,865.126,1374.27,1920
107,6,3,1712.59,2076.29,13.7727,206.183
107,9,0,1517.21,1618.17,5.91346,172.933
107,18,3,2059.42,2405.19,0.108175,122.055
107,37,0,801.827,904.327,4.97596,203.87
107,55,0,2452.55,2559.76,286.442,563.365
107,59,3,2156.67,2512.38,19.6966,286.514
107,60,0,2117.75,2264.18,613.705,994.763
107,61,0,2041.56,2220.49,829.237,1248
107,13,0,1308.94,1391.06,1.80289,155.553
107,65,3,576.058,864.712,3.64182,133.377
107,66,0,625.795,857.866,1301.74,1893.16
108,6,3,1705.95,2057.61,14.0428,209.054
108,9,0,1502.55,1618.99,0,180.865
108,18,3,2067.69,2403.08,0,122.524
108,37,0,769.375,875.24,5.40866,207.043
108,55,0,2491.35,2560,255.721,543.894
108,59,3,2109.7,2553.78,12.7391,229.786
108,60,0,2136.14,2262.74,585.246,959.322
108,61,0,2040.87,2228.57,792.755,1196.17
108,13,0,1247.21,1368.17,5.91346,161.106
108,65,3,515.769,835,1.80289,156.851
108,66,0,624.323,855.376,1228.06,1802.68
109,6,3,1702.63,2051.64,12.1508,213.328
109,9,0,1472.02,1604.9,0,181.154
109,18,3,2071.35,2411.73,0,124.543
109,37,0,744.567,844.663,10.8173,222.26
109,55,0,2520.7,2559.3,227.596,537.404
109,59,3,2276.4,2559.89,13.9571,288.524
109,60,0,2129.64,2289.56,561.336,938.852
109,61,0,2051.53,2210.83,742.157,1152.82
109,13,0,1224.57,1347.74,2.88461,164.712
109,65,3,458.269,794.808,3.96634,162.909
109,66,0,626.35,851.089,1174.73,1733.17
110,6,3,1682.8,2037.13,12.4293,211.457
110,9,0,1457.93,1568.22,1.15384,186.49
110,18,3,2073.27,2409.81,1.22596,126.995
110,37,0,714.159,811.226,15.2885,229.615
110,55,0,2520.7,2559.3,227.596,537.404
110,59,3,2336.58,2559.82,2.83138,261.015
110,60,0,2157.55,2287.09,534.274,892.038
110,61,0,2062.58,2222.38,710.958,1096.88
110,13,0,1200.77,1325.38,5.12019,163.341
110,65,3,396.231,762.432,0,180.37
110,66,0,641.772,853.747,1121.35,1665.66
111,6,3,1666.87,2026.34,14.6076,215.932
111,9,0,1440.67,1554.71,5.76923,187.644
111,18,3,2074.04,2402.88,0.504813,124.688
111,37,2,678.221,774.087,16.0096,230.481
111,59,3,2389.57,2557.2,0,259.373
111,60,0,2173.59,2305.62,511.219,865.3
111,61,0,2062.02,2228.59,673.748,1057
111,13,0,1181.92,1298.08,2.8125,167.236
111,65,3,357.599,726.042,0,180.893
111,66,0,646.19,860.298,1073.84,1606.19
112,6,3,1656.33,2005.42,17.8473,217.751
112,9,0,1415.48,1524.52,9.44711,193.774
112,18,3,2070.1,2406.83,0.432694,120.144
112,37,0,645.096,746.442,36.851,236.466
112,59,3,2437.16,2559.76,0,249.159
112,60,0,2184.83,2308.25,483.555,835.461
112,61,0,2074.25,2232.27,641.703,1018.18
112,13,0,1147.45,1267.93,3.75,172.067
112,65,3,365.962,656.346,0,182.091
112,66,0,656.403,863.974,1035.42,1534.66
112,68,0,1589.47,1693.61,2.84856,124.147
113,6,3,1638.33,1990.16,21.202,226.121
113,9,0,1387.12,1506.73,9.08654,196.01
113,18,3,2068.94,2398.75,0.288463,119.712
113,37,0,613.125,714.567,45.2164,258.245
113,59,3,2498.46,2556.92,0,256.803
113,60,0,2197.36,2315.47,461.878,822.767
113,61,0,2080.85,2235.81,614.345,977.554
113,13,0,1109.42,1241.35,0.721157,173.365
113,65,3,249.335,600.305,1.3196,199.233
113,66,0,666.226,865.504,986.134,1483.55
113,68,0,1575.77,1688.85,2.48798,125.012
113,69,0,1296.15,1383.85,0.9375,105.865
114,6,3,1621.19,1970.63,23.3411,232.634
114,73,0,1402.55,1526.68,3.75,184.615
114,18,3,2068.56,2402.21,0.360578,116.755
114,37,0,580.841,677.62,45.649,267.62
114,59,3,2498.46,2556.92,0,256.803
114,60,0,2218.83,2340.99,444.977,784.56
114,61,0,2095.36,2247.14,590.222,949.463
114,13,0,1082.45,1211.39,0,178.774
114,65,3,162.561,532.175,2.84381,197.047
114,66,0,671.106,872.119,955.373,1440.79
114,68,0,1558.7,1672.07,1.73077,126.202
114,69,0,1287.93,1392.07,0,114.447
115,6,3,1599.62,1953.95,29.8562,234.376
115,73,0,1412.6,1505.87,4.54327,178.486
115,18,3,2065.1,2399.52,0.9375,120.938
115,37,0,546.995,642.236,73.2692,269.712
115,60,0,2228.2,2354.37,428.62,744.567
115,61,0,2104.86,2257.34,566.09,916.709
115,13,0,1047.36,1181.88,0.9375,183.966
115,65,3,162.561,532.175,2.84381,197.047
115,66,0,673.935,870.148,921.931,1401.11
115,68,0,1547.4,1658.75,2.1274,128.906
115,69,0,1279.09,1357.84,0,108.534
115,71,0,942.019,1045.67,0,119.784
116,6,3,1564.11,1933.09,35.5499,239.845
116,73,0,1388.94,1480.29,6.05769,181.298
116,18,3,2053.37,2420.48,1.65866,121.659
116,37,0,507.981,608.942,74.351,281.611
116,60,0,2246.33,2373.8,401.631,734.85
116,61,0,2121.19,2269.13,541.142,874.889
116,13,0,1014.18,1144.28,0.216351,193.774
116,65,1,13.1477,421.126,13.947,228.229
116,66,0,674.505,872.16,888.34,1358.83
116,68,0,1538.51,1643.03,0.324519,138.498
116,69,0,1279.09,1357.84,0,108.534
116,71,0,942.019,1045.67,0,119.784
116,73,0,1294.04,1412.12,21.9952,213.245
117,6,3,1545.59,1901.39,35.6049,247.675
117,73,0,1349.28,1456.88,5.625,185.337
117,18,3,2058.27,2403.27,0,120.938
117,37,0,471.442,572.404,84.4471,297.764
117,60,0,2273.33,2396.88,380.815,705.758
117,61,0,2137.23,2279.47,514.99,845.131
117,13,0,981.923,1116.54,0.432694,196.298
117,65,3,8.07692,309.615,30.649,223.341
117,66,0,679.677,869.122,862.55,1329.26
117,68,0,1515.55,1609.06,1.80289,140.697
117,73,0,1257.36,1376.49,36.9231,218.942
118,6,3,1520.81,1875.4,45.6307,256.591
118,73,0,1303.03,1424.66,5.625,196.442
118,18,3,2052.6,2415.1,1.11779,124.363
118,37,0,429.038,534.038,90.2164,309.591
118,60,0,2288.26,2419.71,368.906,684.545
118,61,0,2154.23,2292.06,487.044,814.876
118,13,0,942.933,1078.61,0.721157,205.24
118,65,3,1.63461,256.442,38.6539,238.125
118,66,0,673.368,867.448,843.362,1297.6
118,68,0,1502.02,1617.98,0.324519,138.93
118,9,0,1210.87,1364.52,24.8077,227.163
118,75,0,2449.19,2559.45,1292.05,1920
119,6,3,1486.13,1846.38,52.6964,264.121
119,73,0,1280.82,1399.18,4.32692,202.644
119,18,3,2050,2340.77,0.432694,128.005
119,37,0,397.933,496.683,100.24,312.26
119,60,0,2328.83,2460.86,346.484,655.678
119,61,0,2173.71,2316.64,463.062,777.854
119,13,0,913.317,1031.3,20.1202,212.236
119,65,3,3.17308,166.635,39.8798,236.322
119,66,0,669.855,855.32,817.448,1272.24
119,68,0,1502.02,1617.98,0.324519,138.93
119,9,0,1169.81,1304.04,27.6923,232.788
119,75,0,2439.98,2556.78,1246.26,1920
120,6,3,1460.72,1825.05,55.8223,268.359
120,73,0,1256.44,1368.17,13.7019,216.635
120,18,3,2044.62,2340,0.396638,124.219
120,37,0,397.933,496.683,100.24,312.26
120,60,0,2348.69,2482.28,327.697,633.998
120,61,0,2191.34,2329.7,445.822,754.601
120,13,0,876.01,982.452,13.7019,220.817
120,65,3,3.17308,166.635,39.8798,236.322
120,66,0,672.779,846.624,800.526,1241.86
120,9,0,1127.88,1255.19,32.2356,242.236
120,75,0,2434.92,2555.66,1202.39,1860.56
121,6,3,1423.81,1790.91,60.9346,277.426
121,73,0,1220.1,1332.21,16.226,221.899
121,18,3,2035.19,2349.42,0.432694,127.644
121,60,0,2382.3,2522.81,311.497,612.314
121,61,0,2213.32,2353.52,426.051,724.527
121,13,0,831.731,949.808,10.2404,224.567
121,66,0,667.893,851.51,783.909,1223.68
121,9,0,1084.81,1202.88,30.0721,249.159
121,75,0,2427.09,2559.5,1147.9,1766.19
121,78,2,937.212,1042.79,5.625,193.846
122,6,3,1383.91,1760.26,69.7195,289.566
122,73,0,1181.83,1301.25,24.5192,230.192
122,18,3,2023.46,2336.54,1.22596,130.096
122,60,0,2432.31,2540,299.279,593.221
122,61,0,2238.64,2377.2,404.282,702.357
122,13,0,789.808,913.269,8.4375,231.562
122,66,0,660.584,844.74,770.099,1195.36
122,9,0,1036.97,1155.34,81.274,260.264
122,75,0,2424.07,2560,1097.75,1683.71
122,78,2,926.779,1016.3,0.432687,199.038
123,6,3,1346.17,1725.29,76.7252,301.675
123,73,0,1144.57,1261.59,25.3846,237.692
123,18,3,2019.71,2291.06,0.108175,129.627
123,60,0,2460.99,2554.4,277.861,569.062
123,61,0,2265.55,2401.2,382.368,678.594
123,13,0,743.365,868.942,13.5577,241.442
123,66,0,661.292,835.095,751.251,1160.37
123,9,0,986.587,1110.34,69.8077,267.115
123,75,0,2424.24,2558.77,1062.66,1622.61
123,78,2,900.433,993.413,3.96635,205.889
124,6,3,1309.89,1685.33,84.1224,314.126
124,73,0,1105.91,1226.39,27.5481,246.202
124,18,3,2014.62,2286.92,0,137.812
124,60,0,2492.84,2559.47,264.447,557.668
124,61,0,2282.74,2429.21,367.864,646.211
124,13,0,698.702,835.144,20.6971,249.591
124,66,0,653.355,831.323,736.395,1156.75
124,78,2,1148.75,1277.4,0.288463,163.702
124,9,0,937.596,1059.33,73.9183,275.409
124,75,0,2428.54,2558.71,1012.5,1580.57
124,78,2,871.346,973.269,3.60577,209.712
124,81,3,1702.98,2007.79,0.180287,115.204
125,6,3,1269.72,1644.33,95.4498,322.829
125,73,0,1064.76,1187.55,25.8173,258.029
125,18,3,1994.52,2291.63,0.829325,135.108
125,37,2,145.769,266.154,157.067,396.49
125,60,0,2526.88,2559.28,239.135,529.327
125,61,0,2312.57,2458.78,345.202,628.484
125,13,0,653.846,786.154,17.9567,261.851
125,66,0,645.416,824.255,722.69,1138.91
125,78,2,1141.88,1250.43,0,162.62
125,9,0,885.673,1011.25,71.0336,285.505
125,75,0,2427.69,2560,970.903,1516.54
125,78,2,848.413,943.894,5.19231,229.327
125,81,3,1683.37,2027.4,0.612981,121.55
126,6,3,1217.03,1604.19,98.8189,333.818
126,73,0,1025.96,1132.5,50.9856,262.572
126,18,3,1978.56,2304.52,2.88462,136.154
126,37,2,108.269,211.154,189.447,416.899
126,60,0,2526.88,2559.28,239.135,529.327
126,61,0,2337.06,2494.65,332.582,600.265
126,13,0,603.942,733.75,42.6923,270.865
126,66,0,638.43,807.297,707.07,1124.76
126,78,2,1122.16,1217.84,0,167.596
126,9,0,833.942,961.442,91.5144,293.005
126,75,0,2430.9,2558.3,934.836,1462.01
126,78,2,817.38,914.928,20.9856,228.678
126,81,3,1673.85,2033.85,0.324519,122.272
127,6,3,1169.73,1560.54,109.735,344.647
127,73,0,978.606,1084.47,55.3846,274.038
127,18,3,1979.9,2303.17,4.36298,131.647
127,37,2,71.226,169.351,202.067,432.548
127,61,0,2375.56,2524.91,311.507,583.538
127,13,0,552.644,687.356,33.8942,281.106
127,66,0,635.66,795.423,696.738,1112.2
127,78,2,1099.38,1197.55,0,176.394
127,9,0,780.865,919.135,80.1202,302.957
127,75,0,2435.83,2559.8,889.033,1406.01
127,78,2,817.38,914.928,20.9856,228.678
127,81,3,1637.31,2033.46,0.46875,128.618
127,71,2,384.375,466.394,8.36538,192.404
128,6,3,1116.18,1522.42,119.69,358.659
128,73,0,940.577,1056.35,75.7211,280.817
128,18,3,1972.69,2285.77,0.793269,139.832
128,37,0,24.8077,134.038,210.865,439.904
128,61,0,2418.8,2544.28,292.644,560.048
128,13,0,491.779,638.99,112.356,291.49
128,66,0,631.195,797.039,687.448,1095.67
128,78,2,1071.49,1173.12,0,173.726
128,9,0,734.808,865.192,93.9664,309.591
128,75,0,2441.33,2558.3,854.264,1373.27
128,81,3,1620.77,1991.54,0,129.339
128,71,2,384.375,466.394,8.36538,192.404
129,6,3,1062.37,1474.2,135.837,376.284
129,73,0,894.952,1001.97,93.6779,294.88
129,18,3,1933.08,2279.23,0,154.183
129,37,0,1.58654,90.1923,213.317,444.375
129,61,0,2448.94,2554.13,273.389,548.149
129,13,0,435.625,580.529,95.5529,306.274
129,66,0,630.732,795.285,678.01,1076.72
129,78,2,1048.8,1148.12,2.74039,173.51
129,9,0,681.154,818.846,109.038,322.5
129,75,0,2441.19,2558.33,826.781,1309.84
129,81,3,1585.15,2048.44,0,140.17
130,6,3,1012.25,1425.99,146.056,390.722
130,73,0,850.625,957.067,93.4615,304.615
130,18,3,1918.85,2262.69,0,157.788
130,37,0,1.70673,52.1875,231.274,481.803
130,61,0,2491.35,2560,253.413,520.817
130,13,0,389.471,523.606,89.0625,318.822
130,66,0,636.004,796.235,670.329,1069.24
130,68,0,1301.92,1419.62,5.04808,173.942
130,78,2,1037.45,1141.01,5.12019,178.053
130,9,0,629.567,758.894,110.986,326.034
130,75,0,2446.25,2560,795.002,1260.23
130,81,3,1581.92,1938.08,2.59616,130.817
131,6,3,955.79,1375.21,157.928,409.269
131,73,0,796.971,913.798,100.817,318.606
131,18,3,1879.22,2270.76,0,178.439
131,37,0,1.70673,52.1875,231.274,481.803
131,61,0,2491.35,2560,253.413,520.817
131,13,0,389.471,523.606,89.0625,318.822
131,66,0,634.914,792.777,662.651,1065.57
131,68,0,1280.14,1389.09,0,188.365
131,78,2,1037.45,1141.01,5.12019,178.053
131,9,0,569.519,704.327,126.851,343.63
131,75,0,2440.79,2558.97,766.491,1228.89
131,81,3,1486.36,2002.82,0,150.15
132,6,3,896.36,1320.85,172.259,428.182
132,73,0,754.231,870.385,107.596,329.135
132,18,3,1859.09,2227.89,0,180.022
132,66,0,637.196,795.407,659.507,1064.6
132,68,0,1251.59,1363.8,1.73077,195.288
132,9,0,520.288,652.788,138.389,354.88
132,75,0,2449.56,2560,732.317,1193.59
132,81,3,1514.41,1964.34,0.526199,158.76
133,6,3,841.069,1266.91,184.024,445.649
133,73,0,706.394,818.99,113.726,348.389
133,18,3,1834.06,2218.21,2.17398,181.476
133,66,0,643.472,796.441,655.822,1062.94
133,68,0,1232.84,1347.16,9.66346,194.135
133,78,2,954.904,1078.94,0,184.543
133,9,0,468.125,601.106,143.221,364.76
133,75,0,2448.32,2560,708.151,1146.8
133,81,3,1478.15,1953.85,0,158.365
133,85,0,2347.61,2559.33,1575.33,1920
134,6,3,778.887,1213.42,196.529,464.587
134,73,0,656.779,773.221,122.163,358.413
134,18,3,1816.25,2188.04,4.1197,189.475
134,13,0,159.952,284.279,178.486,367.572
134,66,0,638.919,796.744,653.027,1057.18
134,68,0,1214.18,1324.28,23.3654,207.548
134,78,2,919.904,1029.33,3.60577,191.538
134,9,0,415.192,537.115,150.144,378.317
134,75,0,2454.87,2559.57,680.553,1116.53
134,81,3,1463.14,1943.03,1.42228,162.305
134,85,0,2332.61,2557.75,1520.22,1916.36
135,6,3,717.8,1154.03,210.91,480.873
135,73,0,602.404,722.981,136.731,373.558
135,18,3,1797.38,2166.45,2.0074,192.037
135,13,0,102.596,238.942,175.312,381.995
135,66,0,639.261,791.708,649.038,1056.11
135,68,0,1185.96,1306.35,4.75961,197.885
135,78,2,884.567,1032.36,5.55288,192.043
135,9,0,372.692,482.692,164.856,373.99
135,75,0,2455.66,2560,656.932,1087.1
135,81,3,1431.22,1951.6,1.52097,164.658
135,85,0,2320.1,2558.05,1461.43,1919.12
135,86,0,1662.1,1930.32,1299.68,1916.41
136,6,3,649.818,1098.11,224.294,502.172
136,73,0,552.5,669.038,147.26,392.74
136,18,3,1766.67,2143.12,0.293069,197.266
136,13,0,41.7308,184.038,186.418,393.966
136,66,0,636.593,791.933,649.695,1057.22
136,68,0,1164.71,1278.37,10.4567,201.562
136,78,2,848.462,957.692,5.40866,203.87
136,9,0,372.692,482.692,164.856,373.99
136,75,0,2458.32,2559.06,632.973,1043.89
136,81,3,1398.5,1881.43,1.92626,170.283
136,78,0,408.51,522.26,137.38,330.793
136,85,0,2315.55,2552.63,1406.36,1917.45
136,86,0,1679.54,1904.5,1218.88,1830.56
137,6,3,590.145,1038.13,244.55,524.232
137,73,0,500.433,617.26,164.423,412.5
137,18,3,1742.49,2114.19,2.12882,201.205
137,13,0,0.480771,124.904,200.409,413.438
137,66,0,639.207,792.027,652.824,1059.2
137,68,0,1144.18,1255.82,10.7452,217.139
137,78,2,817.115,936.731,7.93269,226.01
137,75,0,2451.93,2560,602.954,1009.38
137,78,2,884.904,1001.25,1.22596,194.207
137,81,3,1373.27,1876.41,2.02569,172.076
137,78,0,408.51,522.26,137.38,330.793
137,85,0,2312.36,2548.06,1350.97,1915.45
137,86,0,1684.74,1909.15,1151.39,1732.22
138,6,3,521.277,969.873,260.34,548.126
138,9,0,449.519,572.019,174.952,404.279
138,18,3,1728.25,2083.1,7.37671,202.769
138,13,0,0.432694,61.8269,212.74,431.683
138,66,0,639.819,791.264,651.548,1055.21
138,68,0,1121.83,1227.4,16.875,227.74
138,78,2,796.202,909.952,6.99519,228.245
138,75,0,2456.77,2560,586.253,984.771
138,69,0,872.5,978.269,2.52404,199.399
138,81,3,1340.18,1765.89,5.35315,175.986
138,85,0,2303.76,2543.23,1297.59,1882.41
138,86,0,1692.72,1909.54,1085.33,1650.36
139,6,3,445.491,914.326,275.48,571.966
139,73,0,383.558,516.442,194.928,433.918
139,18,3,1706.21,2055.3,8.2405,214.415
139,13,0,0.432694,61.8269,212.74,431.683
139,66,0,635.079,794.142,652.472,1056.62
139,68,0,1093.22,1199.09,20.9856,230.409
139,78,2,764.88,862.812,10.1683,228.389
139,75,0,2457.97,2558.56,564.156,956.4
139,69,0,855.745,951.947,3.17307,199.038
139,81,3,1304.9,1749.35,5.07339,189.391
139,85,0,2297.14,2540.23,1245.28,1811.41
139,86,0,1711.16,1924.3,1023.86,1567.51
140,6,3,412.247,845.637,299.801,595.276
140,9,0,362.957,453.197,212.74,429.952
140,18,3,1663.27,2028.13,10.3897,222.823
140,66,0,633.325,792.621,656.193,1055.1
140,68,0,1063.32,1178.22,16.226,241.803
140,78,2,730.721,832.356,20.7692,244.038
140,75,0,2463.7,2559.22,541.635,947.22
140,69,0,836.923,941.539,3.38943,206.034
140,81,3,1253.61,1804.82,1.66664,192.067
140,85,0,2290.72,2539.97,1195.92,1750.01
140,86,0,1719.61,1930.34,964.645,1490.92
141,6,3,373.324,785.809,315.51,622.006
141,9,0,362.957,453.197,212.74,429.952
141,18,3,1631.73,1993.13,15.534,224.75
141,66,0,634.258,793.398,655.444,1056.06
141,68,0,1033.27,1149.81,51.9231,253.846
141,78,2,697.837,796.779,14.5673,243.606
141,75,0,2471.24,2557.24,521.684,901.164
141,69,0,811.731,912.885,2.16346,213.029
141,81,3,1244.71,1665.58,3.48523,199.307
141,85,0,2282.49,2539.04,1150.42,1695.4
141,86,0,1739.43,1936.84,912.881,1416.04
141,9,0,27.5481,160.721,223.269,476.538
142,6,3,219.588,715.291,334.059,652.765
142,18,3,1598.17,1962.94,18.1925,232.318
142,66,0,637.518,793.923,656.784,1056.28
142,68,0,1002.16,1117.84,53.0769,268.269
142,78,2,669.567,768.894,17.7404,251.683
142,75,0,2472.71,2559.25,501.359,867.394
142,69,0,790.793,889.207,5.19231,225.577
142,81,3,1216.39,1659.97,4.41633,203.662
142,85,0,2283.42,2520.99,1111.95,1637.58
142,86,0,1761.92,1946.26,855.374,1344.36
142,9,0,0.865388,112.212,229.976,485.986
143,6,3,155.971,650.104,358.575,683.685
143,18,3,1562.76,1936.45,22.0015,238.995
143,66,0,636.736,793.485,652.952,1051.28
143,68,0,968.942,1074.13,55.024,272.091
143,78,2,642.284,730.024,43.7019,256.875
143,75,0,2480.52,2559.9,477.292,866.222
143,69,0,766.466,861.226,7.5,228.606
143,81,3,1179.16,1613.34,3.59431,212.173
143,85,0,2278.45,2514.23,1065.94,1585.33
143,86,0,1779.37,1972.65,808.189,1283.52
143,9,0,3.11298,50.0601,241.01,521.106
144,6,3,77.0063,575.379,362.317,719.686
144,18,3,1530.73,1898.81,28.0791,249.164
144,66,0,637.494,791.324,655.397,1052.07
144,68,0,935.481,1052.21,53.6538,280.385
144,78,2,610.817,698.413,37.5721,267.62
144,75,0,2487.66,2559.16,454.192,823.481
144,69,0,737.476,833.293,12.9086,234.159
144,81,3,1147.97,1574.02,1.21373,220.31
144,85,0,2275.09,2510.82,1032.64,1536.9
144,86,0,1794.96,1982.1,764.276,1230.08
144,9,0,3.11298,50.0601,241.01,521.106
145,6,3,3.44175,503.704,386.827,756.531
145,73,0,3.36538,116.442,300.216,554.207
145,18,3,1491.89,1867.23,32.9808,255.718
145,66,0,635.759,790.682,655.652,1051.74
145,68,0,901.058,1015.87,62.7404,282.837
145,78,2,573.99,673.702,43.9904,276.202
145,75,0,2500.84,2557.62,439.183,787.356
145,69,0,718.558,817.596,15.2164,247.139
145,81,3,1100.99,1554.75,1.88021,229.426
145,85,0,2276.52,2505.86,996.874,1489.46
145,86,0,1812.13,2006.07,724.608,1174.21
145,92,3,748.846,1169.62,0,91.9832
146,6,3,1.53231,433.787,433.373,789.002
146,73,0,3.36538,116.442,300.216,554.207
146,18,3,1457.27,1831.34,46.4702,267.528
146,66,0,635.939,789.656,656.867,1052.67
146,68,0,857.644,974.664,55.9615,293.365
146,78,2,532.163,635.529,57.7644,287.524
146,75,0,2507.29,2558.89,401.029,801.693
146,69,0,691.298,797.164,24.375,251.971
146,81,3,1070.65,1568.29,0.5161,234.142
146,85,0,2270.83,2499.92,962.084,1442.55
146,86,0,1840.43,2026.89,682.05,1114.95
146,92,3,725.192,1096.35,0,105
147,6,3,0.417013,317.756,465.825,831.258
147,18,3,1417.57,1789.81,51.8597,278.353
147,66,0,635.317,791.265,655.728,1053.81
147,68,0,817.5,933.269,104.207,295.889
147,78,2,498.077,602.692,53.6538,290.192
147,75,0,2524.89,2559.53,355.049,771.776
147,69,0,661.875,766.587,37.7885,264.519
147,81,3,1032.01,1452.37,3.35155,238.609
147,85,0,2276.12,2488.07,933.396,1395.01
147,86,0,1866.47,2050.09,648.175,1066.84
147,92,3,725.192,1096.35,0,105
147,93,1,1916.74,2506.67,0,169.886
148,6,3,0,279.067,499.605,861.431
148,18,3,1370.97,1758.61,59.1493,290.646
148,66,0,634.184,791.202,656.493,1052.97
148,68,0,777.115,881.346,94.976,311.466
148,78,2,473.077,563.846,47.8125,304.399
148,75,0,2529.13,2560,401.394,736.298
148,69,0,632.836,738.702,42.1875,271.082
148,81,3,998.838,1425.48,1.68323,248.69
148,85,0,2271.69,2487.45,894.024,1352.16
148,86,0,1894.82,2075.85,616.358,1024.38
148,92,3,685.673,1025.1,0.036056,119.675
148,93,1,1928.56,2265.29,5.12019,153.389
