2,1,5,428.75,1486.25,718.891,1905.79
2,2,3,1503.37,1850.68,29.6867,252.696
2,3,0,2198.59,2413.38,1009.48,1457.1
2,4,3,814.762,1239.72,202.811,465.196
2,5,1,65.625,742.5,190.879,672.419
2,6,3,673.432,1022.1,102.964,321.18
2,7,0,2446.39,2559.98,774.922,1182.79
2,8,0,2426.98,2554.32,546.018,883.144
2,9,3,1743.75,2555,1446.15,1920
3,1,5,426.875,1485,719.12,1910.37
3,2,3,1458.2,1808.74,42.4618,264.33
3,3,0,2194.99,2416.55,982.044,1420.64
3,4,3,782.527,1214.39,209.905,477.522
3,5,1,42.1875,695,200.782,700.489
3,6,3,618.856,974.397,113.594,338.407
3,7,0,2438.53,2560,750.466,1147.43
3,8,0,2428.62,2555.1,537.584,855.893
3,9,3,1737.5,2551.25,1399.68,1920
4,1,5,425.938,1485,722.419,1907.58
4,2,3,1416.6,1779.78,47.8308,273.689
4,3,0,2199.53,2413.61,955.941,1377.63
4,4,3,745.904,1181.47,216.587,490.19
4,5,1,29.0625,665,193.543,723.526
4,6,3,577.816,919.987,125.65,361.195
4,7,0,2428.27,2557.36,718.323,1117.43
4,8,0,2422.48,2558.43,521.72,844.056
4,9,3,1735,2532.5,1361.09,1916.06
5,1,5,430.312,1486.25,715.933,1903.12
5,2,3,1375.65,1740.24,48.3254,280.756
5,3,0,2209.98,2417.73,930.682,1347.31
5,4,3,716.82,1154.84,223.059,504.419
5,5,1,19.2188,623.125,206.77,729.668
5,6,3,527.733,880.766,128.835,379.532
5,7,0,2426.11,2558.98,685.595,1077.22
5,8,0,2420.64,2559.64,499.615,801.425
5,9,3,1725,2516.25,1302.3,1920
6,1,5,431.25,1483.75,719.835,1903.84
6,2,3,1332.15,1698.62,63.3594,288.942
6,3,0,2207.66,2428,909.983,1349.28
6,4,3,685.734,1124.61,234.92,512.696
6,5,1,12.3438,612.5,205.499,750.207
6,6,3,480.388,818.903,147.808,392.593
6,7,0,2422.41,2555.8,659.696,1050.89
6,8,0,2416.45,2560,486.214,797.377
6,9,3,1717.5,2493.75,1270.5,1920
7,1,5,432.812,1486.25,711.458,1904.6
7,2,3,1292.67,1656.29,73.2426,302.994
7,3,0,2211.56,2426.03,887.457,1368.16
7,4,3,650.157,1092.46,239.214,527.774
7,5,1,0,566.386,191.184,785.634
7,6,3,422.781,780.062,158.21,410.012
7,7,0,2420.53,2557.55,645.28,1021.81
7,8,0,2446.25,2559.9,470.841,753.389
7,9,3,1695,2460,1228.36,1920
8,1,5,433.75,1487.5,710.977,1894.11
8,2,3,1254.39,1628.18,81.3263,309.123
8,3,0,2229.7,2437.33,865.632,1324.32
8,4,3,619.487,1064.97,246.748,533.552
8,5,1,0,529.647,144.76,813.607
8,6,3,385.86,725.949,172.537,428.522
8,7,0,2413.04,2558.83,616.253,988.575
8,8,0,2449.9,2559.33,450,748.846
8,9,3,1690,2430,1173.91,1900.26
9,1,5,436.562,1488.75,710.447,1897.2
9,2,3,1220.33,1589.22,84.6832,315.165
9,3,0,2231.21,2441.2,842.869,1296.11
9,4,3,586.801,1033.65,257.613,540.626
9,5,1,3.53264,514.196,137.017,847.091
9,6,3,377.625,673.996,178.475,446.812
9,7,0,2408.81,2554.92,592.022,952.757
9,8,0,2456.3,2560,440.15,784.008
9,9,3,1673.75,2411.25,1151.73,1835.9
10,1,5,439.688,1485,710.252,1901.79
10,2,3,1181.12,1548.58,94.4736,323.441
10,3,0,2253.52,2448.55,827.564,1267.07
10,4,3,544.842,1004.47,267.226,555.61
10,5,1,0,479.391,243.532,849.078
10,6,3,327.251,624.274,191.564,465.729
10,7,0,2403.37,2557.39,578.211,923.732
10,8,0,2446.78,2560,425.913,707.163
10,9,3,1661.25,2373.75,1114.86,1767.39
11,1,5,442.5,1482.5,705.288,1899.89
11,2,3,1136.58,1521.58,105.226,341.404
11,3,0,2254.67,2452.3,805.773,1239.58
11,4,3,511.318,974.38,275.324,569.181
11,5,1,0,445.271,218.897,864.639
11,6,3,300.824,574.254,206.736,470.527
11,7,0,2405.61,2557.76,554.287,892.876
11,8,0,2447.97,2560,406.496,731.559
11,9,3,1650,2338.75,1083.28,1710.81
12,1,5,450,1480,699.846,1900.29
12,2,3,1100.24,1482.05,105.362,347.281
12,3,0,2282.2,2466.94,787.373,1227.09
12,4,3,473.753,944.079,285.89,579.71
12,5,1,8.6986,357.835,228.832,899.232
12,6,3,155.322,509.477,227.411,463.574
12,7,0,2404.62,2556.88,520.753,881.311
12,8,0,2460.11,2560,390.835,728.97
12,9,3,1638.75,2315,1046.73,1664
12,21,0,2498.31,2558.11,691.347,1129.35
13,1,5,451.875,1477.5,692.249,1904.62
13,2,3,1064.59,1449.59,113.36,358.924
13,3,0,2282.29,2466.7,773.124,1201.93
13,4,3,440.822,913.594,294.773,599.888
13,5,1,0,457.024,232.949,907.536
13,6,3,155.322,509.477,227.411,463.574
13,7,0,2408.1,2555.72,505.683,861.867
13,8,0,2464.3,2560,373.738,727.722
13,9,3,1613.75,2286.25,1012.93,1600.36
13,21,0,2489.42,2558.05,666.201,1080.49
14,1,5,447.5,1478.75,696.91,1906.63
14,2,3,1022.59,1412.74,124.494,366.723
14,3,0,2292.53,2481.32,750.632,1188
14,4,3,412.002,880.266,308.396,610.325
14,5,1,0,442.681,259.456,991.266
14,7,0,2412.08,2556.98,496.476,817.672
14,8,0,2473.08,2560,359.279,719.442
14,9,3,1597.5,2268.75,980.53,1582.47
14,21,0,2481.33,2558.26,655.059,1054.8
15,1,5,457.812,1472.5,693.648,1903.51
15,2,3,986.656,1380.59,132.522,379.966
15,3,0,2308.67,2483.84,729.732,1156.39
15,4,3,399.625,843.158,316.97,620.006
15,5,1,0,346.96,290.173,1090.19
15,7,0,2419.81,2557.27,484.342,807.505
15,8,0,2498.63,2559.83,339.663,649.76
15,9,3,1578.75,2236.25,963.68,1527.46
15,21,0,2471.54,2557.7,620.912,1023.29
16,1,5,458.125,1470,692.012,1904.24
16,2,3,947.629,1345.23,143.324,389.638
16,3,0,2314.88,2491.37,721.308,1129.77
16,4,3,355.961,812.847,323.583,643.575
16,5,1,0,346.96,290.173,1090.19
16,7,0,2430.75,2558.71,459.939,798.239
16,8,0,2498.63,2559.83,339.663,649.76
16,9,3,1570,2215,925.728,1488.41
16,21,0,2460.08,2557.96,595.333,981.189
17,1,5,463.438,1475,687.68,1906.44
17,2,3,917.807,1308.77,150.209,403.8
17,3,0,2325.99,2492.64,705.458,1107.3
17,4,3,325.775,781.936,339.983,652.753
17,7,0,2442.21,2557.79,457.933,744.375
17,9,3,1558.75,2190,896.476,1446.06
17,21,0,2458.11,2559.54,571.81,958.704
18,1,5,464.062,1472.5,683.517,1907.19
18,2,3,874.853,1270.91,158.559,413.049
18,3,0,2341.49,2491.9,690.146,1093.16
18,4,3,259.702,749.331,346.506,670.824
18,7,0,2442.21,2557.79,457.933,744.375
18,9,3,1545,2177.5,868.503,1415.64
18,21,0,2444.69,2558.23,504.39,924.282
18,27,0,1339.47,1462.07,51.274,256.226
19,1,5,465.625,1472.5,677.439,1910.11
19,2,3,842.552,1235.33,166.832,429.297
19,3,0,2338.67,2497.04,677.478,1068.14
19,4,3,215.958,704.871,360.287,685.795
19,9,3,1541.25,2150,851.781,1367.33
19,21,0,2431.94,2557.74,492.131,900.797
19,27,0,1275.62,1405.91,62.8846,270.577
20,1,5,467.812,1475,676.829,1907.25
20,2,3,802.623,1200.57,176.983,442.29
20,3,0,2349.09,2507.99,669.77,1057.37
20,4,3,166.373,678.561,368.677,703.821
20,9,3,1528.75,2132.5,820.999,1343.2
20,21,0,2427.7,2558.19,499.69,862.833
20,27,0,1216.44,1335.87,71.6106,282.043
21,1,5,468.438,1475,673.664,1900.03
21,2,3,764.321,1165.04,185.271,455.381
21,3,0,2357.28,2521.11,650.633,1043.88
21,4,3,129.939,642.127,372.356,715.951
21,9,3,1535,2112.5,783.239,1298.91
21,21,0,2429.51,2558.92,456.863,824.702
21,27,0,1165.1,1277.98,77.0914,288.389
22,1,5,468.75,1472.5,675.154,1909.03
22,2,3,725.012,1133.04,199.213,461.741
22,3,0,2359.03,2529.39,635.995,1018.17
22,4,3,94.5493,599.105,375.332,736.12
22,9,3,1535.15,2094.91,760.359,1250.95
22,21,0,2423.06,2555.61,457.049,780.725
22,27,0,1105.77,1221.92,87.1154,309.808
23,1,5,466.25,1476.25,670.415,1907.61
23,2,3,681.67,1097.39,208.319,481.622
23,3,0,2369.27,2534.87,623.354,1008.83
23,4,3,55.0868,563.786,392.576,766.639
23,9,3,1540.17,2075.86,730.648,1222.92
23,7,0,2510.31,2560,364.615,688.269
23,27,0,1043.27,1170.58,95.8413,311.755
24,1,5,465.312,1473.75,662.959,1907.27
24,2,3,637.158,1060.51,221.805,492.948
24,3,0,2370.74,2534.41,600.775,990.346
24,4,3,13.2209,522.23,421.307,773.824
24,9,3,1533.51,2066.6,709.883,1182.26
24,7,0,2510.31,2560,364.615,688.269
24,27,0,986.49,1105.82,100.24,326.394
25,1,5,465.625,1477.5,661.29,1905
25,2,3,598.056,1024.88,227.91,501.313
25,3,0,2370.17,2539.12,587.367,983.073
25,4,3,0.824013,492.369,436.774,796.683
25,9,3,1532.48,2061.55,677.849,1143.7
25,27,0,926.49,1062.74,116.755,337.284
26,1,5,468.438,1468.75,654.668,1909.81
26,2,3,549.103,979.252,237.144,521.022
26,3,0,2371.73,2536.68,580.166,961.154
26,4,3,0,456.013,456.889,818.383
26,9,3,1529.67,2052.32,654.563,1093.9
26,27,0,871.394,1011.68,129.303,330.793
27,1,5,471.875,1465,658.304,1913.91
27,2,3,507.652,936.805,252.888,535.521
27,3,0,2372.32,2538.37,566.192,942.512
27,4,3,1.02758,421.443,471.421,833.71
27,9,3,1534.5,2051.18,624.812,1074.57
27,27,0,799.663,946.49,140.048,322.356
27,21,0,2386.07,2551.83,368.915,648.01
28,1,5,468.75,1472.5,661.121,1908.47
28,2,3,459.607,895.198,267.417,552.441
28,3,0,2376.79,2533.69,562.042,930.611
28,4,3,3.62429,346.666,488.034,852.687
28,9,3,1547.21,2040.47,596.195,1047.05
28,27,0,744.279,898.798,158.077,319.327
28,21,0,2390.17,2547.92,352.508,622.686
29,1,5,473.125,1472.5,658.221,1903.29
29,2,3,412.934,856.02,280.768,572.694
29,3,0,2376.09,2540.17,550.943,918.422
29,4,3,0.706396,320.144,503.703,883.74
29,9,3,1543.11,2043.65,577.47,1013.6
29,27,0,682.548,845.144,164.567,314.856
29,21,0,2394.98,2544.77,331.489,611.539
30,1,5,473.125,1470,654.394,1908.92
30,2,3,398.683,812.302,295.543,582.767
30,3,0,2395.4,2547.4,536.629,905.31
30,4,3,0,308.946,523.424,894.069
30,9,3,1560.57,2043.7,554.241,982.564
30,27,0,626.539,778.846,178.918,319.255
30,21,0,2411.97,2532.64,318.678,586.514
30,39,0,4.85577,132.837,279.087,523.99
31,1,5,474.062,1475,648.224,1907.97
31,2,3,381.859,774.543,302.011,604.714
31,3,0,2411.75,2551.07,532.296,887.394
31,4,3,0,272.187,541.675,918.846
31,9,3,1575.54,2045.64,532.322,963.794
31,27,0,626.539,778.846,178.918,319.255
31,21,0,2421.49,2535.43,299.784,563.293
31,39,0,4.85577,132.837,279.087,523.99
32,1,5,472.5,1472.5,653.059,1910.2
32,2,3,333.576,720.55,316.146,620.294
32,3,0,2416.68,2554.94,523.583,876.877
32,4,3,0,230.123,552.287,956.883
32,9,3,1584.73,2047.32,517.389,915.479
32,21,0,2432.36,2543.03,282.332,553.63
33,1,5,470.938,1472.5,649.824,1911.88
33,2,3,227.298,684.546,326.05,648.08
33,3,0,2418.14,2557.83,513.147,862.218
33,4,3,0,192.742,575.948,983.817
33,9,3,1600.12,2055.92,490.293,874.631
33,21,0,2436.25,2545.29,266.466,532.572
33,40,3,1948.75,2556.25,1455.7,1920
34,1,5,473.438,1472.5,656.744,1905.47
34,2,3,178.12,644.757,339.664,660.713
34,3,0,2433.52,2559.69,500.387,855.085
34,4,3,0,159.585,587.957,1007.34
34,9,3,1611.43,2061.89,472.328,832.94
34,21,0,2449.57,2553.51,245.481,516.635
34,40,3,1950,2550,1389.06,1917.22
35,1,5,474.688,1470,654.311,1909.76
35,2,3,131.573,594.833,366.743,679.208
35,3,0,2447.16,2558.94,493.752,842.227
35,4,3,0,159.585,587.957,1007.34
35,9,3,1636.05,2074.04,444.425,818.67
35,21,0,2456.63,2555.67,235.673,494.135
35,40,3,1936.42,2560,1307.42,1920
36,1,5,472.188,1473.75,661.44,1908.03
36,2,3,82.3264,550.333,362.669,696.751
36,3,0,2461.66,2558.07,477.739,829.645
36,4,3,0,89.7086,639.272,1067.39
36,9,3,1654.4,2093.28,423.646,795.796
36,21,0,2480.43,2559.57,216.995,478.774
36,40,3,1932.98,2558.12,1239.88,1907.83
37,1,5,472.188,1473.75,655.436,1912.88
37,2,3,36.8517,509.393,372.074,722.446
37,3,0,2476.15,2557.17,446.235,820.357
37,4,3,0,89.7086,639.272,1067.39
37,9,3,1671.3,2104.37,405.814,758.33
37,21,0,2494.21,2560,203.582,452.957
37,40,3,1923.97,2559.89,1172.65,1845.02
38,1,5,470.938,1475,652.515,1911.49
38,2,3,0,470.384,390.311,745.94
38,3,0,2480.92,2557.48,444.94,815.426
38,9,3,1702.14,2122.06,381.306,729.886
38,21,0,2516.31,2560,179.928,434.495
38,40,3,1923.45,2549.21,1106.9,1740.42
39,1,5,471.25,1476.25,654.061,1904.31
39,2,3,0,436.701,403.767,762.097
39,3,0,2491.37,2557.76,429.62,811.167
39,9,3,1726,2143.96,362.237,704.826
39,21,0,2516.31,2560,179.928,434.495
39,40,3,1911.25,2551.25,1053.57,1652.58
40,1,5,472.188,1475,653.913,1905.84
40,2,3,2.81618,373.786,439.061,776.175
40,3,0,2500.92,2560,425.062,807.332
40,9,3,1749.77,2168.58,338.192,680.197
40,40,3,1895,2540,997.102,1553.88
41,1,5,472.812,1472.5,646.075,1907.82
41,2,3,0,329.147,452.644,804.238
41,3,0,2518.75,2558.17,437.596,780.865
41,9,3,1785.57,2191.66,319.207,647.307
41,40,3,1883.75,2512.5,949.05,1501.05
41,42,3,1772.5,2547.5,1581.94,1917.92
42,1,5,473.438,1472.5,646.932,1907.76
42,2,3,0,291.92,473.429,824.166
42,3,0,2524.27,2558.81,430.962,771.346
42,9,3,1813.35,2221.28,304.87,618.75
42,40,3,1862.5,2503.75,908.506,1420.14
42,42,3,1761.25,2527.5,1496.57,1920
43,1,5,473.125,1475,647.627,1910.45
43,2,3,0,241.565,486.041,855.015
43,3,0,2529,2560,429.808,773.654
43,9,3,1846.18,2243.39,278.754,600.077
43,40,3,1857.5,2453.75,855.689,1380.51
43,42,3,1745,2482.5,1412.18,1920
44,1,5,472.5,1475,647.164,1917.72
44,2,3,0,206.133,505.508,889.274
44,3,0,2529,2560,429.808,773.654
44,9,3,1885.88,2274.94,263.047,580.665
44,40,3,1857.97,2431.64,817.255,1344.04
44,42,3,1740,2430,1342.93,1919.21
45,1,5,472.188,1473.75,647.392,1916.71
45,2,3,0.315819,153.808,533.917,906.648
45,9,3,1923.71,2303.85,250.599,551.021
45,40,3,1827.5,2425,769.608,1279.02
45,42,3,1725,2393.75,1265.99,1870.29
46,1,5,475.312,1472.5,648.15,1920
46,2,3,0,115.027,542.197,982.455
46,9,3,1956.78,2326.94,233.538,529.301
46,40,3,1836.17,2387.79,737.031,1216.26
46,42,3,1723.75,2367.5,1195.21,1780.49
47,1,5,474.062,1471.25,649.686,1912.05
47,2,3,0.528851,76.1247,571.327,1000.5
47,9,3,1994.1,2367.07,210.54,502.038
47,40,3,1830.8,2368.59,702.415,1169.17
47,42,3,1720,2327.5,1154.4,1672.93
48,1,5,473.438,1472.5,648.445,1904.66
48,2,3,0.528851,76.1247,571.327,1000.5
48,9,3,2033.35,2407.23,198.893,487.171
48,40,3,1814.29,2353.13,661.25,1124.6
48,42,3,1713.75,2311.25,1079.82,1619.51
49,1,5,473.75,1473.75,649.299,1902.91
49,9,3,2072.55,2427.31,176.844,467.383
49,40,3,1816.39,2333.33,624.683,1079.52
49,42,3,1715.66,2288.2,1025.59,1539.1
50,1,5,471.25,1476.25,649.879,1910.55
50,9,3,2111.31,2473.69,155.255,451.633
50,40,3,1800.54,2323.31,598.483,1014.64
50,42,3,1713.49,2266.73,978.422,1464.01
51,1,5,472.812,1473.75,650.487,1911.31
51,9,3,2143.87,2519.58,131.806,430.728
51,40,3,1803.45,2299.22,567.414,971.084
51,42,3,1712.09,2256.22,927.421,1403.04
52,1,5,473.125,1472.5,648.742,1912.8
52,9,3,2178.76,2541.13,124.214,402.805
52,40,3,1788.49,2291.73,538.321,974.666
52,42,3,1710.2,2244.46,878.585,1352.7
52,44,0,2356.02,2553.94,1312.93,1874.38
53,1,5,475.312,1470,644.63,1914.26
53,9,3,2228.65,2553.17,115.965,385.746
53,40,3,1800.39,2277.28,514.477,900.414
53,42,3,1725.67,2223.89,831.998,1284.95
53,44,0,2334.09,2556.27,1239.16,1772.82
54,1,5,471.875,1472.5,643.876,1910.25
54,9,3,2270.63,2558.87,104.984,366.083
54,40,3,1810.68,2266.43,485.105,879.423
54,42,3,1706.26,2212.58,784.075,1233.83
54,44,0,2312.39,2549.73,1169.37,1699.39
55,1,5,472.5,1470,647.018,1905.69
55,9,3,2305.52,2554.98,88.8388,369.163
55,40,3,1813.18,2262.43,462.604,845.444
55,42,3,1716.36,2196.67,740.131,1167.1
55,44,0,2294.17,2537.29,1113.09,1615.14
56,1,5,472.812,1467.5,645.11,1905.17
56,9,3,2349.87,2558.48,71.1763,336.128
56,40,3,1827.92,2261.1,436.91,810.061
56,42,3,1723.85,2193.38,717.514,1119.22
56,44,0,2279.1,2517.02,1055.75,1551.48
57,1,5,471.875,1467.5,648.413,1902.33
57,9,3,2392.39,2560,62.2845,322.175
57,40,3,1837.09,2262.25,414.244,783.498
57,42,3,1736.43,2191.67,673.799,1080.04
57,44,0,2270.08,2497.22,1005.62,1479.22
58,1,5,471.875,1470,649.24,1901.17
58,9,3,2434.71,2560,47.4519,307.644
58,40,3,1854.21,2271,391.601,739.245
58,42,3,1736.83,2189.78,643.989,1029.74
58,44,0,2257.52,2485.57,946.382,1425.33
59,1,5,471.875,1470,645.475,1911.08
59,9,3,2480.17,2559.83,25.6731,297.692
59,40,3,1869.48,2285.32,368.113,709.201
59,42,3,1743.65,2185.13,616.926,985.549
59,44,0,2244.51,2461.78,909.533,1355.53
60,1,5,470.312,1471.25,644.775,1913.63
60,9,3,2531.86,2560,36.4904,286.875
60,40,3,1893.6,2290.62,343.081,673.19
60,42,3,1753.55,2172.02,580.067,940.415
60,44,0,2235.9,2450.35,856.39,1300.32
61,1,5,469.062,1473.75,648.348,1906.87
61,9,3,2531.86,2560,36.4904,286.875
61,40,3,1912.85,2304.81,321.219,640.587
61,42,3,1774.61,2182.73,554.965,894.474
61,44,0,2232.98,2433.48,823.236,1250.37
62,1,5,469.688,1472.5,648.387,1906.6
62,40,3,1939.31,2330.08,305.001,617.618
62,42,3,1786.67,2198.3,525.889,856.401
62,44,0,2219.74,2422.92,780.565,1195.01
63,1,5,468.75,1472.5,646.612,1906.36
63,40,3,1962.1,2353.63,278.284,582.544
63,42,3,1798.66,2203.21,489.892,821.536
63,44,0,2211.82,2417.3,736.384,1153.06
64,1,5,467.5,1475,647.413,1901.79
64,40,3,1991.68,2372.01,257.202,551.741
64,42,3,1819.41,2208.14,462.858,799.889
64,44,0,2217.6,2410.97,703.921,1101.13
65,1,5,470.938,1473.75,649.388,1898.27
65,40,3,2039.71,2403.77,238.512,534.132
65,42,3,1834.76,2214.71,435.143,764.046
65,44,0,2207.43,2395.9,673.866,1060.12
66,1,5,475,1470,648.364,1908.42
66,40,3,2073.19,2437.69,222.67,505.407
66,42,3,1855.24,2219.92,409.745,727.829
66,44,0,2204.96,2388.12,647.225,1017.39
67,1,5,474.062,1468.75,646.755,1908.2
67,40,3,2116.41,2481.09,203.877,490.996
67,42,3,1873.23,2229.55,387.43,702.346
67,44,0,2205.69,2378.86,606.867,981.149
68,1,5,473.125,1470,648.133,1912.97
68,40,3,2149,2523.52,191.683,472.151
68,42,3,1889.75,2237.99,361.27,665.493
68,44,0,2211.16,2380.89,578.539,944.24
69,1,5,472.5,1471.25,645.278,1912.74
69,40,3,2191.49,2553.6,177.308,458.84
69,42,3,1909.51,2265.49,336.724,647.401
69,44,0,2210.32,2377.83,554.422,910.802
69,68,0,1179.81,1300.19,5.12019,180.072
70,1,5,472.188,1470,645.853,1911.61
70,40,3,2241.35,2552.17,149.803,429.58
70,42,3,1936.68,2271.34,320.64,616.728
70,44,0,2213.95,2369.71,528.172,871.338
70,68,0,1121.49,1232.36,0,194.712
71,1,5,473.125,1472.5,648.632,1911
71,40,3,2287.22,2557.79,144.303,406.104
71,42,3,1961.74,2302.41,308.649,590.835
71,44,0,2217.52,2372.22,507.89,839.282
71,68,0,1057.64,1180.82,4.18269,200.192
72,1,5,471.875,1472.5,647.423,1902.72
72,40,3,2332.13,2558.44,120.542,384.848
72,42,3,1989.48,2331.32,285.499,565.147
72,44,0,2218.81,2372,491.174,798.449
72,68,0,997.933,1115.91,17.1635,213.894
73,1,5,476.25,1467.5,645.849,1908.21
73,40,3,2378.47,2560,102.029,372.273
73,42,3,2016.86,2353.97,267.248,538.126
73,44,0,2220.95,2368.56,461.184,769.963
73,68,0,937.308,1056.54,3.75,228.173
74,1,5,477.5,1467.5,645.157,1911.07
74,40,3,2431.44,2560,89.2789,363.029
74,42,3,2047.36,2383.74,248.195,516.318
74,44,0,2225.88,2371.95,424.295,744.357
74,68,0,873.317,992.837,23.5096,241.01
74,74,3,2153.65,2437.12,0.0721157,63.6058
75,1,5,474.688,1468.75,644.042,1909.03
75,40,3,2487.98,2560,58.4856,345.361
75,42,3,2087.56,2420.26,234.464,492.001
75,44,0,2233.59,2391.72,395.763,715.2
75,68,0,819.423,932.885,26.0336,254.639
75,74,3,2072.88,2416.35,0,79.0745
76,1,5,474.375,1470,643.724,1912.73
76,40,3,2487.98,2560,58.4856,345.361
76,42,3,2125.29,2457.83,218.414,474.791
76,44,0,2254.39,2384.12,365.844,688.573
76,68,0,762.644,874.279,39.9519,277.356
76,74,3,2013.27,2352.88,0.288463,82.2115
77,1,5,476.25,1468.75,650.875,1910.16
77,42,3,2169.99,2502.69,204.378,448.098
77,44,0,2257.47,2401.1,380.837,664.396
77,68,0,709.279,819.952,57.6923,287.019
77,74,3,1959.13,2302.4,0,88.2692
78,1,5,477.188,1467.5,653.713,1901.37
78,42,3,2209.71,2551.13,187.256,430.263
78,44,0,2268.77,2413.39,357.274,634.806
78,68,0,653.51,770.337,84.9519,298.99
78,74,3,1901.15,2249.62,0.46875,91.7668
79,1,5,477.812,1466.25,651.84,1906.98
79,42,3,2259.31,2553.88,162.552,413.526
79,44,0,2291.06,2410.48,336.202,613.99
79,68,0,595.625,712.067,90.5048,321.418
79,74,3,1819.81,2195.58,0.540866,97.4639
80,1,5,478.75,1465,650.056,1903.97
80,42,3,2304.75,2559.8,157.031,394.301
80,44,0,2297.23,2444.27,319.238,586.855
80,68,0,546.298,662.163,87.7644,341.178
80,74,3,1756.73,2114.04,0.865384,100.096
80,79,0,952.067,1066.39,82.1394,279.88
81,1,5,478.125,1467.5,651.176,1902.95
81,42,3,2354.43,2560,141.345,376.194
81,44,0,2331.97,2443.41,289.904,574.904
81,68,0,495.385,608.462,126.202,351.49
81,74,3,1666.73,2059.42,1.47837,107.488
81,79,0,899.471,1005.14,86.4664,291.418
82,1,5,477.188,1467.5,650.941,1907.46
82,42,3,2401.08,2560,113.459,374.112
82,44,0,2353.32,2480.53,280.385,545.192
82,68,0,430.962,549.808,128.149,367.428
82,74,3,1596.54,1991.15,1.58654,114.663
82,79,0,837.452,950.24,93.0288,311.394
83,1,5,478.438,1466.25,646.562,1914.95
83,42,3,2448.12,2560,108.173,357.404
83,44,0,2384.09,2495.91,254.856,528.606
83,68,0,382.212,497.788,150.144,384.952
83,74,3,1532.69,1935,1.875,119.423
83,79,0,775.625,893.606,106.587,324.375
84,1,5,477.812,1468.75,649.792,1909.39
84,42,3,2501.39,2560,88.4856,328.63
84,44,0,2415.87,2525.67,245.841,513.389
84,68,0,382.212,497.788,150.144,384.952
84,74,3,1457.5,1850.19,2.56009,124.94
84,79,0,728.365,839.327,113.798,339.375
85,1,5,476.25,1468.75,650.767,1909.44
85,42,3,2501.39,2560,88.4856,328.63
85,44,0,2442.79,2544.9,226.587,486.49
85,74,3,1381.73,1793.65,3.46154,130.962
85,79,0,667.596,790.865,124.327,355.096
85,80,3,2313.08,2542.31,0,58.0168
86,1,5,477.188,1467.5,650.35,1909.79
86,44,0,2481.39,2558.61,208.558,481.442
86,74,3,1293.46,1720.38,3.20914,132.945
86,79,0,612.596,732.019,134.423,373.269
86,80,3,2230.19,2539.04,0,60.9195
87,1,5,475.312,1471.25,648.509,1904.27
87,44,0,2514.47,2559.38,148.269,467.308
87,68,0,158.75,291.635,192.476,453.678
87,74,3,1236.54,1646.54,1.875,135.865
87,79,0,555.529,677.548,145.024,386.322
87,80,3,2194.23,2507.31,0,69.1767
88,1,5,472.5,1472.5,649.93,1904
88,44,0,2514.47,2559.38,148.269,467.308
88,68,0,100.481,230.288,219.159,481.226
88,74,3,1157.74,1562.89,0,158.148
88,79,0,497.933,623.606,159.375,402.837
88,80,3,2134.13,2453.56,0.216343,87.1875
89,1,5,475.625,1467.5,655.716,1903.53
89,68,0,28.674,181.382,226.817,500.38
89,74,3,1082.29,1495.51,0,161.647
89,79,0,435.817,570.337,171.635,406.731
89,80,3,2086.54,2408.85,0,92.7043
90,1,5,474.688,1470,651.894,1905.51
90,68,0,2.40385,114.135,236.683,532.356
90,74,3,1001.67,1411.84,0,166.307
90,79,0,385.192,513.269,184.183,443.51
90,80,3,2038.65,2330.58,1.1899,94.7236
90,83,0,2102.13,2379.47,1343.47,1916.89
91,1,5,475.938,1468.75,650.503,1908.87
91,68,0,1.3101,48.3534,263.798,565.24
91,74,3,930.294,1339.12,0,168.392
91,79,0,356.01,452.452,208.486,469.399
91,80,3,1991.92,2309.62,1.55048,103.45
91,83,0,2085.74,2337.63,1263.11,1827.04
92,1,5,474.375,1470,649.136,1911.96
92,68,0,1.3101,48.3534,263.798,565.24
92,74,3,848.685,1260.47,1.40271,177.925
92,79,0,356.01,452.452,208.486,469.399
92,80,3,1943.27,2278.27,0,115.601
92,83,0,2062.73,2310.83,1181.17,1725.88
93,1,5,473.438,1470,649.157,1911.37
93,84,0,2508.39,2559.3,176.683,469.471
93,74,3,771.806,1182.83,3.78879,187.657
93,80,3,1888.27,2234.81,0,122.668
93,83,0,2058.39,2287.76,1107.59,1642.81
94,1,5,475.938,1468.75,651.518,1909.42
94,84,0,2459.28,2556.11,176.394,474.375
94,74,3,694.435,1112.5,2.03751,195.248
94,79,0,161.538,281.923,243.894,514.183
94,80,3,1840,2206.15,2.34375,129.411
94,83,0,2039.49,2269.95,1047.04,1551.67
95,1,5,475.312,1470,650.385,1909.21
95,84,0,2409.33,2560,215.218,480.624
95,74,3,606.9,1041.32,2.66072,202.248
95,79,0,98.7981,228.702,262.212,534.519
95,80,3,1764.42,2143.27,1.1899,135.108
95,83,0,2036.37,2257.36,986.919,1469.86
96,1,5,474.688,1470,651.841,1905.3
96,84,0,2359.14,2551.52,223.729,483.556
96,74,3,534.821,959.362,3.33814,208.733
96,79,0,42.9808,168.558,278.942,553.558
96,80,3,1712.5,2099.81,4.6875,147.764
96,83,0,2034.61,2245.19,934.097,1394.02
97,1,5,475.312,1471.25,652.673,1903.69
97,84,0,2301.57,2512.98,224.963,487.405
97,74,3,447.055,879.758,7.46654,210.518
97,79,0,0,116.25,293.149,575.697
97,80,3,1667.08,2033.02,0,168.985
97,83,0,2041.92,2241.08,879.373,1325.15
97,86,3,1863.75,2560,1559.56,1918.17
98,1,5,475.312,1471.25,652.965,1908.26
98,84,0,2243.09,2452.72,225.563,493.9
98,74,3,396.201,797.953,10.5641,216.965
98,79,0,1.80289,55.9856,321.202,602.452
98,80,3,1614.55,1988.34,3.65956,173.171
98,83,0,2044.2,2240.73,831.508,1268.23
98,86,3,1855,2550,1457.76,1920
99,1,5,473.438,1472.5,650.812,1913.95
99,84,0,2177.31,2391.66,232.693,496.097
99,74,3,360.505,721.116,17.0494,227.675
99,79,0,1.80289,55.9856,321.202,602.452
99,80,3,1561.26,1933.87,0,181.955
99,83,0,2040.89,2242.87,784.002,1211.55
99,86,3,1843.75,2550,1374.12,1918.99
100,1,5,472.188,1473.75,652.317,1908.69
100,84,0,2115.42,2334.57,233.081,512.516
100,74,3,199.416,637.326,21.3279,235.793
100,80,3,1508.49,1882.83,4.40324,196.016
100,83,0,2050.55,2242.93,734.922,1154.97
100,86,3,1833.75,2513.75,1291.63,1904.1
101,1,5,473.75,1472.5,651.723,1908.71
101,84,0,2039.12,2263.2,237.395,510.357
101,74,3,59.5892,553.239,13.0993,242.067
101,80,3,1451.89,1831.1,6.89457,203.339
101,83,0,2064.79,2246.36,700.887,1095.92
101,86,3,1820,2461.25,1199.65,1796.18
102,1,5,472.188,1475,651.909,1907.21
102,84,0,1969.51,2199.92,240.655,518.051
102,74,3,7.05271,470.511,27.0299,247.118
102,80,3,1404.51,1776.3,5.10076,213.298
102,83,0,2066.69,2254.94,663.06,1054.18
102,86,3,1798.75,2430,1139.29,1672.13
103,1,5,474.688,1471.25,652.71,1908.01
103,84,0,1893.43,2121.15,246.615,525.165
103,74,3,13.7923,337.516,29.9434,254.537
103,80,3,1350.34,1725.04,5.55136,222.174
103,83,0,2084.91,2262.36,627.155,1009.96
103,86,3,1795,2400,1066.14,1584.19
104,1,5,473.438,1471.25,652.214,1904.6
104,84,0,1815.71,2052.71,249.573,533.686
104,74,3,0,313.958,44.7325,265.682
104,80,3,1299.36,1672.61,3.27057,238.556
104,83,0,2100.11,2272.1,595.388,970.86
104,86,3,1782.5,2365,1015.61,1502.88
105,1,5,473.75,1472.5,653.704,1906.25
105,84,0,1741.45,1972.22,259.496,540.917
105,74,3,0.384617,223.269,61.7308,254.135
105,80,3,1246.48,1628.01,7.67425,245.298
105,83,0,2117.37,2282.2,565.017,925.62
105,86,3,1776.02,2331.02,956.651,1438.7
106,1,5,475.312,1471.25,648.786,1913.77
106,84,0,1661.41,1892.1,262.274,548.336
106,74,3,0.384617,223.269,61.7308,254.135
106,80,3,1192.51,1572.74,6.78503,265.22
106,83,0,2131.34,2296.46,537.195,886.852
106,86,3,1782.97,2307.28,907.195,1365.04
107,1,5,473.75,1471.25,649.494,1908.78
107,84,0,1572.41,1814.11,273.566,558.93
107,80,3,1146.31,1526.73,22.1906,278.414
107,83,0,2150.61,2304.89,511.13,846.921
107,86,3,1777.12,2287.91,849.295,1303.57
108,1,5,472.812,1472.5,649.907,1908.27
108,84,0,1493.06,1722.7,279.581,571.927
108,80,3,1092.63,1478.38,23.2572,286.741
108,83,0,2165.59,2320.71,484.136,814.68
108,86,3,1774.36,2271.37,798.434,1234.35
109,1,5,476.25,1468.75,653.91,1907.06
109,84,0,1405.33,1641.03,285.704,578.014
109,80,3,1049.93,1432.21,34.3787,304.325
109,83,0,2185.62,2334.9,459.971,781.953
109,86,3,1774.55,2261.44,754.429,1155.94
110,1,5,476.25,1467.5,653.957,1904.51
110,84,0,1314.58,1549.7,287.158,590.52
110,80,3,996.443,1385.31,45.0834,315.466
110,83,0,2209.81,2351.04,438.133,753.695
110,86,3,1771.21,2255.96,715.382,1103.68
111,1,5,474.062,1468.75,653.608,1903.86
111,84,0,1225.45,1466.06,303.312,602.883
111,80,3,951.256,1341.41,54.8284,328.532
111,83,0,2230.14,2376.86,413.605,721.706
111,86,3,1788.18,2246.77,676.446,1055.01
112,1,5,475.312,1470,652.821,1907.35
112,84,0,1131.85,1371.14,303.536,611.825
112,80,3,905.693,1303.69,66.3706,346.291
112,83,0,2253.05,2400.45,384.802,688.312
112,86,3,1794,2238.76,637.247,1019.25
113,1,5,471.562,1472.5,656.54,1902.22
113,84,0,1038.04,1283.63,312.94,626.888
113,80,3,856.537,1261.64,79.3167,369.431
113,83,0,2270.72,2416.25,367.979,657.202
113,86,3,1794.49,2235.89,606.876,953.165
114,1,5,474.688,1470,653.675,1909.74
114,84,0,938.935,1186.73,324.695,644.133
114,80,3,814.611,1215.19,92.0537,367.03
114,83,0,2302.72,2444.44,351.911,634.709
114,86,3,1806.83,2235.82,566.368,923.214
115,1,5,473.438,1472.5,654.972,1908.13
115,84,0,839.517,1092.27,342.962,654.58
115,80,3,771.942,1176.89,95.2054,398.094
115,83,0,2324.68,2470.5,328.56,605.686
115,86,3,1817.81,2241.34,542.652,874.945
116,1,5,472.812,1473.75,661.517,1907.65
116,84,0,736.853,989.981,340.561,671.853
116,80,3,734.889,1136.3,106.155,409.302
116,83,0,2359.47,2505.61,312.691,589.276
116,86,3,1833.03,2247.64,511.133,843.588
116,89,0,1575.99,1867.84,1529.71,1920
116,90,3,719.553,1165.16,0,140.533
117,1,5,471.562,1473.75,659.412,1901.75
117,84,0,644.076,889.611,344.06,679.155
117,80,3,690.444,1098.47,106.164,431.513
117,83,0,2407.16,2528.22,281.899,567.909
117,86,3,1856.13,2257.2,484.734,802.701
117,89,0,1589.85,1870.38,1465.84,1920
117,90,3,719.553,1165.16,0,140.533
118,1,5,473.438,1472.5,659.686,1899.3
118,84,0,548.412,784.541,358.682,699.761
118,80,3,652.563,1058.6,123.961,433.39
118,83,0,2437.45,2553.32,265.529,539.856
118,86,3,1874.12,2279.26,453.339,771.384
118,89,0,1597.7,1870.99,1419.81,1918.93
119,1,5,474.688,1470,655.733,1904.15
119,84,0,440.652,690.786,373.446,723.082
119,80,3,608.043,1016.97,132.526,464.818
119,83,0,2476.44,2560,253.269,524.423
119,86,3,1899.81,2290.01,425.66,733.995
119,89,0,1604.46,1860.63,1370.7,1919.15
120,1,5,474.688,1468.75,658.426,1900.46
120,84,0,368.874,581.809,396.155,739.866
120,80,3,567.28,986.312,144.699,476.344
120,83,0,2514.03,2559.82,230.841,493.197
120,86,3,1924.36,2308.14,400.215,701.518
120,89,0,1592.36,1857.07,1311.9,1915.56
121,1,5,474.062,1467.5,660.455,1897.5
121,84,0,231.657,476.714,462.96,769.336
121,80,3,525.418,943.709,158.151,497.246
121,83,0,2514.03,2559.82,230.841,493.197
121,86,3,1953.5,2325.11,375.004,674.327
121,89,0,1579.95,1840.67,1272.98,1878.23
122,1,5,475.625,1467.5,656.282,1901.96
122,84,0,123.602,331.985,426.417,783.581
122,80,3,476.921,909.782,169.073,511.495
122,86,3,1981.1,2345.78,352.857,644.391
122,89,0,1567.58,1809.07,1225.5,1812.03
123,1,5,476.562,1468.75,653.882,1909.03
123,84,0,18.4382,260.492,444.019,800.061
123,80,3,419.826,870.027,186.191,526.114
123,86,3,2018.04,2368.24,326.987,613.896
123,89,0,1537.39,1782.71,1188.77,1752.84
124,1,5,476.875,1467.5,652.974,1908.73
124,84,0,0,151.027,461.267,823.105
124,80,3,384.401,832.861,192.42,538.456
124,86,3,2043.22,2404.97,303.983,574.861
124,89,0,1517.16,1752.08,1151.82,1708.36
125,1,5,475.312,1466.25,650.75,1911.11
125,84,0,0,151.027,461.267,823.105
125,80,3,380.697,791.022,202.106,564.837
125,86,3,2082.39,2423.81,277.689,552.162
125,89,0,1484.23,1719.5,1112.2,1666.3
126,1,5,475.312,1467.5,648.307,1907.6
126,80,3,366.202,748.481,218.989,580.13
126,86,3,2123.77,2463.03,250.366,529.468
126,89,0,1453.62,1684.87,1084.72,1617.85
127,1,5,474.688,1467.5,644.803,1908.4
127,80,3,232.788,702.741,237.148,610.298
127,86,3,2155.04,2513.99,232.311,498.868
127,89,0,1435.28,1646.46,1054.62,1577.95
128,1,5,473.75,1466.25,648.516,1910.73
128,80,3,182.441,682.764,252.099,623.614
128,86,3,2191.94,2545.58,211.063,481.512
128,89,0,1411.37,1619.7,1015.2,1539.43
129,1,5,474.062,1470,650.465,1910.06
129,80,3,128.822,616.006,264.244,644.197
129,86,3,2238.22,2555.53,194.569,454.593
129,89,0,1405.2,1587.56,991.204,1497.44
130,1,5,474.062,1472.5,647.923,1916.93
130,80,3,75.3896,568.738,278.867,665.181
130,86,3,2284.36,2559.6,179.791,435.216
130,89,0,1406.35,1561.8,964.483,1464.34
130,98,0,2040.22,2352.19,1392.46,1919.43
131,1,5,471.562,1476.25,652.291,1916.97
131,80,3,12.4344,521.133,294.836,686.564
131,86,3,2334.92,2558.56,145.987,412.041
131,89,0,1406.35,1561.8,964.483,1464.34
131,98,0,2019.67,2302.41,1340.23,1916.89
131,99,1,1715.83,2170.8,0.68882,202.924
131,100,0,791.845,1067.08,156.308,410.985
132,1,5,470.625,1475,650.972,1915.03
132,80,3,0,474.32,288.468,720.256
132,86,3,2376.02,2560,150.277,391.46
132,98,0,1998.7,2269.15,1281.73,1902.46
132,99,1,1657.5,2132.09,0,217.027
132,100,0,918.336,1187.07,152.575,410.38
133,1,5,471.562,1475,650.375,1908.74
133,80,3,3.37484,428.928,337.495,726.554
133,86,3,2436.73,2560,121.875,368.798
133,98,0,1969.93,2241.3,1227.89,1832.36
133,99,1,1584.5,2049.2,1.97705,225.422
133,100,0,1040.05,1309.97,158.724,406.472
134,1,5,469.062,1478.75,648.748,1908.04
134,80,3,0,427.029,332.725,760.838
134,86,3,2495.22,2560,78.0288,342.26
134,98,0,1938.38,2211.36,1191,1770.62
134,99,1,1523,1990.41,1.30943,245.267
134,100,0,1165.96,1426.81,151.916,407.653
135,1,5,469.375,1480,654.334,1903.97
135,80,3,1.52925,339.583,356.271,779.457
135,86,3,2495.22,2560,78.0288,342.26
135,98,0,1920.22,2166.26,1151.15,1715.49
135,99,1,1453.52,1940.85,1.52873,258.846
135,100,0,1281.13,1540.96,150.542,402.13
136,1,5,472.812,1472.5,649.591,1914.89
136,80,3,0,268.152,370.294,827.532
136,98,0,1889.62,2135.91,1104.84,1671.39
136,99,1,1392.96,1868.63,0.785451,270.122
136,100,0,1397.65,1656.84,136.358,395.172
137,1,5,465.938,1473.75,646.842,1913.68
137,80,3,0.767336,205.795,396.623,848.976
137,98,0,1856,2102.26,1075.55,1612.86
137,99,1,1343.59,1811.83,18.6725,286.616
137,100,0,1517.69,1759.28,143.054,384.177
138,1,5,466.562,1473.75,643.869,1915.82
138,80,3,3.35406,147.512,410.031,867.38
138,98,0,1827.8,2070.45,1042.58,1577.01
138,99,1,1268.88,1738.03,10.3255,310.673
138,100,0,1623.95,1860.63,145.124,378.487
139,1,5,470.312,1470,644.49,1916.29
139,80,3,1.0007,83.3401,401.804,979.807
139,98,0,1792.9,2041.48,1005.06,1540.15
139,99,1,1197.06,1670.27,4.51688,326.429
139,100,0,1724.43,1962.35,142.574,376.279
140,1,5,467.5,1471.25,642.408,1909.87
140,80,3,1.0007,83.3401,401.804,979.807
140,98,0,1766.07,2009.48,973.274,1498.4
140,99,1,1143.79,1617.69,1.7494,343.003
140,100,0,1828.43,2052.84,139.976,372.203
141,1,5,468.75,1475,645.728,1907.48
141,98,0,1732.21,1973.35,950.576,1456.69
141,99,1,1062.74,1555.18,5.35639,363.337
141,100,0,1938.46,2140.31,135.917,367.86
142,1,5,470,1473.75,645.94,1906.3
142,98,0,1708.91,1939.6,925.766,1424.4
142,99,1,992.53,1481.26,7.217,388.099
142,100,0,2030.65,2221.95,126.395,362.971
143,1,5,471.25,1472.5,646.233,1906.44
143,98,0,1675.71,1909.2,894.407,1386.75
143,99,1,912.505,1432.35,0,413.635
143,100,0,2121.77,2299.13,118.806,357.062
144,1,5,470.938,1472.5,646.923,1905.29
144,98,0,1644.24,1876.25,867.545,1362.3
144,99,1,858.077,1361.68,4.88025,442.718
144,100,0,2213.8,2385.58,117.361,351.351
145,1,5,472.812,1472.5,642.235,1909.08
145,98,0,1621.43,1844.37,846.955,1326.37
145,99,1,779.37,1301.89,1.42437,458.486
145,100,0,2298.47,2476.74,105.37,350.71
145,103,1,2013.09,2553.25,1213,1920
146,1,5,472.188,1473.75,645.107,1912.88
146,98,0,1596.95,1824.75,828.634,1302.46
146,99,1,717.501,1238.11,6.99738,476.042
146,100,0,2375.09,2541.38,82.9556,349.335
146,103,1,1995.98,2559.17,1139.03,1920
147,1,5,473.125,1470,651.693,1905.61
147,98,0,1583.06,1797.03,811.078,1275.4
147,99,1,649.835,1172.61,10.0849,495.912
147,100,0,2466.61,2560,87.476,331.659
147,103,1,2013.77,2549.59,1056.69,1914.78
148,1,5,472.812,1470,653.33,1905.11
148,98,0,1558.07,1772.57,783.771,1256.68
148,99,1,575.354,1111.96,23.6894,524.327
148,100,0,2466.61,2560,87.476,331.659
148,103,1,1996.49,2560,979.597,1920
