40.0,45.0,3.0,0.0,152.571,1467.09,1914.83
41.0,45.0,3.0,0.0,210.445,1401.57,1919.81
42.0,45.0,3.0,0.588923,243.293,1359.46,1920.0
43.0,45.0,3.0,1.31594,278.316,1315.2,1920.0
44.0,45.0,3.0,1.98872,328.534,1258.37,1920.0
45.0,45.0,3.0,2.98912,359.011,1217.08,1920.0
46.0,45.0,3.0,0.0,409.416,1167.13,1885.14
47.0,45.0,3.0,1.75404,437.43,1135.71,1810.22
48.0,45.0,3.0,0.0299454,469.557,1108.69,1788.65
49.0,45.0,3.0,0.0,510.752,1063.83,1728.93
50.0,45.0,3.0,1.73429,535.6,1044.52,1685.39
51.0,45.0,3.0,0.0,577.167,1002.93,1628.04
52.0,45.0,3.0,0.0,602.312,977.347,1592.09
53.0,45.0,3.0,0.0,616.068,956.655,1562.02
54.0,45.0,3.0,3.28125,638.125,921.663,1511.75
55.0,45.0,3.0,8.75,657.5,904.497,1474.27
56.0,45.0,3.0,6.875,697.5,872.901,1430.42
57.0,45.0,3.0,5.9375,715.0,855.692,1401.96
58.0,45.0,3.0,28.125,738.75,841.801,1372.87
59.0,45.0,3.0,64.375,755.0,807.073,1337.2
60.0,45.0,3.0,100.0,768.75,788.2,1321.75
61.0,45.0,3.0,135.0,786.875,765.78,1286.23
62.0,45.0,3.0,162.656,800.625,761.946,1261.76
63.0,45.0,3.0,187.812,816.25,745.405,1241.56
64.0,45.0,3.0,212.5,837.5,726.789,1212.45
65.0,45.0,3.0,235.156,850.625,714.621,1193.08
66.0,45.0,3.0,268.75,869.375,686.849,1168.73
67.0,45.0,3.0,285.0,885.625,675.392,1149.48
68.0,45.0,3.0,307.5,894.375,664.429,1132.39
69.0,45.0,3.0,336.25,905.625,652.836,1105.82
70.0,45.0,3.0,359.375,922.5,643.209,1088.3
71.0,45.0,3.0,382.474,942.781,633.173,1058.58
72.0,45.0,3.0,403.126,950.855,622.504,1042.65
73.0,45.0,3.0,405.194,968.656,608.69,1032.64
74.0,45.0,3.0,443.114,978.541,593.481,1012.62
75.0,45.0,3.0,453.983,990.195,584.683,1000.35
76.0,45.0,3.0,476.85,1006.52,573.299,976.771
77.0,45.0,3.0,498.963,1009.65,557.139,962.685
78.0,45.0,3.0,517.18,1017.81,554.066,950.605
79.0,45.0,3.0,532.672,1032.02,531.16,937.003
80.0,45.0,3.0,554.466,1035.56,529.179,919.665
81.0,45.0,3.0,574.062,1052.93,521.312,899.969
82.0,45.0,3.0,583.802,1060.46,516.412,886.749
83.0,45.0,3.0,599.042,1069.22,507.643,878.07
84.0,45.0,3.0,623.359,1079.7,494.526,858.943
85.0,45.0,3.0,633.417,1085.84,480.381,843.201
86.0,45.0,3.0,653.811,1096.44,476.241,829.706
87.0,45.0,3.0,664.263,1103.19,467.563,815.378
88.0,45.0,3.0,681.584,1114.34,463.441,801.544
89.0,45.0,3.0,701.266,1127.73,447.854,790.192
90.0,45.0,3.0,712.837,1137.74,444.646,778.483
91.0,45.0,3.0,731.511,1147.18,431.795,764.331
92.0,45.0,3.0,744.606,1154.98,423.658,751.119
93.0,45.0,3.0,751.931,1160.06,416.589,743.57
94.0,45.0,3.0,770.935,1171.12,404.031,725.276
95.0,45.0,3.0,783.824,1180.46,398.544,717.678
96.0,45.0,3.0,804.621,1191.78,386.187,700.834
97.0,45.0,3.0,814.022,1200.85,382.555,690.138
98.0,45.0,3.0,823.639,1207.41,377.65,677.558
99.0,45.0,3.0,846.839,1217.36,366.751,662.19
100.0,45.0,3.0,852.114,1230.86,360.718,654.323
101.0,45.0,3.0,869.446,1239.78,352.488,641.083
102.0,45.0,3.0,883.547,1242.93,342.827,630.964
103.0,45.0,3.0,894.695,1247.99,340.435,619.946
104.0,45.0,3.0,904.683,1257.54,329.655,606.382
105.0,45.0,3.0,914.944,1271.96,325.531,596.079
106.0,45.0,3.0,930.777,1284.07,316.692,585.028
107.0,45.0,3.0,944.381,1290.67,307.081,574.224
108.0,45.0,3.0,951.957,1297.74,303.606,567.009
109.0,45.0,3.0,967.349,1306.86,294.055,554.469
110.0,45.0,3.0,981.386,1311.01,289.108,546.158
111.0,45.0,3.0,999.274,1324.19,281.411,535.25
112.0,45.0,3.0,1005.9,1328.91,276.088,524.774
113.0,45.0,3.0,1014.88,1333.89,271.571,517.99
114.0,45.0,3.0,1026.01,1346.43,264.016,507.237
115.0,45.0,3.0,1040.16,1354.53,258.578,500.231
116.0,45.0,3.0,1051.81,1363.14,248.455,484.864
117.0,45.0,3.0,1063.54,1367.65,244.19,482.678
118.0,45.0,3.0,1074.25,1372.48,238.645,474.161
119.0,45.0,3.0,1084.73,1383.54,232.513,463.107
120.0,45.0,3.0,1093.17,1388.58,229.693,457.489
121.0,45.0,3.0,1106.86,1400.33,222.879,446.925
122.0,45.0,3.0,1112.41,1404.79,221.838,442.411
123.0,45.0,3.0,1123.87,1411.38,217.915,435.572
124.0,45.0,3.0,1131.86,1422.04,213.192,426.274
125.0,45.0,3.0,1144.04,1432.88,211.01,415.529
126.0,45.0,3.0,1161.92,1445.77,202.861,409.832
127.0,45.0,3.0,1170.19,1451.35,194.207,405.216
128.0,45.0,3.0,1175.77,1459.62,192.692,392.019
129.0,45.0,3.0,1188.46,1476.15,184.615,391.154
130.0,45.0,3.0,1199.04,1479.42,181.082,384.014
131.0,45.0,3.0,1212.02,1491.06,177.115,377.885
132.0,45.0,3.0,1221.25,1497.21,174.808,375.288
133.0,45.0,3.0,1229.62,1504.23,172.284,368.87
134.0,45.0,3.0,1241.73,1509.04,170.12,359.207
135.0,45.0,3.0,1254.81,1522.12,166.514,357.043
136.0,45.0,3.0,1266.44,1528.94,157.716,349.399
137.0,45.0,3.0,1278.08,1534.23,153.245,343.774
138.0,45.0,3.0,1287.5,1541.73,149.784,340.312
139.0,45.0,3.0,1295.87,1551.83,147.476,332.236
140.0,45.0,3.0,1309.62,1558.08,144.519,329.423
141.0,45.0,3.0,1321.35,1567.88,141.995,323.87
142.0,45.0,3.0,1326.54,1573.46,137.524,320.841
143.0,45.0,3.0,1335.77,1581.15,140.481,316.442
144.0,45.0,3.0,1344.9,1588.94,133.053,306.562
145.0,45.0,3.0,1352.31,1593.85,130.529,303.317
146.0,45.0,3.0,1369.71,1599.52,128.149,296.466
147.0,45.0,3.0,1374.62,1603.85,127.788,291.635
