2,1,0,2249.44,2426.54,599.095,979.433
2,2,0,1159.11,1410.1,113.13,340.753
2,3,0,1972.35,2127.69,453.519,781.611
2,4,3,1857.59,2315.53,76.6202,309.506
2,5,0,2386.73,2525.87,408.825,732.423
2,6,5,315.625,1209.38,652.077,1660.55
2,7,0,2351.73,2454.42,240.938,513.678
2,8,3,1874.81,2223.65,2.63221,123.281
2,9,3,8.87676,741.613,1629.93,1920
2,11,5,1381.52,1880.38,0.58392,172.723
3,1,0,2256.3,2419.02,583.062,960.648
3,2,0,1245.5,1482.75,97.7286,336.16
3,3,0,1984.31,2143.26,435.253,759.879
3,4,3,1938.64,2368.32,70.9666,305.707
3,5,0,2399.61,2545.72,408.979,712.007
3,6,5,322.5,1203.75,643.198,1660.45
3,7,0,2383.75,2490.1,229.976,484.832
3,8,3,1826.2,2270.97,6.78296,175.633
3,9,3,8.75,746.25,1593.74,1920
3,11,5,1373.36,1880.02,1.04381,172.805
3,13,0,1834.71,2022.15,43.6327,264.253
4,1,0,2243.63,2417.81,571.588,930.073
4,2,0,1318.92,1551.39,94.2913,334.827
4,3,0,2004.98,2161.35,417.195,734.069
4,4,3,2000.11,2431.65,65.1191,295.404
4,5,0,2410.71,2549.31,396.02,701.276
4,6,5,329.688,1206.25,636.405,1652.23
4,7,0,2421.44,2535.48,220.024,462.476
4,8,3,1844.62,2318.87,8.80019,155.93
4,9,3,11.25,751.875,1579.92,1920
4,11,5,1403.69,1893.5,0,169.175
4,13,0,1877.74,2036.11,44.1346,258.462
5,1,0,2245.71,2413.26,555.343,913.38
5,2,0,1388.84,1623.56,92.9531,334.667
5,3,0,2032.06,2181.67,398.654,709.096
5,4,3,2055.65,2526.98,53.5155,297.756
5,5,0,2421.36,2551.53,388.4,691.798
5,6,5,332.188,1212.5,632.826,1648.4
5,7,0,2451.44,2557.79,208.053,469.832
5,8,3,1806.08,2390.98,6.08397,158.181
5,9,3,14.0625,746.25,1562.52,1920
5,11,5,1405.11,1893.31,0,167.312
5,13,0,1925.29,2090.1,36.9952,248.582
5,15,0,1244.62,1356.92,1.37019,140.409
6,1,0,2238.83,2414.51,540.058,887.769
6,2,0,1466.42,1691.79,91.2779,328.895
6,3,0,2057.42,2207.06,380.02,684.383
6,4,3,2119.58,2538.15,59.2276,287.469
6,5,0,2439.28,2554.57,379.183,675.433
6,6,5,337.5,1211.25,625.563,1640.03
6,7,0,2496.73,2558.65,184.543,452.38
6,8,3,1835.92,2377.13,5.87291,161.16
6,9,3,14.6875,753.75,1543.04,1917.66
6,11,5,1393.78,1892.15,0,173.647
6,13,0,1969.47,2144.38,37.2836,245.264
6,15,0,1244.76,1361.39,1.875,141.418
7,1,0,2248.75,2410.91,522.621,868.29
7,2,0,1541.48,1745.01,82.72,324.08
7,3,0,2080.17,2227.72,360.261,659.503
7,4,3,2171.44,2546.78,54.3835,282.402
7,5,0,2450.53,2558.7,360.144,666.779
7,6,5,340.938,1212.5,626.742,1615.89
7,7,0,2496.73,2558.65,184.543,452.38
7,8,3,1847.64,2266.52,0,181.822
7,9,3,17.8125,752.5,1528.73,1919.04
7,11,5,1369.75,1879.07,0,173.031
7,13,0,2012.4,2190.67,39.3029,244.543
7,15,0,1243.41,1362.74,2.30769,140.481
7,18,0,1085.96,1197.12,0,104.892
8,1,0,2249.64,2409.25,509.602,851.556
8,2,0,1596.02,1814.43,88.6827,314.645
8,3,0,2109.82,2256.97,346.425,637.49
8,4,3,2246.25,2553.19,47.1613,272.304
8,5,0,2458.37,2557.02,361.731,654.808
8,6,5,343.438,1211.25,624.529,1599.89
8,8,3,1843.43,2264.51,0,174.348
8,9,3,13.125,760.625,1523.34,1918.88
8,11,5,1357.36,1891.74,0,185.095
8,13,0,2047.69,2223.08,40.7452,245.986
8,15,0,1242.74,1364.95,2.56009,140.228
8,18,0,1085.96,1197.12,0,104.892
9,1,0,2250.97,2410.97,501.062,838.126
9,2,0,1655.39,1881.48,82.1878,310.926
9,3,0,2145.56,2280.85,324.378,619.953
9,4,3,2297.02,2560,54.3029,263.293
9,5,0,2480.96,2559.04,351.923,651.346
9,6,5,363.125,1229.38,623.826,1596.69
9,8,3,1840.78,2271.37,0,180.426
9,9,3,29.375,785,1513.42,1918.28
9,11,5,1389.59,1895.38,0,179.473
9,13,0,2089.33,2249.13,25.0962,249.663
9,15,0,1244.9,1358.17,1.29807,141.202
9,19,0,2358.18,2558.51,1389.86,1920
10,1,0,2256.58,2409.88,478.97,818.698
10,2,0,1727.43,1931.59,82.0447,302.881
10,3,0,2179.16,2325.16,308.148,600.423
10,4,3,2352.32,2560,34.5294,270.01
10,5,0,2486.54,2559.62,336.49,642.548
10,6,5,370,1226.25,617.254,1587.15
10,8,3,1835.95,2335.24,0.207818,172.852
10,9,3,29.6875,788.75,1501.97,1917.6
10,11,5,1386.61,1891.84,2.2515,172.926
10,13,0,2118.85,2287.31,31.4423,242.885
10,15,0,1241.25,1358.75,1.47836,139.868
10,18,0,1036.92,1086.15,1.37019,112.572
10,19,0,2337.49,2560,1320.02,1911.73
11,1,0,2264.2,2415.69,465.769,803.615
11,2,0,1788.66,1994.41,71.9684,303.177
11,3,0,2222.02,2353.37,293.654,548.654
11,4,3,2404.33,2560,52.7885,251.25
11,5,0,2492.6,2559.71,321.49,631.01
11,6,5,374.688,1225,609.253,1586.88
11,8,3,1853.47,2312.75,2.6766,173.184
11,9,3,41.875,790,1473.04,1919.01
11,11,5,1380.63,1893.69,2.20144,169.493
11,13,0,2155.05,2324.95,34.399,242.668
11,15,0,1240.91,1357.55,0.108168,140.012
11,18,0,1036.92,1086.15,1.37019,112.572
11,19,0,2313.01,2554.68,1261.02,1822.2
12,1,0,2271.21,2418.39,459.328,780.172
12,2,0,1856.21,2054.78,75.5701,301.037
12,3,0,2256.11,2383.89,280.529,519.087
12,4,3,2458.56,2559.9,33.3894,243.966
12,5,0,2503.34,2558.2,320.337,616.587
12,6,5,372.812,1227.5,606.574,1579.32
12,8,3,1843.11,2275.03,0,182.136
12,9,3,47.8125,795,1467.64,1907.66
12,11,5,1381.83,1881.18,1.90306,170.506
12,13,0,2192.79,2351.83,34.1106,242.957
12,15,0,1240.43,1365.72,1.40625,141.094
12,19,0,2288.86,2535.09,1200.73,1740.54
13,1,0,2280.36,2421.25,438.388,764.404
13,2,0,1912.59,2107.72,59.0904,300.922
13,3,0,2295.62,2418.22,270.721,503.51
13,4,3,2458.56,2559.9,33.3894,243.966
13,5,0,2514.68,2556.09,294.808,616.731
13,6,5,371.562,1232.5,600.536,1572.21
13,8,3,1847.66,2254.79,0,179.546
13,9,3,45,798.75,1459.76,1912.58
13,11,5,1384.61,1906,0,170.111
13,13,0,2226.83,2379.33,23.6538,239.712
13,15,0,1238.56,1369.13,0.216351,140.913
13,19,0,2267.63,2509.8,1140.15,1674.19
14,1,0,2289.5,2427.63,424.003,748.074
14,2,0,1974.51,2168.54,64.1406,297.732
14,3,0,2338.51,2452.26,253.341,506.466
14,5,0,2521.2,2558.8,303.029,564.664
14,6,5,373.438,1232.5,595.893,1569.35
14,8,3,1835.16,2265.49,0,180.912
14,9,3,51.5625,807.5,1454.23,1913.79
14,11,5,1382.6,1894.48,0,168.476
14,13,0,2262.45,2423.7,26.5385,236.538
14,15,0,1231.49,1362.36,0.324519,140.661
14,19,0,2250.29,2484.9,1087.66,1606.41
15,1,0,2299.74,2437.53,414.104,741.716
15,2,0,2030.81,2221.75,55.5349,286.856
15,3,0,2376.49,2485.05,241.01,518.798
15,5,0,2536.96,2558.43,287.38,549.736
15,6,5,375.938,1231.25,593.127,1560.19
15,8,3,1845.29,2239.22,1.09754,181.189
15,9,3,52.8125,808.75,1446.89,1915.11
15,11,5,1380.41,1889.36,1.54917,164.567
15,13,0,2294.33,2456.44,24.5192,236.394
15,15,0,1226.88,1354.66,0,140.986
15,19,0,2236.67,2456.93,1043.94,1528.42
16,1,0,2308.16,2454.55,404.106,719.745
16,2,0,2089.85,2278.88,51.5679,284.021
16,3,0,2420.67,2520.87,219.88,501.274
16,5,0,2536.96,2558.43,287.38,549.736
16,6,5,376.25,1237.5,585.806,1535.9
16,8,3,1841.67,2264.04,2.06438,176.829
16,9,3,61.25,809.375,1441.27,1912.85
16,11,5,1373.42,1893.8,2.50799,165.446
16,13,0,2344.28,2498.8,12.8365,231.202
16,15,0,1225.14,1354.86,0,142.861
16,18,0,992.837,1088.7,1.91106,124.579
16,19,0,2225.63,2440.06,992.575,1473.87
17,1,0,2325.03,2461.55,393.106,699.781
17,2,0,2146.96,2335.35,53.3663,277.133
17,3,0,2455.19,2557.12,201.202,473.798
17,6,5,386.25,1238.75,585.202,1537.5
17,8,3,1841.13,2261.75,3.15978,174.084
17,9,3,72.5,820,1429.54,1913.89
17,11,5,1369.09,1880.46,1.76105,161.938
17,13,0,2401.11,2549.66,24.0865,232.067
17,15,0,1223.03,1353.89,0,143.041
17,18,0,992.837,1088.7,1.91106,124.579
17,19,0,2207.81,2433.51,948.647,1406.11
17,23,0,2323.28,2556.86,1540,1919.78
18,1,0,2344.32,2475.2,380.58,686.433
18,2,0,2214.04,2382.88,66.9952,278.582
18,3,0,2455.19,2557.12,201.202,473.798
18,6,5,381.25,1240,584.813,1522.12
18,8,3,1851.14,2242.48,1.60201,179.509
18,9,3,80.3125,816.25,1425.01,1912.6
18,11,5,1380.59,1866.82,0.800714,164.137
18,13,0,2451.83,2560,28.8462,220.962
18,15,0,1219.95,1353.89,0,142.5
18,19,0,2198.37,2420.79,902.246,1353.72
18,23,0,2288.4,2552.51,1456.61,1920
18,25,5,0.625,701.25,5.79812,412.895
19,1,0,2354.45,2487.06,372.713,672.98
19,2,0,2272.74,2434.95,55.4567,273.966
19,3,0,2505.72,2558.89,191.25,453.173
19,6,5,385.312,1246.25,577.223,1523.96
19,8,3,1857.61,2225.79,0.562985,182.822
19,9,3,87.5,810.625,1409.43,1919.96
19,11,5,1386,1872.15,0,167.619
19,13,0,2451.83,2560,28.8462,220.962
19,15,0,1219.81,1354.04,0,142.68
19,19,0,2198.36,2410.57,856.426,1312.99
19,23,0,2261.39,2515.01,1384.52,1918.7
19,25,5,7.5,801.875,1.95358,404.307
19,26,3,949.423,1269.04,2.41587,44.2428
20,1,0,2361.46,2509.07,363.786,653.573
20,2,0,2328.03,2490.43,52.5,267.692
20,6,5,391.25,1247.5,571.777,1524.08
20,8,3,1857.06,2237.01,0.579593,179.532
20,9,3,92.5,814.375,1406.12,1917.77
20,11,5,1376.57,1868.47,2.9187,164.747
20,15,0,1231.35,1351.73,0,145.673
20,19,0,2197.75,2404.48,820.036,1260.94
20,23,0,2223.5,2466.47,1312.74,1883.31
20,25,5,0,883.75,0.0991058,417.053
20,26,3,965.962,1260.19,1.24399,42.6743
20,27,3,2415.82,2559.57,0,119.099
21,1,0,2383.04,2527.19,347.999,638.212
21,2,0,2375.29,2538.56,54.375,264.375
21,6,5,395,1246.25,567.03,1525.05
21,8,3,1857.6,2234.59,0.414927,180.419
21,9,3,92.5,817.5,1398.54,1915.78
21,11,5,1373.25,1843.98,2.77143,166.987
21,15,0,1231.35,1351.73,0,145.673
21,18,0,974.471,1073.22,0.144231,121.298
21,19,0,2196.1,2394.17,783.401,1205.3
21,23,0,2201.26,2431.05,1233.78,1795.64
21,25,5,0,963.75,11.1536,405.196
21,26,3,965.962,1260.19,1.24399,42.6743
21,27,3,2420.53,2560,0,115.421
21,30,3,2145,2353.46,0,101.322
22,1,0,2398.04,2545.47,332.452,627.955
22,2,0,2425.34,2560,44.351,261.995
22,6,5,399.062,1248.75,568.789,1519
22,8,3,1858.57,2222.98,0,184.833
22,9,3,93.75,809.375,1391.13,1917.62
22,11,5,1382.66,1835.4,0.389786,171.899
22,18,0,974.471,1073.22,0.144231,121.298
22,19,0,2195.91,2394.09,744.763,1160.88
22,23,0,2176.83,2396.36,1167.09,1719.7
22,25,5,0,1040,2.67873,439.536
22,27,3,2426.54,2560,0,66.7428
22,30,3,2150.67,2350.87,0,97.6082
22,32,3,1550,2242.5,1483.36,1918.3
23,1,0,2417.78,2553.77,324.188,617.929
23,2,0,2486.68,2559.47,51.2019,262.067
23,6,5,401.25,1253.75,559.488,1523.6
23,8,3,1858.44,2226.26,0.280459,182.762
23,9,3,96.25,825,1385.75,1915.8
23,11,5,1389.19,1830.45,0,171.083
23,19,0,2199.63,2388.8,713.129,1110.97
23,23,0,2140.66,2366.89,1108.7,1642.62
23,25,5,58.4375,1141.25,3.98289,426.728
23,27,3,2426.25,2560,0,62.4339
23,30,3,2150.67,2350.87,0,97.6082
23,32,3,1555,2235,1398.32,1920
24,1,0,2446.3,2556.78,312.692,598.846
24,2,0,2486.68,2559.47,51.2019,262.067
24,6,5,406.562,1257.5,562.887,1520.67
24,8,3,1858.01,2233.26,1.35715,177.105
24,9,3,98.4375,831.25,1386,1915.97
24,11,5,1389.02,1833.12,0,167.44
24,19,0,2197.71,2385.41,683.06,1072.18
24,23,0,2132.47,2339.84,1062.35,1562.82
24,25,5,25.9375,1212.5,0,389.134
24,27,3,2421.73,2560,0,61.0457
24,32,3,1553.75,2212.5,1320.35,1914.77
25,1,0,2458.8,2556.59,300,579.808
25,6,5,406.562,1255,563.737,1520.23
25,8,3,1856.77,2227.38,2.14447,177.208
25,9,3,97.8125,830,1380.46,1912.24
25,11,5,1385.52,1819.99,0,168.957
25,19,0,2202.82,2381.96,656.566,1030.3
25,23,0,2113.19,2326.02,1002.8,1501.07
25,25,5,0,1300,0.751605,380.346
25,27,3,2422.4,2560,0,64.1647
25,30,3,2153.65,2347.88,0,97.7164
25,32,3,1542.5,2187.5,1246.66,1829.3
26,1,0,2490.07,2559.16,289.471,568.413
26,6,5,410.625,1256.88,558.6,1494.31
26,8,3,1857.22,2228.28,1.61204,177.017
26,9,3,101.875,823.75,1373.44,1907.58
26,11,5,1370.48,1822.9,0,169.202
26,19,0,2205.3,2380.98,625.403,991.237
26,23,0,2096.15,2298.56,957.738,1440.79
26,25,5,91.25,1418.75,10.3781,371.883
26,27,3,2420.82,2560,0,63.119
26,30,3,2154.13,2347.4,0,97.5361
26,32,3,1548.75,2170,1185.4,1730.51
27,1,0,2506.37,2560,277.356,558.606
27,6,5,408.438,1252.5,558.884,1491.86
27,8,3,1856.28,2228.79,1.2222,177.96
27,9,3,99.0625,828.75,1376,1904.53
27,11,5,1372.41,1829.16,0,175.368
27,19,0,2213.62,2377.29,598.959,958.748
27,23,0,2085.39,2291.68,915.046,1374.97
27,25,5,180,1461.25,0,378.33
27,27,3,2421.35,2560,0,63.9123
27,30,3,2152.16,2346.3,0,98.9784
27,32,3,1557.15,2146.71,1118.68,1658.54
28,1,0,2533.45,2558.86,263.942,532.211
28,6,5,410.625,1248.12,560.157,1491.88
28,8,3,1855.94,2228.28,1.99712,177.917
28,9,3,96.25,823.125,1372.16,1904.11
28,11,5,1409.48,1832.31,0,177.464
28,19,0,2216.47,2377.37,575.756,932.44
28,23,0,2084.37,2272.84,869.098,1323.66
28,25,5,106.25,1538.75,0,392.725
28,27,3,2424.9,2560,0,63.2632
28,30,3,2151.39,2347.07,0,97.6803
28,32,3,1566.52,2115.59,1066.16,1578.29
29,1,0,2533.45,2558.86,263.942,532.211
29,6,5,413.125,1255.62,559.829,1492.12
29,8,3,1851.79,2229.7,2.04408,181.872
29,9,3,98.75,827.5,1372.77,1908.81
29,11,5,1409.48,1832.31,0,177.464
29,19,0,2219.89,2382.76,550.792,889.961
29,23,0,2080.86,2265.15,826.91,1272.03
29,25,5,65,1642.5,0.402989,381.111
29,27,3,2428.27,2560,0,62.8846
29,30,3,2154.52,2350.1,0,97.2115
29,32,3,1569.78,2112.19,1008.3,1517.82
30,6,5,409.688,1253.75,559.138,1491.54
30,8,3,1854.89,2225.95,0.0685,183.981
30,9,3,100,823.125,1370.53,1908.61
30,19,0,2226.32,2384.65,522.301,862.673
30,23,0,2075.44,2266.89,787.932,1222.69
30,25,5,398.125,1697.5,6.78869,347.055
30,27,3,2425.58,2560,0,62.7224
30,30,3,2154.52,2350.1,0,97.2115
30,32,3,1576.88,2094.57,968.512,1457.43
31,6,5,410,1255,556.549,1494.32
31,8,3,1849.54,2227,0.108662,184.022
31,9,3,100.312,825,1371.81,1910.63
31,19,0,2236.73,2390.93,507.967,830.657
31,23,0,2081.83,2258.46,751.108,1176.52
31,25,5,650,1810,7.28126,346.884
31,27,3,2425.72,2560,0,62.9387
31,32,3,1567.96,2088.95,917.578,1395.41
32,6,5,412.188,1252.5,558.017,1493.15
32,8,3,1852.91,2225.79,0,182.162
32,9,3,98.4375,826.25,1373.07,1910.36
32,19,0,2249.36,2395.5,489.349,799.261
32,23,0,2075.16,2246.31,720.337,1126.27
32,25,5,733.75,1856.25,8.36889,345.246
32,27,3,2427.21,2560,0,61.6046
32,32,3,1571,2071.91,861.328,1333.59
33,6,5,410.312,1256.25,559.883,1490.35
33,8,3,1859.07,2221,0,181.31
33,9,3,99.0625,826.25,1371.94,1908.53
33,19,0,2263.47,2411.81,465.832,772.282
33,23,0,2085.74,2256.59,684.84,1082.58
33,25,5,932.5,1905,5.82825,336.432
33,27,3,2426.39,2560,0.018028,61.3522
33,32,3,1571.64,2050.19,823.264,1285.15
34,6,5,412.5,1253.75,558.68,1491.65
34,8,3,1927.4,2183.37,2.01923,170.337
34,9,3,100,825,1371.37,1909.37
34,19,0,2283.34,2427.93,448.254,750.47
34,23,0,2094.72,2258.16,655.749,1049.77
34,25,5,923.75,1987.5,6.20914,345.646
34,27,3,2426.2,2560,0,62.4519
34,32,3,1563.83,2043.9,785.039,1234.47
35,6,5,410.938,1252.5,561.656,1491.44
35,8,3,1927.4,2183.37,2.01923,170.337
35,9,3,99.0625,821.25,1374.13,1907.73
35,19,0,2299.21,2446.32,432.657,725.289
35,23,0,2098.42,2266.39,627.356,1013.07
35,25,5,990.625,2060,3.67543,341.871
35,27,3,2428.7,2560,0,62.2897
35,30,3,2159.81,2347.88,0,96.851
35,32,3,1566.08,2043.59,747.615,1189.1
36,6,5,412.188,1252.5,561.408,1490.74
36,9,3,100,823.125,1374.83,1907.66
36,18,0,985,1055,5.08413,123.065
36,19,0,2323.25,2468.54,410.243,704.379
36,23,0,2112.63,2275.15,596.903,975.596
36,25,5,1077.5,2140,2.88719,332.443
36,27,3,2428.27,2560,0,61.5144
36,30,3,2154.9,2346.63,0,96.7067
36,32,3,1569.7,2043.49,710.372,1140.79
36,36,3,3.81742,335.542,158.245,388.951
37,6,5,411.875,1253.12,560.125,1491.62
37,9,3,99.375,821.25,1371.12,1908.81
37,15,0,1058.65,1170.58,1.22596,177.188
37,18,0,981.635,1066.06,0,128.149
37,19,0,2346.88,2487.01,387.633,682.092
37,23,0,2118.88,2280.56,576.128,936.225
37,25,5,1151.25,2205,9.92299,326.777
37,27,3,2425.77,2560,0.522838,58.9724
37,30,3,2146.44,2352.02,0,96.7789
37,32,3,1589.66,2031.61,672.926,1091.12
37,36,3,8.77077,407.25,162.085,389.077
37,37,0,1784.37,2036.88,1381.67,1919.12
38,6,5,409.375,1254.38,559.062,1493.06
38,9,3,99.6875,821.25,1372.08,1910.64
38,15,0,1039.28,1151.49,2.37981,179.784
38,18,0,981.635,1066.06,0,128.149
38,19,0,2373.67,2509.42,367.662,672.285
38,23,0,2128.21,2292.92,553.764,907.068
38,25,5,1240.62,2265,6.54729,320.628
38,27,3,2423.46,2560,0,61.3161
38,30,3,2146.44,2352.02,0,96.7789
38,32,3,1589.62,2037.4,649.848,1045.42
38,36,3,3.34482,492.675,163.777,396.719
38,37,0,1788.82,2020.44,1296.64,1893.57
39,6,5,410.625,1254.38,559.107,1492.31
39,9,3,100.312,820,1372.42,1908.05
39,15,0,1039.28,1151.49,2.37981,179.784
39,19,0,2393.64,2542.91,346.307,636.732
39,23,0,2142.5,2295.73,525.166,878.589
39,25,5,1340,2305,2.58432,322.86
39,27,3,2423.46,2560,0,61.3161
39,32,3,1603.98,2039.74,612.784,1006.14
39,36,3,21.349,591.865,163.722,391.88
39,37,0,1779.12,2007.9,1212.94,1781.43
40,6,5,411.875,1254.38,560.821,1488.79
40,9,3,100.312,817.5,1371.07,1906.47
40,15,0,1014.38,1116.39,9.59135,174.736
40,19,0,2425.61,2555.66,327.394,624.307
40,23,0,2156.48,2308.04,506.337,846.044
40,25,5,1398.75,2377.5,7.24005,309.953
40,27,3,2420.19,2560,0,66.2921
40,32,3,1623.29,2049.75,590.632,979.69
40,36,3,119.453,682.084,152.132,383.064
40,37,0,1785.47,1997.32,1144.06,1687.18
41,6,5,411.25,1251.25,560.547,1489.2
41,9,3,97.1875,833.75,1372.79,1910.05
41,15,0,1008.85,1108.08,39.5192,192.548
41,19,0,2458.12,2557.26,314.856,598.414
41,23,0,2167.51,2320.03,486.328,815.744
41,25,5,1525,2430,0,320.579
41,27,3,2420.19,2560,0,66.2921
41,32,3,1638.08,2059.14,563.184,939.353
41,36,3,200.092,769.773,147.97,389.874
41,37,0,1780.95,1994.27,1070.9,1600.92
41,39,0,2483.39,2560,1143.32,1859.16
42,6,5,410.625,1251.88,559.412,1490.34
42,9,3,93.4375,831.25,1369.02,1907.64
42,11,5,1340.58,1588.65,0,163.558
42,15,0,999.615,1097.31,38.7981,191.538
42,19,0,2489.13,2560,291.418,575.697
42,23,0,2179.1,2327.69,462.427,782.411
42,25,5,1512.5,2545,4.51404,286.949
42,32,3,1659.06,2069.58,539.228,897.733
42,36,3,274.805,862.713,140.497,384.618
42,37,0,1791.46,1997.95,1008.07,1520.28
42,39,0,2464.86,2558.43,1121.39,1652.96
43,6,5,411.875,1251.88,562.679,1487.04
43,9,3,95.9375,830,1370.19,1906.13
43,11,5,1348.54,1749.76,3.76757,164.101
43,15,0,983.846,1090,15.649,195.072
43,19,0,2521.09,2558.91,263.798,566.971
43,23,0,2199.57,2340.04,440.798,768.29
43,25,5,1600,2560,1.16219,289.872
43,32,3,1680.44,2088.37,514.22,861.44
43,36,3,366.027,946.802,133.66,382.338
43,37,0,1798.9,2004.33,947.479,1446.97
43,39,0,2450.86,2560,1073.74,1563.68
43,40,0,1160.22,1253.63,0,155.986
44,6,5,409.688,1253.75,563.48,1487.38
44,9,3,94.0625,831.25,1369.61,1906
44,11,5,1351.35,1760.87,1.17209,170.601
44,15,0,968.269,1070.19,25.5288,206.106
44,19,0,2521.09,2558.91,263.798,566.971
44,23,0,2213.82,2352.49,426.869,739.212
44,25,5,1768.75,2560,0,328.143
44,32,3,1705.93,2105.97,485.048,831.592
44,36,3,476.48,1034.19,124.873,374.882
44,37,0,1820.3,2010.44,896.454,1375.28
44,39,0,2430.56,2557.72,1028.64,1523.75
44,40,0,1134.95,1251.2,0,161.25
45,6,5,410.625,1253.12,561.454,1488.75
45,9,3,92.8125,828.75,1370.37,1906.19
45,11,5,1356.93,1769.67,0,171.479
45,15,0,940.096,1058.37,27.476,208.918
45,23,0,2226.24,2362.6,405.076,718.182
45,25,5,1806.25,2546.25,0,319.253
45,32,3,1727,2122.23,461.832,794.449
45,36,3,565.922,1122.95,123.224,372.746
45,37,0,1837.81,2022.55,841.58,1310.8
45,39,0,2420.95,2558.14,982.539,1463.24
45,40,0,1116.83,1235.48,0,161.034
46,6,5,409.375,1253.12,564.729,1486.04
46,9,3,93.75,831.25,1371.48,1905.23
46,11,5,1353.74,1763.67,0,171.812
46,15,0,940.096,1058.37,27.476,208.918
46,23,0,2242.84,2378.07,379.623,689.837
46,25,5,1846.59,2560,0,288.403
46,32,3,1760.57,2145.28,442.126,760.209
46,36,3,639.021,1208.56,118.204,367.285
46,37,0,1858.48,2041.65,794.079,1246.54
46,39,0,2395.44,2556.93,948.871,1404.88
46,40,0,1102.45,1216.01,0,166.659
47,6,5,409.375,1254.38,564.488,1486.25
47,9,3,94.0625,831.25,1371.52,1905.33
47,11,5,1348.9,1773.03,0.134926,164.391
47,23,0,2263.37,2401.7,363.264,664.008
47,25,1,1901.98,2560,0,305.723
47,32,3,1784.27,2162.56,418.454,733.947
47,36,3,729.802,1289.42,116.363,363.853
47,37,0,1871.85,2052.09,751.302,1193.18
47,39,0,2366.26,2551.86,905.784,1359.24
47,40,0,1087.4,1192.6,4.54327,165.072
47,43,0,1225.31,1307,0.685101,135.757
48,6,5,411.25,1253.75,561.286,1489.49
48,9,3,90.9375,830,1371.1,1906.19
48,11,5,1340.23,1885.15,0,168.276
48,23,0,2281.82,2416.52,351.7,642.765
48,25,1,1961.96,2547.86,0,316.776
48,32,3,1815.6,2184.5,394.505,705.031
48,36,3,809.995,1373.59,113.914,358.969
48,37,0,1900.16,2080,709.698,1132.68
48,39,0,2358.2,2545.8,876.515,1305.53
48,40,0,1087.4,1192.6,4.54327,165.072
48,43,0,1225.31,1307,0.685101,135.757
48,45,0,1618.77,1698.15,17.8125,185.553
49,6,5,411.562,1253.75,560.398,1489.05
49,9,3,92.8125,831.25,1371.35,1905.36
49,11,5,1328.09,1917.15,0,166.888
49,23,0,2305.76,2439.74,331.141,629.617
49,25,1,2019.02,2560,5.25837,299.833
49,32,3,1849.93,2222.17,374.471,676.179
49,36,3,899.207,1446.13,112.791,356.295
49,37,0,1925.22,2090.82,674.892,1085.16
49,39,0,2352.04,2539.32,841.09,1259.29
49,45,0,1599.95,1689.28,37.0673,197.885
49,46,3,5.37853,339.705,174.619,389.741
50,6,5,411.25,1255,562.039,1487.07
50,8,3,1837.31,2128.85,6.49039,174.663
50,9,3,95.3125,830,1370.72,1905.5
50,11,5,1341.77,1926.53,0,169.865
50,15,0,879.135,968.558,30.2163,215.409
50,23,0,2321.96,2470.19,319.841,598.732
50,25,1,2073.66,2560,0,308.186
50,32,3,1872.92,2236.54,356.546,648.116
50,36,3,983.794,1517,110.963,350.823
50,37,0,1956.29,2115.94,641.677,1035.6
50,39,0,2344.43,2529.53,800.232,1221.82
50,45,0,1565.34,1674.66,29.351,199.111
50,46,3,0.478935,457.449,167.264,402.234
51,6,5,411.562,1255,557.717,1491.26
51,8,3,1834.71,2149.9,4.54328,177.188
51,9,3,92.5,831.875,1369.1,1905.67
51,11,5,1310.51,1936.03,0,181.169
51,15,0,864.832,958.245,30.2885,231.635
51,23,0,2359.71,2483.37,300.577,578.654
51,25,5,2125.19,2557.05,0,275.589
51,32,3,1908.84,2262.47,338.357,625.476
51,36,3,1069.47,1592.78,107.894,349.643
51,37,0,1975.43,2139.66,606.915,1000.84
51,39,0,2331.88,2514.87,775.576,1178.3
51,40,0,1017.31,1119.62,7.28366,177.332
51,45,0,1565.34,1674.66,29.351,199.111
51,46,3,27.0664,572.388,170.992,392.401
52,6,5,410,1255,562.097,1488.49
52,8,3,1821.21,2211.46,4.86113,182.594
52,9,3,92.5,831.875,1369.79,1904.8
52,11,5,1041.18,1836.75,7.78134,186.123
52,15,0,848.413,943.894,77.0192,234.231
52,23,0,2387.02,2508.37,287.019,563.365
52,25,1,2149.36,2551.26,0,327.841
52,32,3,1943.43,2290.73,321.247,596.761
52,36,3,1143.07,1659.4,106.407,347.111
52,37,0,2007.81,2148.77,574.478,955.537
52,39,0,2331.11,2508.69,741.856,1138.24
52,40,0,1002.12,1100.96,11.7548,180.938
52,46,3,149.727,694.516,153.215,381.93
53,6,5,416.25,1257.5,562.509,1488.11
53,8,3,1807.92,2213.96,5.53252,184.572
53,9,3,92.1875,833.75,1373.46,1902.72
53,11,5,1248.05,1970.83,0,169.329
53,15,0,829.808,931.731,77.2356,235.168
53,23,0,2420.58,2542.5,270.505,548.149
53,25,5,2249.73,2547.04,0,271.131
53,32,3,1971.74,2329.37,301.923,571.951
53,36,3,1223.68,1740.01,108.118,342.773
53,37,0,2030.28,2174.26,549.086,903.816
53,39,0,2339.05,2502.64,718.712,1095.06
53,40,0,978.654,1081.35,7.13942,180.505
53,43,0,1081.68,1167.55,2.45193,166.298
53,46,3,215.15,805.648,146.335,380.418
54,6,5,414.062,1261.25,560.44,1491.48
54,8,3,1804.21,2202.88,7.04275,185.646
54,9,3,93.75,828.75,1374.93,1904.2
54,11,5,1238.37,1968.97,0,183.931
54,15,0,801.154,917.308,85.2404,246.49
54,23,0,2444.9,2555.1,247.139,522.476
54,25,1,2293.23,2558.37,0,268.571
54,32,3,2007.76,2352.79,282.488,558.271
54,36,3,1291.9,1811.77,91.3089,341.441
54,37,0,2057.13,2190.58,519.496,887.458
54,39,0,2342.05,2505.01,683.586,1065.55
54,40,0,972.115,1077.12,6.92307,186.923
54,43,0,1073.37,1160.48,4.54327,167.236
54,46,3,330.313,912.223,143.565,382.914
55,6,5,412.5,1260,558.72,1493.52
55,8,3,1796.78,2196.04,3.99708,190.078
55,9,3,93.4375,827.5,1373.15,1905.67
55,11,5,1247,1974.39,0,167.602
55,15,0,801.154,917.308,85.2404,246.49
55,23,0,2473.73,2557.04,237.981,519.519
55,25,1,2347.83,2549.48,0,271.762
55,30,3,2138.85,2353.46,0,102.512
55,32,3,2040.86,2371.13,262.922,529.984
55,36,3,1357.16,1886.9,96.1582,334.879
55,37,0,2074.3,2222.99,499.791,837.823
55,39,0,2347.77,2507.57,662.853,1025.35
55,40,0,957.115,1053.65,4.90385,193.413
55,43,0,1046.68,1144.09,1.00962,172.644
55,46,3,480.608,1033.84,134.846,380.792
56,6,5,413.75,1258.75,560.123,1490.37
56,8,3,1788.25,2181.41,1.98476,190.673
56,9,3,91.25,830.625,1372.94,1902.58
56,11,5,1301.46,1935.59,0,198.641
56,21,0,1147.12,1234.42,2.66827,90
56,23,0,2502.79,2558.75,219.303,491.466
56,25,1,2398.37,2558.83,0,247.669
56,30,3,2136.44,2368.17,0,99.6635
56,32,3,2078.73,2412.16,248.78,515.028
56,36,3,1429.36,1945.06,95.6906,327.159
56,37,0,2112.24,2238.84,467.316,809.667
56,39,0,2355.46,2511.75,643.221,993.412
56,40,0,957.115,1053.65,4.90385,193.413
56,43,0,1045.22,1134.78,6.34616,177.115
56,46,3,587.195,1147.5,125.379,378.599
57,6,5,413.75,1257.5,560.46,1490.59
57,8,3,1784.76,2166.48,0,191.989
57,9,3,92.8125,831.25,1372.2,1904.12
57,11,5,1285.67,1934.83,0,195.54
57,21,0,1147.12,1234.42,2.66827,90
57,19,0,2535.67,2559.71,211.731,487.5
57,23,0,2502.79,2558.75,219.303,491.466
57,25,1,2431.68,2556.01,2.45193,244.327
57,30,3,2131.35,2364.04,0,102.548
57,32,3,2106.18,2444.61,234.572,495.065
57,36,3,1503.44,2002.42,94.6045,323.795
57,37,0,2132.64,2257.15,437.411,776.994
57,39,0,2365.26,2516.15,612.048,970.479
57,43,0,1045.22,1134.78,6.34616,177.115
57,45,0,1403.99,1511.39,46.3702,224.495
57,46,3,695.578,1252.61,130.764,373.853
58,6,5,413.438,1256.25,555.966,1494.65
58,8,3,1771.89,2140.78,0.402503,188.126
58,9,3,91.5625,828.75,1374.37,1904.87
58,11,5,1219.89,1864.63,0,186.559
58,19,0,2535.67,2559.71,211.731,487.5
58,25,1,2431.68,2556.01,2.45193,244.327
58,30,3,2133.56,2352.6,0,99.0865
58,32,3,2143.43,2463.7,221.532,482.901
58,36,3,1561.96,2054.04,89.3417,326.053
58,37,0,2152.48,2287.77,420.487,745.431
58,39,0,2372.85,2522.45,593.483,931.391
58,45,0,1370.43,1475.72,36.9952,233.149
58,46,3,798.951,1352.18,121.54,380.464
59,6,5,412.5,1260,554.796,1494.28
59,8,3,1748.26,2134.62,0.228274,180.056
59,9,3,92.5,828.75,1373.56,1904.34
59,11,5,1181.97,1896.68,0,186.571
59,30,3,2128.08,2358.08,0.649037,104.639
59,32,3,2181.12,2503.82,213.565,464.109
59,36,3,1634.92,2124.61,91.4576,321.181
59,37,0,2182.33,2308.62,392.278,716.033
59,39,0,2379.46,2521.63,557.943,911.237
59,45,0,1328.89,1460.34,47.8125,230.841
59,46,3,895.198,1448.7,117.177,363.476
60,6,5,411.25,1260,555.629,1494.54
60,8,3,1705.39,2107.54,2.8737,179.31
60,9,3,93.125,827.5,1374.65,1904.22
60,11,5,1181.97,1896.68,0,186.571
60,30,3,2108.27,2445.58,0,110.805
60,32,3,2213.31,2549.35,196.576,449.733
60,36,3,1703.9,2168.35,88.3194,317.482
60,37,0,2208.45,2340.93,371.893,691.252
60,39,0,2384.1,2526.27,542.435,881.976
60,40,0,860.673,967.019,8.4375,221.322
60,45,0,1328.89,1460.34,47.8125,230.841
60,46,3,1003.17,1543.98,114.12,356.882
60,49,0,2340.03,2560,1531.76,1913.82
60,50,0,607.308,751.154,5.33654,210.144
61,6,5,411.875,1258.12,557.692,1493.17
61,8,3,1701.74,2081.69,6.74498,202.663
61,9,3,92.5,825,1373.55,1905.37
61,11,5,1133.45,1919.75,0,199.02
61,30,3,2096.83,2389.33,0,108.317
61,32,3,2244.15,2559.91,184.667,442.944
61,36,3,1754.34,2224.81,86.2277,313.441
61,37,0,2231.56,2364.82,358.029,657.783
61,39,0,2394.05,2539.9,518.49,850.774
61,43,0,1007.5,1089.42,20.1202,209.062
61,40,0,835.096,946.442,14.351,222.188
61,46,3,1103.93,1634.02,115.138,351.922
61,49,0,2334.5,2560,1459.14,1915.26
61,50,0,575.192,720.192,11.3221,219.447
61,15,0,667.933,792.067,54.5192,274.327
62,6,5,412.5,1258.75,556.954,1493.12
62,8,3,1684.36,2079.74,1.5869,205.284
62,9,3,93.125,830,1372.53,1905.42
62,11,5,1133.45,1919.75,0,199.02
62,30,3,2043.64,2549.99,0,136.198
62,32,3,2283.83,2557.72,167.597,440.96
62,36,3,1811.76,2269.51,84.4536,306.458
62,37,0,2262.27,2391.49,337.591,641.138
62,39,0,2395.26,2544.1,495.119,839.293
62,43,0,988.534,1086.85,9.66346,202.067
62,40,0,815.144,923.317,7.71635,229.688
62,46,3,1194.02,1732.46,110.239,354.234
62,49,0,2325.03,2560,1403.29,1916
62,50,0,550.433,687.26,8.22116,226.154
62,15,0,653.99,772.933,50.9135,278.51
63,6,5,414.062,1258.75,560.054,1489.96
63,8,3,1662.93,2051.61,2.24009,203.294
63,9,3,95.3125,828.75,1373.07,1903.98
63,11,5,1233.62,1860.66,0,223.211
63,22,0,1129.81,1265.58,3.31731,155.481
63,30,3,2077.6,2408.56,3.89423,112.644
63,32,3,2314.72,2559.09,152.26,417.99
63,36,3,1866.15,2311.91,76.9719,303.299
63,37,0,2284.24,2419.86,308.878,612.758
63,39,0,2416.21,2549.34,474.263,802.455
63,43,0,970.144,1063.7,16.3702,216.562
63,40,0,788.269,904.039,17.1635,229.038
63,46,3,1289.44,1810.2,107.292,346.948
63,49,0,2322.19,2555.89,1340.5,1919.07
63,50,0,513.125,654.567,18.75,229.471
63,15,0,637.356,756.49,52.5,286.731
64,6,5,411.875,1255.62,558.028,1491.45
64,8,3,1657.97,2047.98,5.87682,209.649
64,9,3,94.6875,827.5,1375.96,1904.67
64,11,5,1233.3,1853.95,0,196.429
64,22,0,1107.88,1224.42,0.649037,161.178
64,30,3,2059.04,2334.81,0.757213,109.075
64,32,3,2350.92,2558.56,140.006,411.241
64,36,3,1919.38,2353.93,77.8848,295.223
64,37,0,2320.99,2446,290.202,585.417
64,39,0,2426.44,2549.56,461.264,776.018
64,43,0,962.356,1046.88,17.3077,224.135
64,40,0,765.865,886.442,19.1106,235.889
64,45,0,1197.88,1319.04,52.3558,262.644
64,46,3,1378.64,1891.33,108.427,343.11
64,49,0,2310.28,2551.8,1291.1,1867.69
64,50,0,475.673,625.865,20.1923,236.683
64,15,0,620.721,740.817,51.3462,297.115
65,6,5,413.438,1252.5,557.286,1493.79
65,8,3,1632.2,2024.98,15.0046,194.351
65,9,3,93.125,831.25,1371.51,1906.59
65,11,5,1255.24,1824.5,0,188.652
65,22,0,1090.24,1229.76,0,163.053
65,30,3,2059.04,2334.81,0.757213,109.075
65,32,3,2389.13,2560,142.796,401.295
65,36,3,1973.96,2387.86,66.6977,291.017
65,37,0,2340.56,2485.6,279.809,563.784
65,39,0,2436.97,2553.8,453.173,750.288
65,43,0,944.639,1038.44,10.3846,225.865
65,40,0,745.433,856.106,20.6971,240.938
65,45,0,1163.08,1290.77,49.9039,268.558
65,46,3,1448.32,1965.15,99.114,336.419
65,49,0,2295.61,2544.98,1228.08,1789.53
65,50,0,437.163,592.837,21.4904,234.663
65,15,0,613.269,722.885,81.5625,304.976
66,6,5,413.75,1247.5,558.898,1491.53
66,8,3,1588.84,2019.2,16.9949,203.303
66,9,3,94.6875,833.75,1371.64,1906.71
66,11,5,1186.9,1850.49,0,201.744
66,15,0,827.019,908.365,4.75962,184.471
66,22,0,1090.24,1229.76,0,163.053
66,30,3,2043.08,2338.46,2.48798,114.772
66,32,3,2427.69,2560,134.135,392.308
66,36,3,2019.85,2433.54,68.3828,284.03
66,37,0,2389.76,2496.39,262.861,536.755
66,39,0,2449.09,2557.07,425.337,741.202
66,43,0,925.192,1017.88,13.9904,234.375
66,40,0,728.798,840.433,28.3413,247.284
66,45,0,1134.71,1259.13,53.726,272.236
66,46,3,1535.27,2035.53,98.3873,333.587
66,49,0,2280.63,2534.62,1174.6,1722.64
66,50,0,437.163,592.837,21.4904,234.663
66,15,0,620.889,711.418,106.875,302.163
67,6,5,415,1250,560.709,1490.16
67,8,3,1595.52,2003.75,14.4515,218.647
67,9,3,91.5625,835,1371.51,1907.52
67,11,5,1152.92,1874.3,0,186.18
67,15,0,803.558,888.75,8.79808,194.567
67,30,3,2043.08,2338.46,2.48798,114.772
67,32,3,2453.65,2558.65,122.668,372.332
67,36,3,2061.13,2490.36,49.6763,284.388
67,37,0,2426.49,2536.59,240.433,523.99
67,39,0,2456.01,2556.3,412.789,711.058
67,43,0,910.577,997.115,18.1731,240.577
67,40,0,715.096,823.365,53.5817,249.591
67,45,0,1098.7,1235.14,57.1875,275.12
67,46,3,1605.79,2095,95.4037,325.716
67,49,0,2271.27,2515.13,1129.15,1663.46
67,15,0,620.889,711.418,106.875,302.163
67,55,3,82.3444,765.997,166.393,394.802
68,6,5,415,1252.5,560.053,1490.18
68,8,3,1592.85,1978.31,10.5066,237.637
68,9,3,91.5625,832.5,1370.58,1907.12
68,11,5,1105.24,1775.67,0,201.63
68,15,0,780.481,870.288,12.476,195.072
68,32,3,2500.84,2557.62,113.654,371.25
68,36,3,2095.56,2524.72,54.2229,281.381
68,37,0,2470.38,2560,232.861,472.139
68,39,0,2480.48,2559.52,370.24,700.529
68,43,0,883.99,977.548,23.6538,243.462
68,40,0,698.173,799.519,41.7548,234.303
68,45,0,1056.68,1197.16,61.9471,280.457
68,46,3,1679.36,2162.37,106.592,318.249
68,49,0,2251.5,2496.94,1080.79,1608.23
68,55,3,200.684,866.546,150.385,400.166
69,6,5,414.062,1250,561.088,1489.4
69,8,3,1562.9,1957.89,17.3479,235.031
69,9,3,91.875,835,1373.15,1906.56
69,11,5,1111.1,1756.16,0,205.62
69,15,0,780.481,870.288,12.476,195.072
69,32,3,2500.84,2557.62,113.654,371.25
69,36,3,2147.84,2537.57,44.3507,279.493
69,37,0,2470.38,2560,232.861,472.139
69,39,0,2498.58,2559.88,355.24,689.567
69,43,0,865.913,964.856,27.476,234.591
69,40,0,698.173,799.519,41.7548,234.303
69,45,0,1029.71,1164.13,67.0673,287.163
69,46,3,1742.74,2205.69,92.9087,319.374
69,49,0,2237.88,2476.55,1040.96,1549.93
69,55,3,280.532,958.367,153.375,387.543
70,6,5,414.375,1250.62,560.936,1488.91
70,8,3,1555.23,1941.26,21.0282,232.195
70,9,3,90,840,1375.51,1902.44
70,11,5,1106.22,1741.9,0,207.866
70,30,3,1973.46,2395.77,4.29087,122.127
70,36,3,2212.37,2546.13,50.4649,266.085
70,39,0,2520.87,2560,265.119,688.305
70,43,0,850.433,949.567,36.4183,220.168
70,45,0,998.654,1138.27,72.2596,280.24
70,46,3,1785.11,2261.65,83.5388,315.8
70,49,0,2230.35,2462.98,994.371,1492.88
70,55,3,422.754,1067.5,143.879,381.734
70,56,5,1208.75,2315,1423.96,1919.34
71,6,5,413.125,1254.38,560.697,1489.92
71,8,3,1537.1,1940.87,27.0675,237.642
71,9,3,90.625,836.25,1375,1902.95
71,11,5,1087.82,1738.26,0,211.685
71,30,3,1986.92,2302.31,3.35336,119.531
71,36,3,2249.46,2557.53,45.7537,262.403
71,39,0,2520.87,2560,265.119,688.305
71,43,0,850.433,949.567,36.4183,220.168
71,45,0,998.654,1138.27,72.2596,280.24
71,46,3,1848.31,2307.4,81.7563,312.942
71,49,0,2216.3,2451.11,962.364,1438.4
71,55,3,518.284,1182.04,142.857,376.54
71,56,5,1220,2300,1358.11,1919.53
71,57,3,107.683,981.447,1756.57,1920
72,6,5,413.125,1251.88,559.534,1490.57
72,8,3,1513.17,1922.84,24.6202,242.596
72,9,3,87.5,836.875,1377.26,1899.89
72,11,5,1034.43,1649.65,0,220.216
72,30,3,1977.5,2290.19,0.90144,114.267
72,36,3,2291.55,2555.98,40.7515,264.627
72,46,3,1898.16,2347.36,74.12,304.489
72,49,0,2207.3,2440.28,915.706,1392.2
72,55,3,603.201,1294.57,141.425,371.963
72,56,5,1225.62,2292.5,1303.55,1901.32
72,57,3,103.668,987.3,1758.54,1919.98
73,6,5,414.375,1251.88,557.789,1493.38
73,8,3,1504.54,1905.46,22.6298,247.223
73,9,3,88.125,837.5,1378.66,1900.01
73,11,5,1054.83,1636.46,0,218.383
73,30,3,1944.04,2271.35,2.1274,128.618
73,36,3,2329.5,2559.06,25.2343,253.749
73,46,3,1948.83,2367.45,66.0464,303.467
73,49,0,2196.69,2425.53,881.053,1344.92
73,50,0,129.375,287.163,66.4904,288.894
73,15,0,522.788,643.365,111.563,315.072
73,55,3,720.313,1376.81,130.907,370.373
73,56,5,1245,2272.5,1242.95,1909.97
73,57,3,105.602,985.79,1756.84,1920
74,6,5,415.312,1252.5,556.907,1493.64
74,8,3,1489.01,1887.88,21.7022,251.762
74,9,3,88.125,835.625,1376.79,1901.83
74,11,5,1040.95,1644.27,4.53147,205.438
74,30,3,1924.62,2256.92,2.23558,158.005
74,36,3,2342.98,2560,22.5174,251.255
74,46,3,1990.33,2410.74,66.5959,296.909
74,49,0,2195.78,2414.32,852.8,1302.73
74,50,0,75.8101,264.563,49.6326,304.559
74,15,0,508.173,631.827,108.389,316.226
74,55,3,829.239,1466.16,129.913,372.542
74,56,5,1251.25,2261.25,1187.21,1917.65
74,57,3,103.243,987.307,1756.38,1920
75,6,5,414.375,1253.12,558.127,1492.92
75,8,3,1484.51,1876.81,29.5156,251.736
75,9,3,88.75,833.75,1376.06,1901.99
75,11,5,974.994,1657.98,0,231.264
75,30,3,1884.46,2290.11,9.61472,159.208
75,36,3,2397.5,2559.42,26.25,228.173
75,40,0,518.243,686.329,38.4756,289.205
75,46,3,2038.55,2447.52,59.3231,288.822
75,49,0,2192.72,2404.02,818.256,1259.21
75,50,0,38.2692,211.923,95.4087,298.053
75,15,0,497.356,624.183,134.928,320.264
75,55,3,922.65,1572.29,128.968,366.374
75,56,5,1257.5,2237.5,1141.18,1920
75,57,3,104.238,984.856,1755.86,1920
76,6,5,415.625,1251.88,556.803,1492.51
76,8,3,1475.25,1845.5,38.9543,260.228
76,9,3,92.1875,831.25,1371.17,1904.11
76,11,5,991.925,1681.95,0,264.861
76,30,3,1868.51,2245.05,3.31148,168.09
76,36,3,2421.73,2559.81,15.5769,232.356
76,21,0,678.269,782.5,0.504806,175.745
76,40,0,493.376,663.111,50.3173,320.627
76,45,0,781.875,913.51,97.6442,332.74
76,46,3,2075.39,2477.88,62.297,281.26
76,49,0,2189.37,2398.44,785.863,1221.42
76,50,0,38.2692,211.923,95.4087,298.053
76,15,0,497.356,624.183,134.928,320.264
76,55,3,1021.66,1650.55,113.718,367.65
76,56,5,1275,2222.5,1080.31,1920
76,57,3,103.747,978.365,1751.02,1920
77,6,5,412.5,1260,560.15,1489.03
77,8,3,1469.12,1840.18,35.0768,240.046
77,9,3,96.5625,828.75,1372.74,1905.98
77,11,5,951.19,1667.65,0,237.253
77,30,3,1863.75,2234.08,3.62876,178.606
77,36,3,2447.64,2560,21.9231,224.567
77,21,0,655.529,758.317,2.95673,188.293
77,15,0,480.625,632.452,100.889,322.572
77,45,0,757.404,873.365,106.803,347.236
77,46,3,2117.26,2505.28,59.6798,277.31
77,49,0,2179.44,2392.56,757.979,1179.21
77,50,0,0,119.231,82.6442,304.471
77,55,3,1105.89,1733.55,115.519,358.711
77,56,5,1265,2220,998.078,1920
77,57,3,103.747,978.365,1751.02,1920
78,6,5,410.625,1261.88,560.71,1488.23
78,8,3,1461.22,1822.89,34.337,234.681
78,9,3,96.25,828.75,1373.27,1907.2
78,11,5,920.031,1616.66,0,253.892
78,30,3,1842.82,2230.93,1.97464,176.44
78,36,3,2491.92,2560,17.8125,226.659
78,21,0,636.058,760.865,4.03846,192.692
78,15,0,474.519,623.173,98.6539,323.077
78,45,0,730.433,838.029,114.087,354.952
78,46,3,2157.42,2532.03,53.6063,276.425
78,49,0,2175.06,2389.04,733.025,1142.39
78,50,0,0,71.0817,90.5769,306.923
78,55,3,1188.3,1804.12,113.121,356.239
78,56,5,1267.5,2210,971.027,1920
78,27,3,2205.38,2508.46,0,100.132
79,6,5,412.812,1260,561.475,1487.64
79,8,3,1457.31,1807.31,57.9087,196.226
79,9,3,95,826.875,1368.9,1908.15
79,11,5,905.786,1534.37,0,260.209
79,30,3,1839.9,2206.19,3.42124,180.202
79,36,3,2491.92,2560,17.8125,226.659
79,21,0,611.154,730.385,1.22596,198.101
79,15,0,455.865,598.75,89.9279,324.014
79,45,0,702.212,808.558,119.495,370.889
79,46,3,2181.49,2538.77,57.6738,264.503
79,49,0,2177.26,2382.59,701.336,1103.81
79,50,0,0,71.0817,90.5769,306.923
79,55,3,1278.89,1898.33,121.593,347.451
79,56,5,1271.25,2191.25,954.808,1920
79,57,3,110.016,968.974,1753.94,1920
79,27,3,2191.54,2497.69,0,98.4014
80,6,5,410.312,1260,557.882,1490.4
80,8,3,1360.49,1834.88,34.522,235.331
80,9,3,97.5,826.875,1374.33,1906.63
80,11,5,886.167,1443.06,0,260.446
80,30,3,1824.72,2198.69,4.42902,183.425
80,21,0,601.394,697.067,4.61539,193.99
80,15,0,473.413,586.587,130.601,334.399
80,45,0,668.558,779.904,127.284,378.966
80,46,3,2225.17,2555.36,54.9622,263.745
80,49,0,2181.94,2376.69,680.367,1067.54
80,55,3,1354.83,1972.46,114.745,345.283
80,56,5,1274.38,2167.5,920.627,1920
80,57,3,110.016,968.974,1753.94,1920
80,27,3,2190.19,2477.5,1.26202,97.2476
81,6,5,410.938,1257.5,558.336,1491.08
81,8,3,1379.7,1803.73,34.3744,251.686
81,9,3,95.3125,827.5,1373.68,1906.57
81,11,5,857.078,1397.23,0,262.233
81,30,3,1815.88,2176.93,5.92597,185.535
81,21,0,580.625,677.067,4.90385,191.25
81,15,0,459.087,578.606,129.519,331.731
81,45,0,630.865,753.75,132.548,397.933
81,46,3,2264.41,2560,44.8634,260.774
81,49,0,2181.4,2370.98,651.841,1037.58
81,55,3,1462.78,2045.4,112.437,341.349
81,56,5,1282.5,2155,886.375,1912.55
81,27,3,2170.1,2423.75,1.08173,102.332
82,6,5,411.875,1260.62,559.22,1489.24
82,8,3,1380.62,1751.96,41.3856,280.092
82,9,3,96.25,828.125,1371.66,1906.08
82,11,5,845.325,1337.23,0,270.927
82,30,3,1818.52,2160.53,1.99424,192.767
82,21,0,580.625,677.067,4.90385,191.25
82,15,0,453.51,565.721,131.106,331.875
82,45,0,579.856,693.221,151.587,414.375
82,46,3,2301.94,2553.9,38.75,263.064
82,49,0,2188.86,2375.73,627.418,1010.53
82,55,3,1554.49,2102.75,111.521,342.284
82,56,5,1282.5,2140,847.262,1913.2
82,27,3,2160.19,2399.81,0,100.637
83,6,5,413.75,1260,558.161,1490.68
83,8,3,1364.5,1745.84,47.8896,275.464
83,9,3,95.625,828.75,1372.16,1905.84
83,11,5,810.888,1328.54,0,268.282
83,30,3,1799.52,2123.56,0.576925,157.212
83,15,0,443.51,567.26,126.779,335.337
83,45,0,538.894,655.721,167.885,428.654
83,46,3,2334.13,2560,39.9519,241.298
83,49,0,2195.39,2379.59,603.026,981.442
83,55,3,1598.85,2175.95,100.781,330.785
83,56,5,1295,2126.25,824.883,1880.92
83,27,3,2153.46,2409.62,0,99.2668
83,61,3,0,290.914,139.162,411.858
84,6,5,411.25,1257.5,558.047,1490.79
84,8,3,1353.4,1747.19,54.0762,281.456
84,9,3,97.1875,827.5,1376.26,1904.54
84,11,5,795.674,1302.39,2.39303,273.404
84,30,3,1774.81,2117.5,3.10096,126.13
84,15,0,443.51,567.26,126.779,335.337
84,45,0,495.962,612.5,174.375,441.202
84,46,3,2361.36,2555.92,16.8779,246.063
84,49,0,2203.12,2384.33,583.465,950.306
84,55,3,1674.94,2234.56,101.929,329.781
84,56,5,1286.25,2120,800.964,1814.56
84,27,3,2136.06,2414.71,0,111.346
84,61,3,8.9986,350.252,122.941,403.511
84,43,0,644.231,751.154,103.341,308.87
85,6,5,414.688,1257.5,559.372,1489.84
85,8,3,1336.79,1738.2,57.1263,281.145
85,9,3,99.6875,833.75,1372.86,1906.64
85,11,5,785.41,1286.1,0.555682,282.328
85,30,3,1781.15,2111.15,7.13943,156.562
85,45,0,462.452,569.856,183.966,453.534
85,46,3,2399.86,2560,29.9279,231.562
85,49,0,2216.93,2387.7,562.476,920.513
85,55,3,1747.62,2291.35,95.5204,322.678
85,56,5,1292.5,2105,779.277,1766.14
85,27,3,2119.52,2385.1,0,114.844
85,61,3,8.9986,350.252,122.941,403.511
85,43,0,640.817,746.875,104.279,315.144
86,6,5,415.312,1251.25,558.188,1489.11
86,8,3,1329.42,1728.48,58.6096,285.296
86,9,3,99.6875,828.75,1374.82,1902.03
86,11,5,771.891,1282.71,0,285.313
86,30,3,1742.89,2128.35,0.948379,187.12
86,45,0,462.452,569.856,183.966,453.534
86,46,3,2430.19,2560,19.399,227.524
86,49,0,2229.97,2395.29,538.889,889.894
86,55,3,1813.83,2335.55,89.5358,318.531
86,56,5,1308.75,2098.75,765.971,1717.81
86,27,3,2113.94,2396.83,0.46875,118.089
86,61,3,10.9424,526.392,132.219,415.232
86,43,0,632.933,733.99,125.697,325.745
87,6,5,414.375,1255.62,558.184,1490.13
87,8,3,1318.84,1714.79,58.7001,289.379
87,9,3,99.0625,836.25,1373.91,1905.48
87,11,5,760.629,1266.48,0,287.406
87,30,3,1741.79,2085.05,4.78397,192.004
87,46,3,2460.14,2560,26.4663,220.601
87,49,0,2238.99,2402.02,517.938,863.459
87,55,3,1863.75,2378.95,89.5705,310.008
87,56,5,1317.5,2085,729.014,1688.9
87,27,3,2099.23,2390,1.18991,122.127
87,61,3,4.43525,612.785,106.552,426.349
87,43,0,620.385,730.385,108.245,325.312
87,64,3,1620.38,1970.38,2.09135,120.288
88,6,5,411.25,1255,557.37,1491.71
88,8,3,1305.32,1703.9,61.2747,291.335
88,9,3,97.5,833.125,1371.65,1905.79
88,11,5,740.361,1263.8,0,288.611
88,30,3,1752.86,2082.72,9.71061,197.343
88,46,3,2495.07,2560,20.1202,222.043
88,49,0,2249.65,2420.34,506.503,834.876
88,55,3,1937.28,2415.86,90.9252,313.472
88,56,5,1312.5,2063.75,710.881,1632.53
88,27,3,2084.52,2377.02,1.65866,118.125
88,61,3,4.59637,646.515,111.201,417.062
88,43,0,623.75,729.327,99.3029,322.139
88,64,3,1591.35,1928.65,2.19952,120.18
89,6,5,410,1266.25,561.557,1486.36
89,8,3,1293.78,1693.43,57.9983,294.32
89,9,3,97.5,840.625,1374.88,1901.97
89,11,5,748.815,1233.12,0.118718,301.164
89,30,3,1754.94,2067.79,6.44993,206.207
89,46,3,2495.07,2560,20.1202,222.043
89,49,0,2264.55,2433.5,483.452,812.487
89,55,3,1983.12,2467.22,86.3964,309.188
89,56,5,1313.75,2056.25,705.026,1607.97
89,27,3,2081.73,2370.58,2.66827,126.13
89,61,3,30.2792,724.697,146.456,406.656
89,43,0,623.75,729.327,99.3029,322.139
89,64,3,1524.82,1971.1,0,139.195
90,6,5,409.375,1256.88,560.846,1488.93
90,8,3,1280.61,1686.66,60.6998,298.701
90,9,3,96.5625,841.25,1376.53,1901.46
90,11,5,743.509,1231.53,1.14565,301.127
90,30,3,1746.87,2051.43,7.71588,214.52
90,49,0,2274.11,2440.72,465.413,789.761
90,55,3,2028.35,2489.16,70.0057,302.437
90,56,5,1321.25,2042.5,658.377,1593.99
90,27,3,2063.08,2383.08,0.865381,130.096
90,61,3,77.449,779.71,162.456,402.324
90,64,3,1521.5,1963.08,0,157.988
91,6,5,407.812,1252.5,558.77,1490.03
91,8,3,1273.26,1674.08,65.2055,300.319
91,9,3,95.9375,841.25,1378.91,1900.12
91,11,5,753.765,1221.66,2.79632,299.102
91,30,3,1741.83,2039.71,6.49038,206.394
91,49,0,2294.57,2451.66,451.351,766.412
91,55,3,2078.65,2535.18,64.4194,298.816
91,56,5,1321.25,2036.25,645.66,1569.47
91,27,3,2040.29,2322.79,0.649037,129.303
91,61,3,193.113,854.115,172.947,402.446
91,64,3,1479.3,1928.53,0,160.877
92,6,5,411.562,1261.25,562.145,1486.28
92,8,3,1263.77,1670.56,64.4246,302.971
92,9,3,99.0625,840,1377.77,1900.07
92,11,5,731.548,1201.79,0,294.286
92,30,3,1747.88,2033.65,5.55288,208.341
92,40,0,49.8077,188.846,149.784,346.659
92,49,0,2311.34,2473.34,434.73,742.005
92,55,3,2113.17,2555.46,58.5771,289.171
92,56,5,1322.5,2031.25,613.823,1531.79
92,27,3,2028.65,2282.12,0,133.413
92,61,3,241.546,913.942,158.507,408.959
92,64,3,1469.81,1831.73,3.10096,149.784
93,6,5,411.562,1257.5,563.254,1485.13
93,8,3,1252.75,1657.11,66.2064,304.353
93,9,3,97.5,837.5,1379.15,1899.11
93,11,5,728.907,1195.26,3.7099,300.631
93,30,3,1745.29,2023.94,10.3846,206.25
93,40,0,14.375,167.163,132.764,364.832
93,45,2,216.587,305.721,338.365,651.058
93,49,0,2330.36,2480.12,419.105,726.343
93,55,3,2169.06,2548.73,60.9826,288.779
93,56,5,1340.02,2022.93,608.966,1493.42
93,27,3,2014.62,2283.85,1.11779,136.046
93,61,3,354.753,998.87,162.045,394.618
93,64,3,1433.34,1866.02,0,162.551
94,6,5,410.938,1252.5,565.836,1484.9
94,8,3,1245.68,1646.84,66.3672,307.262
94,9,3,96.25,840.625,1378.5,1899.91
94,11,5,727.664,1190.59,0,277.706
94,30,3,1756.15,2019.23,17.0913,212.957
94,40,0,0,141.49,154.688,378.101
94,45,0,173.624,307.862,338.433,675.908
94,49,0,2351.61,2492.29,404.361,703.129
94,55,3,2225.3,2550.77,63.1721,286.372
94,56,5,1317.34,2019.18,598.959,1484.71
94,27,3,2009.04,2277.12,1.58654,150.433
94,61,3,383.791,1086.39,162.003,394.378
94,64,3,1441.54,1786.15,3.0649,130.781
95,6,5,410.625,1254.38,566.35,1483.07
95,8,3,1239.09,1640.64,67.5683,306.501
95,9,3,97.5,839.375,1378.25,1899.8
95,11,5,736.596,1182.57,2.33036,275.6
95,18,0,1702.16,1799.38,5.76923,187.644
95,30,3,1762.4,2016.06,17.2356,211.659
95,40,0,0,141.49,154.688,378.101
95,45,0,141.126,274.972,357.705,701.9
95,49,0,2367.62,2511.5,387.231,686.62
95,55,3,2258.63,2560,55.8401,278.197
95,56,5,1323.99,2010.57,579.292,1457.72
95,27,3,1996.06,2274.71,2.74039,150.577
95,61,3,495.569,1162.41,156.677,392.107
95,64,3,1410.29,1726.63,6.16586,152.055
96,6,5,411.875,1260.62,564.992,1483.5
96,8,3,1230.08,1639.2,69.406,304.807
96,9,3,96.5625,841.25,1378.43,1901.18
96,11,5,707.907,1181.46,9.13261,254.03
96,18,0,1702.16,1799.38,5.76923,187.644
96,30,3,1769.04,2018.65,20.625,218.51
96,45,0,95.5281,241.136,396.72,722.18
96,49,0,2379.28,2535.26,365.609,662.776
96,51,0,501.442,640.096,37.2115,243.173
96,55,3,2293.03,2560,44.5033,280.502
96,56,5,1318.15,2010.12,563.675,1418.83
96,27,3,1990.77,2280,2.45193,150.577
96,61,3,559.977,1244.97,160.998,389.323
96,64,3,1390.67,1715.48,4.29086,151.046
97,6,5,411.25,1252.5,565.979,1483.7
97,8,3,1225.16,1634.98,68.5339,309.458
97,9,3,96.25,838.75,1378.59,1899.91
97,11,5,644.711,1205.83,13.3867,248.529
97,18,0,1702.96,1792.43,16.6587,183.245
97,30,3,1784.21,2032.94,15.0257,236.077
97,45,0,44.3729,191.554,409.76,761.108
97,49,0,2402.85,2548.45,356.822,645.023
97,51,0,501.442,640.096,37.2115,243.173
97,55,3,2329.08,2560,52.0197,280.423
97,56,5,1321.93,2006.51,535.661,1423.58
97,27,3,1981.35,2277.12,0.793269,153.966
97,61,3,668.842,1336.66,154.805,394.578
97,43,0,520.913,641.394,134.784,359.062
97,64,3,1338.94,1696.44,11.7188,150.397
98,6,5,412.812,1255,562.761,1486.21
98,8,3,1223.5,1628.95,72.416,304.195
98,9,3,95.9375,837.5,1376.36,1901.03
98,11,5,644.711,1205.83,13.3867,248.529
98,18,0,1700.5,1785.65,13.8462,188.221
98,30,3,1789.67,2047.66,19.8369,237.781
98,45,0,3.20919,140.866,430.133,804.05
98,49,0,2426.08,2557.21,334.592,631.107
98,55,3,2353.27,2560,37.808,275.89
98,56,5,1330.86,1999.25,533.282,1402.75
98,27,3,1971.92,2274.23,2.8125,154.111
98,61,3,779.951,1408.53,159.46,387.841
98,43,0,511.587,628.413,120.144,360.433
98,64,3,1337.31,1664.23,7.06731,155.192
99,6,5,412.812,1253.75,566.483,1482.53
99,8,3,1231.48,1621.21,81.6227,285.818
99,9,3,95.625,834.375,1375.63,1902.21
99,11,5,667.565,1177.13,14.9215,299.493
99,18,0,1700.53,1779.47,12.6202,187.861
99,30,3,1790.04,2060.62,20.4207,237.197
99,45,0,0.159492,82.9828,466.03,893.264
99,49,0,2446.39,2556.68,321.058,614.135
99,55,3,2395.48,2560,47.524,257.38
99,56,5,1328.94,1992.13,528.45,1365.22
99,27,3,1953.94,2230.67,4.83173,155.986
99,61,3,830.726,1481.48,163.105,386.059
99,43,0,511.587,628.413,120.144,360.433
99,64,3,1316.44,1651.25,2.95673,154.255
100,6,5,412.188,1251.25,562.198,1485.65
100,8,3,1251.84,1603.66,82.0906,282.679
100,9,3,95.9375,837.5,1375.8,1903.81
100,11,5,666.287,1156.63,0,324.785
100,18,0,1697.74,1782.26,12.1875,190.312
100,30,3,1794.68,2083.55,21.9756,243.135
100,45,0,0.159492,82.9828,466.03,893.264
100,49,0,2472.28,2558.49,306.49,607.356
100,55,3,2423.37,2560,33.4615,252.115
100,56,5,1330.66,1984.85,516.487,1351.02
100,27,3,1952.12,2226.35,3.75,159.808
100,61,3,913.456,1567.4,150.352,384.692
100,43,0,471.635,589.135,135.721,361.01
100,64,3,1270.58,1624.81,4.83173,150.216
100,70,0,2239.57,2474.18,1317.34,1894.78
101,6,5,413.75,1255,566.773,1483.04
101,8,3,1251.84,1603.66,82.0906,282.679
101,9,3,93.125,835.625,1372.18,1904.53
101,11,5,661.635,1161.47,1.814,322.823
101,18,0,1695.12,1781.8,9.80769,198.173
101,30,3,1797.96,2115.43,22.8307,250.432
101,22,0,152.837,286.779,116.971,343.99
101,49,0,2491.9,2560,282.115,579.808
101,55,3,2454.9,2560,27.1154,247.788
101,56,5,1329.6,1978.07,505.065,1329.87
101,57,3,106.029,976.386,1757.03,1920
101,27,3,1929.42,2236.73,7.35577,156.058
101,61,3,1003.91,1626.99,142.973,383.111
101,43,0,469.423,570.577,150.721,385.24
101,64,3,1253.85,1613.85,0.829325,129.555
101,70,0,2233.85,2470.99,1247.42,1808.05
102,6,5,416.875,1253.12,567.798,1482.5
102,9,3,92.1875,831.25,1372.84,1902.95
102,11,5,649.901,1147.12,3.47332,322.373
102,18,0,1703.08,1789.23,11.6827,195.433
102,30,3,1800.71,2125.54,19.4279,251.916
102,22,0,124.423,260.192,108.822,353.87
102,49,0,2491.9,2560,282.115,579.808
102,55,3,2454.9,2560,27.1154,247.788
102,56,5,1330.23,1970.51,501.844,1308.73
102,57,3,106.44,973.405,1758.01,1920
102,27,3,1945.58,2223.65,3.96634,158.87
102,61,3,1064.18,1712.4,145.866,377.419
102,43,0,450.24,557.452,153.029,398.221
102,64,3,1225.1,1574.9,1.44231,137.74
102,70,0,2231.47,2453.02,1183.46,1726.44
103,6,5,415.938,1252.5,565.863,1484.15
103,9,3,92.1875,833.75,1372.73,1903.73
103,11,5,634.256,1118.77,2.36747,329.428
103,18,0,1703.56,1791.83,11.6106,200.697
103,30,3,1811.13,2148.08,23.7343,244.253
103,22,0,99.4231,232.308,123.245,356.755
103,56,5,1328.79,1964.4,485.367,1276.84
103,57,3,102.647,978.975,1756.97,1920
103,27,3,1908.75,2202.02,3.75,157.5
103,61,3,1141.56,1785.04,137.638,374.653
103,43,0,429.712,541.827,156.923,394.038
103,64,3,1213.28,1552.13,0,199.757
103,70,0,2223.86,2436.06,1129.23,1652.56
103,71,0,2462.34,2553.52,939.676,1475.16
104,6,5,414.688,1252.5,563.195,1485.75
104,9,3,90.3125,835,1373.69,1902.54
104,11,5,624.045,1106.08,0,330.919
104,18,0,1705.58,1792.88,5.91346,205.24
104,30,3,1814.81,2148.4,28.262,249.319
104,22,0,76.3942,204.952,129.591,363.678
104,56,5,1328.17,1960.68,482.368,1274.8
104,57,3,102.899,981.798,1758.45,1920
104,27,3,1912.21,2186.25,4.25481,152.236
104,61,3,1217.9,1848.02,141.958,368.174
104,43,0,410.625,520.144,160.601,398.149
104,64,3,1177.19,1531.26,0,191.388
104,70,0,2216.78,2426.62,1078.12,1588.96
104,71,0,2479.73,2554.08,876.021,1412.94
105,6,5,414.688,1248.75,566.088,1484.15
105,8,3,1167.72,1547.12,89.0045,331.544
105,9,3,92.1875,835,1372.77,1903.32
105,11,5,607.984,1092.91,0.404806,333.022
105,18,0,1697.12,1798.27,9.87981,200.264
105,30,3,1827.57,2159.3,30.1849,250.892
105,22,0,52.4519,176.202,163.774,366.13
105,56,5,1327.71,1958.99,468.991,1263.17
105,57,3,102.28,980.321,1756.05,1920
105,27,3,1907.98,2178.17,6.63461,155.048
105,61,3,1294.66,1913.35,137.357,369.533
105,43,0,393.846,505.385,167.38,403.197
105,64,3,1168.46,1513.08,3.60577,161.971
105,70,0,2212.63,2422.57,1024.64,1520.96
105,71,0,2494.26,2559.36,837.119,1347.33
106,6,5,414.062,1251.25,564.773,1485.3
106,8,3,1149.46,1556.89,92.4299,325.97
106,9,3,93.125,832.5,1371.73,1903.98
106,11,5,584.446,1077.07,6.48175,337.075
106,18,0,1711.2,1802.64,21.4183,170.553
106,30,3,1825.89,2167.23,44.5291,255.464
106,22,0,30.6731,145.673,165,376.154
106,56,5,1323.36,1952.48,461.793,1246.14
106,57,3,103.52,978.138,1756.72,1920
106,27,3,1915.29,2170.87,6.23798,121.623
106,61,3,1359.12,1972.54,137.514,362.711
106,43,0,377.019,482.212,185.625,424.76
106,64,3,1136.9,1487.18,9.3269,171.432
106,70,0,2198.9,2407.81,983.474,1465.59
106,71,0,2482.97,2558.49,818.439,1305.76
107,6,5,413.125,1254.38,564.307,1487.2
107,8,3,1141.64,1540.89,96.3947,329.878
107,9,3,90.3125,836.25,1373.99,1901.81
107,11,5,571.95,1059.67,0,343.668
107,18,0,1718.1,1804.98,27.8726,163.089
107,30,3,1834.96,2173.56,34.921,248.681
107,22,0,9.13462,127.019,155.264,383.293
107,56,5,1315.02,1951.87,443.039,1232.58
107,57,3,100.949,978.133,1756.37,1920
107,27,3,1855.67,2159.71,7.96875,117.296
107,61,3,1430.01,2028.79,135.2,358.781
107,43,0,366.923,450.769,203.149,430.312
107,64,3,1126.54,1461.15,9.15866,176.322
107,70,0,2192.99,2389.52,947.29,1400.08
107,71,0,2469.15,2558.88,784.572,1253.45
108,6,5,411.875,1255.62,565.602,1485.23
108,8,3,1123.16,1540.76,103.403,328.848
108,9,3,92.8125,832.5,1373.18,1902.29
108,11,5,552.408,1039.06,0.407481,344.506
108,18,0,1727.16,1805.14,30.5048,142.861
108,30,3,1833.03,2189.97,45.6835,254.951
108,22,0,2.30769,104.808,163.053,394.255
108,56,5,1311.24,1950.9,438.905,1217.15
108,57,3,100.949,978.133,1756.37,1920
108,27,3,1855.67,2159.71,7.96875,117.296
108,61,3,1478.5,2102.5,131.208,357.895
108,43,0,366.923,450.769,203.149,430.312
108,64,3,1107.5,1431.46,2.568,210.765
108,70,0,2191.72,2386.09,889.133,1341.93
108,71,0,2476.18,2559.16,753.467,1217.23
108,76,0,1589.62,1696.54,0.180287,111.887
109,6,5,412.188,1251.25,563.688,1486.35
109,8,3,1111.64,1525.62,101.84,333.422
109,9,3,93.4375,832.5,1373.91,1902.89
109,11,5,541.216,1038.62,0,353.434
109,18,0,1727.16,1805.14,30.5048,142.861
109,30,3,1832.18,2195.7,45.9764,255.73
109,22,0,0.817306,75.7692,171.635,393.173
109,56,5,1322.96,1941.42,434.343,1180.22
109,57,3,103.576,976.488,1755.37,1920
109,61,3,1554.54,2152.29,127.273,355.738
109,64,3,1081.2,1419.96,7.62627,205.636
109,70,0,2186.27,2386.35,859.468,1294.49
109,71,0,2465.65,2560,721.277,1179.18
109,76,0,1557.74,1663.8,1.6226,114.267
110,6,5,412.5,1253.75,563.01,1488.49
110,8,3,1095.7,1511.09,104.122,333.453
110,9,3,93.4375,831.25,1373.24,1904.11
110,11,5,503.111,1003.92,0,358.646
110,30,3,1817.57,2191.9,26.3973,243.497
110,22,0,1.80288,54.8798,201.707,408.101
110,56,5,1320,1942.09,428.087,1184.05
110,57,3,103.576,976.488,1755.37,1920
110,61,3,1607.11,2204.86,117.938,360.937
110,64,3,1059.39,1385.81,8.52814,211.036
110,70,0,2180.57,2367.44,816.118,1245.97
110,71,0,2462.08,2560,695.24,1129.68
110,76,0,1523.7,1630.14,0.793269,117.332
110,15,0,145.288,273.173,218.149,468.966
111,6,5,412.5,1252.5,564.305,1487.76
111,8,3,1084.08,1495.61,107.748,339.584
111,9,3,93.125,831.25,1373.15,1903.8
111,11,5,480.311,981.246,0,368.685
111,30,3,1783.74,2209.58,21.1668,223.476
111,22,0,1.43029,32.6803,207.332,418.63
111,56,5,1319.54,1935.9,424.316,1175.86
111,61,3,1696.88,2255.68,125.571,353.173
111,64,3,1037.61,1360.15,8.82,218.113
111,70,0,2162.28,2350.84,787.846,1194.82
111,71,0,2463.94,2560,667.998,1116.39
111,76,0,1487.64,1592.36,1.51442,118.341
111,15,0,145.288,273.173,218.149,468.966
112,6,5,411.875,1248.12,565.509,1486.26
112,8,3,1059.94,1483.92,102.762,348.101
112,9,3,94.6875,828.75,1373.51,1901.86
112,11,5,452.499,961.944,0,379.591
112,20,0,1655.67,1756.63,0,135.541
112,30,3,1791.61,2201.74,19.143,213.489
112,40,0,1.43029,32.6803,207.332,418.63
112,56,5,1311.45,1934.77,418.968,1159.4
112,61,3,1752.84,2311.36,113.627,355.023
112,64,3,1022.48,1357.21,11.5128,221.779
112,70,0,2151.55,2339.16,748.209,1157.07
112,71,0,2459.5,2559.4,637.961,1051.5
112,76,0,1445.77,1560.38,0,129.231
113,6,5,410.938,1250,565.761,1485.17
113,8,3,1045.85,1465.85,108.376,349.469
113,9,3,88.75,833.125,1374.17,1904.8
113,11,5,440.335,940.781,0,391.136
113,20,0,1617.26,1711.97,1.94711,135.938
113,30,3,1787.24,2173.55,17.1641,250.163
113,56,5,1307.88,1931.19,416.969,1147.17
113,61,3,1805.56,2364.22,126.111,344.913
113,43,0,86.6483,237.688,268.04,555.994
113,64,3,999.546,1317.16,13.8008,227.274
113,70,0,2138.24,2318.26,718.546,1111.03
113,71,0,2432.71,2557.83,622.47,1018.8
113,76,0,1415.48,1502.98,1.44231,135.433
114,6,5,410.938,1248.75,565.293,1485.26
114,8,3,1025.37,1443.74,114.655,352.424
114,9,3,89.375,833.75,1373.45,1904.86
114,11,5,398.31,908.252,6.69748,390.754
114,20,0,1575.12,1667.96,2.30769,151.154
114,30,3,1799.26,2172.5,17.6784,241.642
114,56,5,1309.05,1930.24,413.522,1141.95
114,57,3,102.904,979.232,1756.02,1920
114,61,3,1857.85,2413.38,123.821,344.932
114,43,0,28.7904,203.486,281.374,577.383
114,64,3,977.746,1300.13,20.435,227.063
114,70,0,2127.08,2300.46,685.805,1072.35
114,71,0,2433.49,2556.74,605.857,985.917
114,76,0,1382.93,1487.84,3.71394,132.151
115,6,5,412.188,1251.25,567.715,1483.76
115,8,3,1002.73,1426.45,120.297,358.473
115,9,3,91.5625,832.5,1373.71,1903.63
115,11,5,378.18,878.747,0,403.025
115,20,0,1533.51,1638.8,6.70673,149.495
115,30,3,1773.37,2215.52,22.3663,232.197
115,56,5,1305.48,1921.84,411.858,1130.04
115,57,3,102.904,979.232,1756.02,1920
115,61,3,1917.52,2473.59,120.923,338.527
115,43,0,0,87.4039,304.471,612.26
115,64,3,958.323,1276.64,22.4236,232.484
115,70,0,2117.53,2286.23,655.898,1039.15
115,71,0,2425.9,2554.87,580.979,954.941
115,76,0,1346.54,1455,0.829325,137.055
115,78,0,1794.62,1903.85,54.5913,262.428
115,81,0,2194.01,2509.34,1515.09,1917.76
116,6,5,409.375,1248.12,566.203,1485.83
116,8,3,979.56,1406.91,125.366,365.93
116,9,3,90.3125,832.5,1374.26,1903.69
116,11,5,377.403,853.51,0,417.146
116,20,0,1489.42,1601.35,6.70673,155.841
116,30,3,1730.17,2163.77,17.9532,212.346
116,56,5,1295.17,1922.76,402.538,1125.91
116,61,3,1972.83,2511.54,116.114,340.269
116,43,0,0,87.4039,304.471,612.26
116,64,3,933.455,1260.2,27.6791,241.465
116,70,0,2096.84,2273.68,624.499,993.946
116,71,0,2421.33,2552.4,561.119,921.084
116,76,0,1318.61,1418.32,1.22596,139.111
116,78,0,1807.31,1915.77,59.9279,265.168
116,81,0,2185.82,2484.51,1430.83,1920
117,6,5,408.438,1253.75,564.903,1486.33
117,8,3,956.762,1388.54,131.373,374.017
117,9,3,90.3125,832.5,1374.02,1904.23
117,11,5,370.311,824.505,8.89877,441.003
117,20,0,1447.55,1566.3,6.27404,160.745
117,30,3,1788.33,2213.03,30.0863,252.389
117,56,5,1299.66,1920.24,396.902,1117.54
117,27,3,1720.87,1989.9,10.0962,190.24
117,61,3,2024.6,2539.93,110.169,341.384
117,64,3,909.401,1292.33,27.6175,247.437
117,70,0,2095.92,2266.78,596.322,958.491
117,71,0,2417.65,2551.24,539.817,890.35
117,76,0,1318.61,1418.32,1.22596,139.111
117,78,0,1819.95,1943.12,58.125,266.106
117,81,0,2173.13,2473.67,1347.86,1917.86
117,15,0,30.5289,154.375,305.481,572.596
118,6,5,410.312,1252.5,564.29,1486.17
118,8,3,932.506,1363.52,134.649,383.305
118,9,3,93.125,832.5,1373.4,1905.11
118,11,5,355.003,805.672,31.2984,422.643
118,20,0,1408.99,1518.7,13.7019,169.327
118,30,3,1845.35,2211.91,42.567,261.263
118,56,5,1303.45,1906.12,383.01,1086.27
118,27,3,1692,2085.89,2.32533,203.183
118,61,3,2079.45,2551.96,106.027,324.616
118,64,3,894.152,1234.74,26.689,255.6
118,70,0,2092.29,2252.52,575.696,923.184
118,71,0,2409.08,2547.44,522.998,853.663
118,76,0,1248.8,1363.51,3.89423,152.163
118,78,0,1838.37,1970.87,79.4712,271.587
118,81,0,2173.54,2448.66,1272.95,1858.18
118,15,0,8.33518,160.485,321.695,593.46
119,6,5,410.625,1254.38,564.087,1485.63
119,8,3,913.843,1341.27,146.082,387.787
119,9,3,91.25,832.5,1373.6,1905.01
119,11,5,279.581,772.603,14.3018,438.358
119,20,0,1368.8,1474.28,4.54327,175.889
119,30,3,1849.92,2211.32,40.6949,263.323
119,56,5,1302.13,1902.44,379.648,1086.35
119,27,3,1685.71,2035.57,7.29614,208.301
119,61,3,2131.57,2554.72,98.8004,331.459
119,64,3,870.443,1198.78,33.4352,250.827
119,70,0,2091.6,2253.96,542.715,890.755
119,71,0,2401.25,2546.65,502.542,836.942
119,76,0,1215.62,1327.45,4.03846,155.481
119,78,0,1853.37,2002.02,70.5289,279.375
119,81,0,2168.26,2430.44,1197.15,1748.68
119,15,0,2.83654,123.894,331.803,613.197
120,6,5,411.562,1252.5,562.363,1486.27
120,8,3,889.507,1313.09,147.727,395.988
120,9,3,91.25,833.75,1372.98,1905.43
120,11,5,256.753,744.176,23.8303,443.17
120,20,0,1368.8,1474.28,4.54327,175.889
120,30,3,1860.08,2218.67,44.3997,261.182
120,56,5,1295.33,1902.72,377.983,1084.86
120,27,3,1677.08,2041.5,5.8164,215.212
120,61,3,2193.13,2549.45,98.0945,324.532
120,64,3,853.17,1199.12,39.7567,269.76
120,70,0,2093.49,2248.6,518.465,859.065
120,71,0,2411.77,2546.4,476.957,806.695
120,76,0,1215.62,1327.45,4.03846,155.481
120,78,0,1875.29,2038.56,68.149,285.216
120,81,0,2158.4,2416.58,1131.77,1667.12
120,15,0,0,109.183,347.019,640.673
121,6,5,411.25,1251.25,561.358,1486.05
121,8,3,868.008,1285.2,151.424,409.701
121,9,3,90.625,831.875,1372.62,1904.33
121,11,5,265.867,723.622,18.2133,457.98
121,20,0,1309.16,1404.69,0,190.312
121,30,3,1905.41,2256.9,45.4484,266.452
121,56,5,1290.78,1899.06,379.914,1077.02
121,27,3,1668.78,2029.3,9.49114,217.46
121,61,3,2236.28,2550.5,99.1178,321.746
121,64,3,822.717,1197.05,48.5961,276.087
121,70,0,2089.76,2254.91,501.928,834.294
121,71,0,2412.47,2541.76,459.903,780.356
121,76,0,1157.74,1268.41,1.08173,162.62
121,78,0,1917.31,2073.46,66.7067,290.986
121,81,0,2152.64,2407.26,1078.53,1591.99
121,15,0,0,91.1539,362.452,659.279
122,6,5,409.062,1252.5,559.907,1487.54
122,8,3,849.41,1263,159.418,419.8
122,9,3,91.25,830,1372.99,1904.3
122,11,5,179.621,699.214,25.8879,471.382
122,20,0,1272.16,1370.91,6.49038,198.606
122,30,3,1913.98,2266.67,38.2017,268.346
122,56,5,1282.4,1898.76,370.142,1077.28
122,27,3,1656.17,2012.84,8.86725,218.979
122,61,3,2291.67,2557.4,92.2833,319.352
122,64,3,795.077,1137.33,48.9435,275.216
122,70,0,2084.02,2238.23,473.458,806.981
122,71,0,2419.89,2546.12,442.967,763.029
122,76,0,1114.71,1228.37,2.45193,166.298
122,78,0,1951.06,2116.63,73.125,303.317
122,81,0,2156.96,2400.61,1021.38,1518.32
122,15,0,0,91.1539,362.452,659.279
123,6,5,405.938,1256.25,561.719,1488
123,8,3,816.331,1241.52,166.176,420.526
123,9,3,92.5,828.75,1375.92,1903.58
123,11,5,143.661,674.019,32.6867,476.227
123,20,0,1236.15,1339.23,21.3461,207.837
123,30,3,1830.12,2289.21,35.5753,249.1
123,56,5,1276.18,1895.86,369.763,1075.09
123,27,3,1644.73,1996.39,9.12652,216.487
123,61,3,2337.31,2555.13,87.7595,316.777
123,64,3,767.853,1129.52,61.7209,274.284
123,70,0,2088.26,2234.8,444.424,774.525
123,71,0,2423.06,2549.1,427.608,739.189
123,76,0,1088.41,1206.97,0.288463,165.865
123,78,0,1975.79,2195.69,62.8352,310.583
123,81,0,2154.76,2395.55,971.192,1459.35
124,6,5,410,1261.25,563.11,1486.34
124,8,3,796.521,1206.7,172.722,428.005
124,9,3,93.125,829.375,1375.59,1902.25
124,11,5,110.292,648.608,39.5607,478.898
124,20,0,1197.93,1306.68,4.32693,209.423
124,30,3,1838.98,2272.58,34.7012,253.237
124,56,5,1276.54,1891.69,362.112,1068.04
124,27,3,1633.3,1989.01,10.0322,211.996
124,61,3,2372.59,2560,87.1322,318.397
124,64,3,738.505,1099.73,67.5171,280.496
124,70,0,2100.12,2244.56,427.383,746.625
124,71,0,2429.94,2555.62,407.244,710.199
124,76,0,1058.65,1167.5,2.66827,174.014
124,78,0,2026.35,2225.97,77.752,316.533
124,81,0,2157.44,2383.75,919.082,1383.63
124,84,3,2394.42,2560,0,61.262
125,6,5,411.562,1262.5,564.532,1485.51
125,8,3,764.093,1187.24,178.456,446.138
125,9,3,88.75,832.5,1371.43,1904.32
125,11,5,93.2915,626.246,37.1623,481.895
125,20,0,1160.43,1273.41,31.875,215.337
125,30,3,1839.26,2266.19,32.1805,257.681
125,56,5,1258.44,1887.87,354.41,1065.09
125,57,3,103.671,975.73,1755.63,1920
125,27,3,1625.26,1987.99,8.52656,218.716
125,61,3,2424.66,2559.95,79.1827,310.817
125,64,3,725.552,1087.75,70.3677,290.026
125,70,0,2100.8,2245.81,410.653,719.508
125,71,0,2437.2,2559.3,390.236,691.862
125,76,0,1041.15,1138.85,4.03846,181.442
125,78,0,2071.52,2296.12,89.1446,311.387
125,81,0,2161.18,2381.16,867.085,1332.43
125,84,3,2386.83,2560,0,64.8317
126,6,5,410,1257.5,564.993,1484.62
126,8,3,735.907,1150.94,189.486,457.544
126,9,3,89.375,835,1371.53,1904.27
126,11,5,57.8623,598.945,44.0866,498.922
126,20,0,1114.38,1233.32,32.6683,219.447
126,30,3,1845.07,2254.59,37.6619,269.13
126,56,5,1259.5,1884.34,349.131,1053.59
126,57,3,100.245,979.573,1756.03,1920
126,27,3,1619.24,1981.71,10.9562,218.418
126,61,3,2469.98,2557.72,69.0865,311.683
126,64,3,697.159,1052.35,60.8178,299.168
126,70,0,2103.58,2243.72,391.801,690.423
126,71,0,2477.38,2556.47,368.077,677.308
126,76,0,1004.09,1100.53,8.65384,194.135
126,78,0,2118.96,2369.21,92.2245,315.555
126,81,0,2147.59,2367.39,829.503,1273.54
126,84,3,2386.83,2560,0,64.8317
127,6,5,408.75,1255,566.509,1484.23
127,8,3,708.081,1129.11,202.851,462.868
127,9,3,90,833.125,1370.71,1905.47
127,11,5,20.2613,547.908,76.6293,529.249
127,20,0,1066.73,1193.27,17.4519,236.394
127,30,3,1876.34,2279.47,42.0458,274.789
127,56,5,1260.46,1882.86,344.277,1049.34
127,57,3,95.4803,989.092,1755.02,1920
127,27,3,1610.35,1979.87,13.0191,222.031
127,61,3,2508.56,2559.13,81.9231,301.442
127,64,3,676.135,1040.64,81.6621,303.693
127,70,0,2117.05,2251.35,376.21,667.63
127,71,0,2479.93,2560,346.442,656.25
127,76,0,1004.09,1100.53,8.65384,194.135
127,78,0,2178.73,2433.1,94.3316,314.844
127,81,0,2145.83,2360.64,792.407,1213.38
128,6,5,412.188,1253.75,566.352,1483.85
128,8,3,679.402,1102.06,209.323,474.258
128,9,3,89.6875,833.75,1373.62,1903.48
128,11,5,6.50564,534.925,77.3295,528.735
128,20,0,1024.95,1159.66,31.875,239.279
128,30,3,1885.2,2307.15,47.737,271.182
128,56,5,1264.98,1876.54,345.05,1050.12
128,57,3,106.596,987.213,1758.71,1919.98
128,27,3,1603.09,1969.2,15.3269,227.76
128,61,3,2508.56,2559.13,81.9231,301.442
128,64,3,654.295,1021.93,79.6491,316.202
128,70,0,2132.33,2272.88,353.271,638.984
128,71,0,2490.29,2560,332.452,643.125
128,78,0,2232.2,2486.63,96.1404,317.408
128,81,0,2141.74,2354.88,744.194,1168.83
129,6,5,411.25,1256.25,564.124,1485.33
129,8,3,643.697,1074.87,222.937,485.625
129,9,3,88.125,835,1372.38,1902.86
129,11,5,2.49197,512.035,74.9059,537.242
129,20,0,979.663,1112.64,24.8077,240.288
129,30,3,1890.83,2346.89,46.6651,280.234
129,56,5,1260.48,1878.34,344.346,1039.41
129,57,3,102.391,983.008,1757.32,1920
129,27,3,1593.74,1964.8,15.2793,229.64
129,64,3,627.069,981.138,95.5164,322.924
129,70,0,2153.12,2294.69,333.722,613.089
129,71,0,2508.49,2556.13,307.933,625.529
129,78,0,2315.78,2549.04,102.042,319.242
129,81,0,2144.42,2352.62,716.18,1118.51
129,86,0,2305.41,2555.88,1413.74,1919
130,6,5,412.5,1251.25,563.943,1483.8
130,8,3,612.291,1046.53,228.814,502.117
130,9,3,87.8125,835,1374.19,1901.89
130,11,5,6.59195,485.731,89.5493,552.451
130,20,0,931.298,1070.24,71.8269,248.077
130,30,3,1898.06,2354.04,48.9185,274.501
130,56,5,1261.93,1874.09,339.66,1033.62
130,57,3,104.423,983.322,1758.56,1920
130,27,3,1575.23,1948.92,17.2701,229.911
130,64,3,611.301,944.324,101.39,326.121
130,70,0,2171.63,2318.38,317.692,595.903
130,71,4,2529.93,2556.23,291.707,563.293
130,78,0,2358.97,2556.94,96.674,321.097
130,81,0,2152.54,2346,676.209,1074.63
130,86,0,2300.58,2543.58,1340.65,1920
130,87,0,487.356,608.029,73.9183,288.389
131,6,5,412.812,1250,564.251,1484.55
131,8,3,587.644,1005.83,234.623,513.998
131,9,3,88.125,834.375,1374.12,1902.05
131,11,5,0,452.717,100.791,559.978
131,20,0,898.894,1027.26,70.0961,253.269
131,30,3,1906.41,2370.27,44.2694,275.117
131,56,5,1259.27,1875.93,337.227,1034.08
131,57,3,105.416,984.315,1757.71,1920
131,27,3,1565.61,1951.07,18.6737,232.46
131,64,3,578.317,920.905,110.317,343.43
131,70,0,2202.21,2351.52,299.896,571.463
131,71,4,2529.93,2556.23,291.707,563.293
131,78,0,2429.81,2560,98.0048,316.226
131,81,0,2148.89,2347.15,649.225,1034.68
131,86,0,2272.99,2543.05,1267.21,1877.81
131,87,0,442.019,566.442,84.0144,298.486
132,6,5,413.438,1248.75,565.316,1484.5
132,8,3,547.949,981.551,245.303,537.228
132,9,3,88.4375,833.75,1372.55,1902.68
132,11,5,0,434.661,109.633,568.372
132,20,0,865.433,982.26,55.1683,258.966
132,30,3,1921.8,2388.75,47.3938,279.796
132,56,5,1259.44,1872.79,336.002,1029.37
132,57,3,102.329,982.947,1756.06,1920
132,27,3,1551.6,1932.57,16.0809,240.4
132,64,3,547.27,890.78,108.408,357.291
132,70,0,2233.58,2376.69,279.147,554.923
132,71,0,2536.15,2559.24,271.587,492.26
132,78,0,2429.81,2560,98.0048,316.226
132,81,0,2149.27,2341.14,615.37,994.294
132,86,0,2265.86,2517.88,1200.18,1782.71
132,87,0,409.231,526.154,85.8894,311.611
133,6,5,410.938,1248.75,564.918,1485.22
133,8,3,515.135,942.197,265.049,546.856
133,9,3,87.1875,835,1373.25,1902.5
133,11,5,0.806561,376.52,102.109,588.292
133,20,0,817.788,937.596,69.2308,274.038
133,30,3,1937.19,2412.51,45.3915,279.246
133,56,5,1258.14,1869.99,336.427,1028.87
133,57,3,102.514,985.715,1758.71,1920
133,27,3,1530.4,1904.28,16.4604,245.707
133,64,3,521.63,871.318,114.658,370.846
133,70,0,2274.86,2395.91,265.24,529.183
133,71,0,2536.15,2559.24,271.587,492.26
133,81,0,2148.38,2335.85,587.068,958.029
133,86,0,2258.44,2494.91,1135.56,1710.74
133,87,0,373.942,489.904,97.2836,315.505
134,6,5,410.625,1251.88,564.867,1484.95
134,8,3,476.045,911.398,274.613,566.895
134,9,3,89.0625,832.5,1371.48,1903.48
134,11,5,0,372.603,132.798,622.555
134,20,0,799.832,894.014,102.476,283.774
134,30,3,1943.39,2437.64,50.1771,281.646
134,56,5,1262.81,1866.36,337.825,1025.72
134,57,3,107.014,979.073,1756.65,1920
134,27,3,1508.14,1895.96,13.9207,248.747
134,64,3,489.551,834.827,119.589,375.013
134,70,0,2317.64,2439.28,254.856,515.336
134,81,0,2151.23,2333.37,559.466,922.897
134,86,0,2243.15,2469.26,1078.52,1636.42
134,87,0,373.942,489.904,97.2836,315.505
135,6,5,409.375,1250.62,563.806,1485.91
135,8,3,429.202,877.716,291.022,582.984
135,9,3,88.75,831.875,1373.66,1902.76
135,11,5,0,295.607,165.559,623.579
135,20,0,799.832,894.014,102.476,283.774
135,30,3,1955.56,2462.77,48.3402,284.374
135,56,5,1261.19,1867.1,340.458,1027.01
135,57,3,104.656,982.697,1757.53,1920
135,27,3,1489.37,1849.8,15.0653,252.747
135,64,3,450.894,830.569,128.544,384.178
135,70,0,2358.51,2484.57,232.067,495.433
135,81,0,2154.07,2328.68,532.234,882.746
135,86,0,2240.55,2462.37,1039.32,1567.27
135,84,3,2213.75,2490.87,0,98.5096
136,6,5,405.938,1252.5,561.78,1487.26
136,8,3,417.349,838.175,300.365,604.884
136,9,3,89.0625,830,1373.72,1903.09
136,11,5,0,267.878,176.118,643.057
136,30,3,1969.73,2478.68,48.5395,285.917
136,56,5,1259.68,1867.66,344.328,1028.54
136,57,3,102.683,985.021,1758.62,1920
136,27,3,1475.07,1830.35,39.3735,258.443
136,64,3,420.781,795.941,134.998,400.451
136,70,0,2412.02,2526.44,213.894,481.875
136,81,0,2159.59,2331.87,507.897,856.947
136,86,0,2241.07,2457.31,989.603,1497.82
136,84,3,2213.75,2490.87,0,98.5096
136,90,3,1406.54,1688.85,3.35337,127.175
137,6,5,405.625,1248.12,560.7,1486.64
137,8,3,403.332,798.565,312.161,624.702
137,9,3,88.4375,836.25,1373.08,1903.43
137,11,5,1.66404,264.747,180.834,661.656
137,30,3,1984.65,2500.73,53.2877,285.52
137,56,5,1259.51,1864.54,345.762,1026.22
137,57,3,105.546,981.018,1757.73,1920
137,27,3,1465.83,1806.17,40.4746,259.33
137,64,3,385.589,752.954,142.123,417.637
137,70,0,2455.96,2556.35,208.341,463.774
137,81,0,2163.72,2335.67,488.261,824.339
137,86,0,2240.91,2457.93,941.947,1434.53
137,90,3,1369.81,1716.35,2.19952,133.305
138,6,5,409.688,1250,563.584,1484.34
138,8,3,388.297,756.74,334.339,647.835
138,9,3,90,833.75,1371.93,1904.98
138,11,5,0,221.557,172.181,675.709
138,30,3,2004.41,2511.37,50.6995,286.043
138,56,5,1257.04,1870.69,345.976,1026.77
138,57,3,102.284,978.612,1754.79,1920
138,27,3,1443.55,1776.16,40.4032,264.34
138,64,3,364.259,709.114,153.283,415.163
138,70,0,2505.89,2558.73,178.846,443.077
138,81,0,2170.53,2341.14,460.322,793.865
138,86,0,2239.32,2456.85,896.801,1373.53
138,90,3,1326.15,1690.77,0,138.173
138,91,0,2294.69,2557.71,1555.09,1920
138,92,1,1413.85,2070.35,0,187.549
139,6,5,408.438,1250,563.757,1485.18
139,8,3,298.622,712.444,354.076,670.649
139,9,3,90.3125,835,1372.32,1905.48
139,11,5,0,162.597,191.627,731.965
139,30,3,2008.14,2514.6,49.0995,288.58
139,56,5,1259.16,1866.26,343.998,1027.7
139,57,3,103.339,977.53,1754.83,1920
139,27,3,1420.07,1760.07,38.4942,273.235
139,64,3,351.419,686.841,160.44,469.936
139,70,0,2505.89,2558.73,178.846,443.077
139,81,0,2180.3,2340.26,437.738,767.296
139,86,0,2248.33,2450.03,860.438,1315.23
139,90,3,1326.15,1690.77,0,138.173
139,91,0,2275.39,2550.63,1470.91,1918.65
139,92,1,1390.85,2056.39,0,182.474
140,6,5,407.5,1248.75,561.964,1486.77
140,8,3,199.154,663.518,365.983,694.805
140,9,3,90.625,834.375,1372.57,1905.03
140,11,5,3.6694,102.893,224.073,733.039
140,30,3,2048.09,2555.85,57.9141,290.629
140,56,5,1258.21,1864.12,347.147,1028.19
140,57,3,104.118,977.882,1755.84,1920
140,27,3,1397.03,1732.99,47.3879,284.114
140,64,3,289.374,650.514,173.606,444.517
140,81,0,2190.1,2353.65,416.955,739.685
140,86,0,2248.26,2446.25,816.971,1260.36
140,87,0,147.212,262.019,166.226,386.466
140,90,3,1254.09,1662.32,0,157.267
140,91,0,2262.6,2531.27,1391.72,1920
140,92,1,1404.66,2030.79,1.50302,176.182
141,6,5,409.688,1251.25,563.944,1485.93
141,8,3,138.148,597.971,378.585,723.524
141,9,3,90.3125,832.5,1372.17,1905.03
141,11,5,0,67.8711,237.791,759.591
141,30,3,2067.12,2559.99,63.2412,293.526
141,56,5,1256.41,1864.69,346.847,1028.72
141,57,3,105.712,979.05,1755.94,1920
141,27,3,1371.21,1707.42,60.4726,288.77
141,64,3,246.23,616.567,185.01,447.819
141,81,0,2204.55,2358.04,395.328,713.52
141,86,0,2247.98,2451.76,780.856,1212.07
141,87,0,117.548,229.375,175.745,393.966
141,90,3,1220.58,1567.12,0.360575,138.822
141,91,0,2240.9,2525.02,1306.2,1899.27
141,92,1,1566.91,2016.22,5.36434,179.958
142,6,5,409.062,1251.25,560.25,1488.45
142,8,3,75.5045,571.874,394.414,747.361
142,9,3,90.9375,831.25,1371.75,1905.3
142,11,5,0,67.8711,237.791,759.591
142,30,3,2083.34,2560,59.7902,289.569
142,56,5,1259.31,1866.11,348.626,1027.67
142,57,3,106.195,977.404,1756.82,1920
142,27,3,1347.11,1674.97,61.9116,297.542
142,64,3,213.338,580.882,191.38,467.365
142,81,0,2216.57,2365.74,377.563,682.001
142,86,0,2254.56,2451.3,740.475,1166.15
142,87,0,77.4519,196.971,190.601,423.245
142,90,3,1162.53,1574.91,0,158.006
142,91,0,2236.18,2479.95,1236.65,1796.19
142,92,1,1431.76,2006.47,4.38206,183.816
143,6,5,410,1251.25,558.756,1489.45
143,8,3,16.5221,513.619,424.021,776.451
143,9,3,91.875,834.375,1372.58,1904.91
143,30,3,2106.43,2560,60.9258,290.677
143,56,5,1258.35,1864.55,344.797,1028.84
143,57,3,102.419,983.037,1755.94,1920
143,27,3,1308.82,1640.54,72.3781,308.729
143,64,3,175.934,544.017,198.457,467.514
143,81,0,2228.45,2391.32,361.246,653.521
143,86,0,2249.58,2455.38,708.775,1117.64
143,87,0,36.1058,151.202,197.524,428.438
143,90,3,1146.48,1576.13,0,171.27
143,91,0,2227.02,2471.87,1159.6,1719.41
143,92,1,1511.63,1981.82,2.02839,194.345
144,6,5,407.188,1250,563.145,1486.04
144,8,3,1.80717,463.205,450.175,806.412
144,9,3,92.8125,832.5,1372.22,1905.53
144,30,3,2115.36,2560,58.8457,297.676
144,56,5,1255.73,1866.7,337.324,1031.2
144,57,3,103.871,980.199,1754.91,1920
144,27,3,1282.68,1620.95,83.3152,316.428
144,64,3,138.724,505.461,206.676,470.884
144,81,0,2251.6,2407.66,342.735,632.735
144,86,0,2254.1,2459.48,668.996,1084.55
144,87,0,8.99038,147.356,202.861,435.216
144,90,3,1114.04,1566.93,0.924003,173.905
144,91,0,2223.47,2462.73,1100.37,1635.2
144,92,1,1287.81,1950.43,2.66963,202.744
145,6,5,407.5,1248.75,560.998,1487.84
145,8,3,0,418.141,473.174,843.33
145,9,3,94.375,830,1372.55,1905.19
145,30,3,2133.73,2560,58.837,293.721
145,56,5,1258.12,1865.52,342.06,1030.62
145,57,3,105.773,977.832,1753.85,1920
145,27,3,1246.04,1582.74,87.0718,327.299
145,64,3,95.012,472.284,225.694,484.555
145,81,0,2267.46,2423.9,323.5,611.032
145,86,0,2256.53,2457.39,645.126,1037.08
145,87,0,8.99038,147.356,202.861,435.216
145,90,3,1069.53,1551.07,5.70595,175.964
145,91,0,2222.77,2448.03,1045.95,1559.91
145,92,1,1492.39,1948.1,4.06414,198.695
146,6,5,403.438,1250,560.163,1488.36
146,8,3,5.19484,331.013,498.35,868.813
146,9,3,92.8125,832.5,1372.77,1905.12
146,30,3,2175.41,2560,64.7659,296.291
146,56,5,1259.03,1866.13,343.681,1027.89
146,57,3,106.732,977.94,1755.89,1920
146,27,3,1206.47,1557.01,101.709,331.04
146,64,3,54.8613,432.963,226.959,527.343
146,81,0,2292.25,2444.62,310.741,596.315
146,86,0,2269.56,2468.43,610.376,997.435
146,90,3,1033.02,1435.46,5.99979,190.948
146,91,0,2219.51,2445.77,993.411,1489.01
146,92,1,1501.41,1940.96,2.34595,202.152
147,6,5,405,1250,560.772,1488.07
147,8,3,0.736752,303.84,530.017,898.924
147,9,3,92.5,830,1373.32,1904.23
147,30,3,2193.46,2553.37,63.278,297.161
147,56,5,1261.93,1865.77,339.485,1027.29
147,57,3,107.17,979.229,1757.43,1920
147,27,3,1167.55,1519.64,107.64,349.669
147,64,3,17.456,417.006,258.093,543.43
147,81,0,2308.73,2462.56,294.382,574.09
147,84,0,2266.99,2450.92,586.378,956.119
147,89,3,2066.73,2342.5,1.37019,115.457
147,90,3,998.983,1387.85,0,193.683
147,91,0,2216.27,2445.64,941.19,1415.48
147,92,1,1492.48,1913.49,3.9796,207.18
148,6,5,406.875,1248.12,562.59,1487.06
148,8,3,0.0654125,235.073,561.436,942.82
148,9,3,93.125,829.375,1372.64,1904.96
148,30,3,2222.54,2550.08,61.4198,298.406
148,56,5,1259.56,1865.77,341.945,1027.99
148,57,3,108.435,979.643,1756.62,1920
148,27,3,1125.18,1484.92,113.859,363.426
148,64,3,0,420.098,275.658,559.363
148,81,0,2331.75,2485.35,276.178,550.745
148,84,0,2277.5,2460.18,563.393,925.208
148,89,3,2062.31,2331.54,1.80289,119.639
148,90,3,966.064,1347.13,1.12891,193.304
148,91,0,2231.52,2443.99,895.164,1349.84
148,92,1,1487.58,1895.81,3.43636,215.196
