13.0,21.0,0.0,1294.78,1607.9,1394.41,1915.37
14.0,21.0,0.0,1280.4,1585.67,1352.69,1914.41
15.0,21.0,0.0,1278.61,1568.76,1321.46,1916.05
16.0,21.0,0.0,1267.78,1544.5,1275.7,1889.43
17.0,21.0,0.0,1257.72,1536.55,1237.42,1844.3
18.0,21.0,0.0,1259.72,1511.93,1209.27,1789.54
19.0,21.0,0.0,1239.1,1502.44,1184.79,1739.16
20.0,21.0,0.0,1218.46,1514.19,1144.1,1704.79
21.0,21.0,0.0,1227.54,1490.5,1115.19,1664.57
22.0,21.0,0.0,1226.28,1483.27,1085.42,1635.88
23.0,21.0,0.0,1230.84,1485.15,1061.66,1608.9
24.0,21.0,0.0,1230.72,1482.55,1034.56,1572.26
25.0,21.0,0.0,1236.48,1485.57,1010.01,1544.45
26.0,21.0,0.0,1241.84,1480.23,990.151,1503.99
27.0,21.0,0.0,1245.11,1481.58,970.705,1492.76
28.0,21.0,0.0,1241.91,1485.57,944.207,1460.43
29.0,21.0,0.0,1241.53,1492.55,923.686,1427.46
30.0,21.0,0.0,1243.65,1497.45,907.063,1398.21
31.0,21.0,0.0,1253.48,1492.22,883.646,1380.58
32.0,21.0,0.0,1270.97,1501.6,872.877,1355.46
33.0,21.0,0.0,1277.0,1506.67,860.188,1321.58
34.0,21.0,0.0,1280.57,1511.88,842.084,1311.88
35.0,21.0,0.0,1278.48,1509.9,823.141,1299.87
36.0,21.0,0.0,1284.95,1512.03,808.036,1284.53
37.0,21.0,0.0,1282.25,1517.6,804.983,1269.65
38.0,21.0,0.0,1287.38,1519.79,804.587,1251.78
39.0,21.0,0.0,1297.77,1526.46,787.691,1238.06
40.0,21.0,0.0,1300.08,1515.55,789.932,1221.78
41.0,21.0,0.0,1301.07,1519.91,786.626,1208.57
42.0,21.0,0.0,1296.67,1523.95,779.413,1197.97
43.0,21.0,0.0,1291.05,1527.04,754.694,1183.97
44.0,21.0,0.0,1316.33,1525.57,754.733,1178.18
45.0,21.0,0.0,1324.83,1532.68,732.529,1164.38
46.0,21.0,0.0,1328.38,1534.38,725.929,1156.3
47.0,21.0,0.0,1330.79,1544.06,713.12,1148.14
48.0,21.0,0.0,1340.54,1546.62,706.069,1141.94
49.0,21.0,0.0,1349.01,1550.12,701.026,1134.46
50.0,21.0,0.0,1355.56,1559.07,692.449,1116.57
51.0,21.0,0.0,1355.74,1568.52,685.849,1107.64
52.0,21.0,0.0,1360.28,1575.22,678.484,1100.95
53.0,21.0,0.0,1368.92,1577.2,667.257,1087.35
54.0,21.0,0.0,1380.46,1584.89,658.898,1078.89
55.0,21.0,0.0,1390.41,1592.93,655.134,1067.31
56.0,21.0,0.0,1395.33,1595.02,646.523,1061.07
57.0,21.0,0.0,1399.23,1596.25,640.627,1048.05
58.0,21.0,0.0,1405.8,1602.18,631.537,1034.02
59.0,21.0,0.0,1399.1,1602.55,627.612,1029.84
60.0,21.0,0.0,1395.73,1591.42,623.452,1023.43
61.0,21.0,0.0,1388.3,1581.72,614.079,1020.46
62.0,21.0,0.0,1386.02,1577.52,609.746,1004.39
63.0,21.0,0.0,1367.33,1562.17,601.947,1003.39
64.0,21.0,0.0,1351.38,1552.4,591.478,992.142
65.0,21.0,0.0,1343.46,1540.35,586.748,976.914
66.0,21.0,0.0,1328.86,1526.15,584.308,972.621
67.0,21.0,0.0,1319.54,1501.91,578.191,963.6
68.0,21.0,0.0,1300.53,1493.24,567.663,958.95
69.0,21.0,0.0,1294.99,1478.34,558.416,945.948
70.0,21.0,0.0,1239.58,1446.84,546.234,952.81
71.0,21.0,0.0,1215.72,1423.57,541.507,953.982
72.0,21.0,0.0,1199.65,1403.48,532.405,974.278
73.0,21.0,0.0,1188.7,1387.73,521.003,989.77
74.0,21.0,0.0,1166.96,1360.85,518.747,995.478
75.0,21.0,0.0,1156.33,1348.2,507.223,1003.55
76.0,21.0,0.0,1144.63,1340.33,499.872,1007.84
77.0,21.0,0.0,1129.49,1329.21,500.007,1007.24
78.0,21.0,0.0,1126.07,1307.86,493.258,763.7
79.0,21.0,0.0,1113.76,1292.64,484.14,756.171
80.0,21.0,0.0,1097.64,1278.41,472.005,757.231
81.0,21.0,0.0,1080.97,1255.11,459.851,760.815
82.0,21.0,0.0,1064.22,1239.98,453.609,767.48
83.0,21.0,0.0,1050.98,1222.55,447.838,762.861
84.0,21.0,0.0,1037.55,1201.58,434.552,775.423
85.0,21.0,0.0,1022.06,1193.46,432.463,724.096
86.0,21.0,0.0,1004.97,1181.68,419.655,731.845
87.0,21.0,0.0,993.855,1162.35,407.718,736.491
88.0,21.0,0.0,982.543,1152.15,398.536,746.215
89.0,21.0,0.0,974.187,1141.9,391.268,733.431
90.0,21.0,0.0,961.217,1130.95,387.84,723.18
91.0,21.0,0.0,942.544,1108.92,380.873,706.531
92.0,21.0,0.0,929.665,1091.55,374.633,692.204
93.0,21.0,0.0,912.245,1072.09,365.821,680.843
94.0,21.0,0.0,884.295,1052.38,353.618,670.415
95.0,21.0,0.0,860.426,1035.29,344.676,658.471
96.0,21.0,0.0,836.025,1007.05,336.805,642.21
97.0,21.0,0.0,801.194,980.558,326.561,633.986
98.0,21.0,0.0,756.806,946.298,314.563,621.313
99.0,21.0,0.0,719.835,906.162,312.037,608.479
100.0,21.0,0.0,672.71,864.248,301.807,598.756
101.0,21.0,0.0,624.466,812.897,293.151,585.747
102.0,21.0,0.0,571.329,766.359,289.669,573.505
103.0,21.0,0.0,513.525,705.72,280.568,568.311
104.0,21.0,0.0,434.403,644.626,275.921,554.947
105.0,21.0,0.0,386.538,576.586,268.77,547.865
106.0,21.0,0.0,326.619,502.771,260.132,541.347
107.0,21.0,0.0,326.619,502.771,260.132,541.347
110.0,21.0,0.0,0.0,193.332,227.922,500.618
111.0,21.0,0.0,0.0,193.332,227.922,500.618
