2,1,0,1661.44,1902.32,1235.5,1803.85
2,2,3,1706.78,2163.31,601.687,969.77
2,3,0,2422.84,2546.39,328.269,619.039
2,4,3,1450.34,1933.91,6.23648,155.538
2,5,3,1932.88,2285.58,0.144231,154.76
2,6,0,1244.18,1363.51,0.216343,160.168
3,1,0,1645.15,1886.82,1161.65,1705.17
3,2,3,1723.96,2186.68,568.146,899.385
3,3,0,2447.93,2558.22,315.072,590.12
3,4,3,1451.49,1873.45,1.89955,162.861
3,5,3,1942.31,2297.69,3.67789,152.524
3,6,0,1244.28,1361.88,0,161.611
4,1,0,1645.28,1879.6,1097.51,1611.22
4,2,3,1752.83,2198.2,544.789,879.606
4,3,0,2484.38,2558.7,289.832,568.053
4,4,3,1450.49,1876.01,1.22112,162.064
4,5,3,1921.04,2314.92,0,162.643
4,6,0,1240.91,1362.16,0,159.591
5,1,0,1648.38,1879.12,1029.77,1534.65
5,2,3,1776.26,2214.33,518.33,847.634
5,3,0,2513.61,2557.16,269.712,557.596
5,4,3,1453.95,1870.71,1.26897,163.374
5,5,3,1920.42,2322.91,0,162.218
5,6,0,1241.3,1361.78,0,159.591
6,1,0,1671.42,1886.05,971.163,1453.04
6,2,3,1801.97,2230.21,491.95,827.503
6,3,0,2513.61,2557.16,269.712,557.596
6,4,3,1452.74,1934.63,4.61092,156.412
6,5,3,1920.67,2314.07,0,163.621
6,6,0,1239.47,1365.14,0,158.005
7,1,0,1682.66,1897.48,915.865,1379.74
7,2,3,1828.16,2240.5,470.316,803.747
7,4,3,1450.7,1874.7,0.414248,161.611
7,5,3,1920.27,2319.52,0,162.602
7,6,0,1239.95,1361.59,0,160.673
8,1,0,1709.28,1906.57,863.519,1315.32
8,2,3,1855.47,2265.69,450.929,767.695
8,4,3,1453.2,1869.93,1.11669,162.471
8,5,3,1933.85,2284.62,0.0721121,155.264
8,6,0,1227.64,1361.59,0,160.817
9,1,0,1727.84,1925.22,813.071,1247.35
9,2,3,1884.48,2287.75,425.454,734.883
9,4,3,1447.71,1877.5,1.39121,161.49
9,5,3,1935,2286.54,0,155.481
9,6,0,1232.4,1361.44,0,160.024
10,1,0,1753.31,1948.39,762.433,1187.79
10,2,3,1911.24,2310.11,405.222,710.448
10,4,3,1449.94,1951.61,4.01389,157.08
10,5,3,1921.16,2314.33,0,163.094
10,6,0,1231.73,1362.12,0,159.519
10,9,0,1080.53,1202.55,1.94711,127.788
11,1,0,1783.87,1969.65,715.391,1135.74
11,2,3,1936.71,2333.73,383.549,678.555
11,4,3,1448,1952.24,5.14822,156.209
11,5,3,1922.11,2315.65,0,164.211
11,6,0,1235.96,1362.5,0,159.519
11,9,0,1080.53,1202.55,1.94711,127.788
12,1,0,1813.39,1993.33,678.178,1078.94
12,2,3,1970.14,2358.53,364.823,651.312
12,4,3,1447.64,1962.21,3.99746,157.288
12,5,3,1921.52,2312.05,0,164.064
12,6,0,1237.93,1365.14,0,158.798
13,1,0,1844.58,2017.32,641.38,1030.48
13,2,3,2004.35,2387.61,344.253,629.625
13,4,3,1454.98,1960.46,3.56383,157.154
13,5,3,1935.38,2286.15,0,155.769
13,6,0,1240.38,1365.77,0,159.231
14,1,0,1872.19,2043.51,602.403,975.658
14,2,3,2041.44,2418.72,321.868,606.683
14,4,3,1454,1961.58,4.17217,156.27
14,5,3,1934.23,2287.31,0.216343,155.409
14,6,0,1237.6,1365.48,0,160.024
15,1,0,1902.79,2066.62,577.402,918.73
15,2,3,2070.82,2452.64,305.707,572.247
15,4,3,1449.93,1958.63,3.31331,157.128
15,5,3,1921.05,2309.34,0,164.875
15,6,0,1234.95,1363.51,0,161.971
15,9,0,1072.09,1167.91,2.88461,133.702
16,1,0,1935.31,2094.14,541.156,881.071
16,2,3,2118.28,2493.99,289.077,550.367
16,4,3,1450.13,1959.45,3.73693,157.027
16,5,3,1920.19,2310.48,0,165.575
16,6,0,1230.62,1363.22,0,161.683
16,9,0,1065.05,1168.8,3.56971,134.748
17,1,0,1969.09,2114.31,512.684,860.617
17,2,3,2165.32,2525.05,270.523,531.327
17,4,3,1449.14,1944.72,6.83827,154.616
17,5,3,1932.88,2282.5,0.288463,155.192
17,6,0,1224.18,1363.51,0,157.716
17,9,0,1066.63,1171.83,3.67789,136.226
18,1,0,1997.06,2145.98,481.701,808.794
18,2,3,2203.9,2560,252.645,511.973
18,4,3,1449.96,1949.49,7.53588,154.164
18,5,3,1935,2283.46,0,155.625
18,6,0,1225.1,1362.6,0,158.005
18,9,0,1070.53,1172.55,3.4976,136.695
19,1,0,2026.64,2166.54,453.183,773.596
19,2,3,2248.19,2555.13,235.961,487.732
19,4,3,1448.63,1953.18,7.63913,153.767
19,5,3,1934.23,2287.31,0,156.562
19,6,0,1234.04,1362.88,0,157.356
19,9,0,1070.34,1169.66,1.69471,134.675
19,11,0,908.029,1019.66,2.70433,116.502
20,1,0,2048.34,2195.52,427.704,745.74
20,2,3,2286.64,2560,207.635,467.589
20,4,3,1448.29,1955.5,7.37605,153.861
20,5,3,1933.37,2285.1,0,157.139
20,6,0,1232.02,1364.9,0,157.572
20,9,0,1067.45,1172.55,2.41586,134.171
20,11,0,908.894,1026.49,2.66827,116.394
21,1,0,2076.66,2218.83,402.322,700.653
21,2,3,2335.7,2559.92,195.167,444.554
21,4,3,1447.8,1949.59,7.30856,152.796
21,5,3,1933.85,2284.62,0,156.635
21,6,0,1231.39,1365.53,0,157.428
21,9,0,1069.04,1170.96,3.35337,134.675
21,11,0,909.183,1026.2,2.84856,116.43
22,1,0,2123.03,2236.97,382.212,678.75
22,2,3,2379.37,2560,185.832,432.795
22,4,3,1449.98,1949.39,5.33664,154.857
22,5,3,1932.21,2286.25,0,156.707
22,6,0,1227.31,1365,0,156.779
22,9,0,1067.6,1172.4,3.35337,135.252
22,11,0,908.75,1026.63,2.27164,118.882
23,1,0,2155.43,2263.03,355.24,650.913
23,2,3,2431.11,2559.66,158.293,412.572
23,4,3,1455.96,1957.13,3.81141,158.417
23,5,3,1932.69,2282.69,0,156.13
23,6,0,1231.92,1363.46,0,156.274
23,9,0,1068.17,1170.29,3.17307,134.135
23,11,0,909.471,1027.45,2.23558,115.745
24,1,0,2186.54,2302.69,331.082,619.111
24,2,3,2481.59,2558.41,139.543,402.764
24,4,3,1451.12,1946.28,4.66511,155.284
24,5,3,1932.6,2282.79,0,154.976
24,6,0,1235.48,1364.52,0,157.933
24,9,0,1067.07,1171.39,3.71394,134.171
24,11,0,909.471,1027.45,2.23558,115.745
25,1,0,2218.99,2334.86,310.385,589.039
25,2,3,2531.6,2560,113.87,366.995
25,4,3,1477.79,1839.13,6.99519,158.149
25,5,3,1935.19,2280.19,0,155.697
25,6,0,1231.54,1363.85,0,157.428
25,9,0,1067.02,1171.44,3.42548,134.387
26,1,0,2254.95,2366.59,289.904,567.404
26,2,3,2531.6,2560,113.87,366.995
26,4,3,1450.78,1963.03,5.2047,154.944
26,5,3,1932.4,2286.06,0,156.49
26,6,0,1226.2,1364.57,0,157.788
26,9,0,1065.43,1171.49,3.89423,133.99
27,1,0,2292.55,2408.99,268.486,538.053
27,4,3,1447.06,1962.58,5.58163,154.883
27,5,3,1946.44,2296.63,2.52404,153.389
27,6,0,1225.58,1365.19,0,157.861
27,9,0,1066.15,1172.31,3.53365,134.423
28,1,0,2332.12,2449.42,247.212,519.519
28,4,3,1450.03,1963.16,5.35367,155.02
28,5,3,1932.88,2285.58,0,155.986
28,6,0,1232.79,1365.67,0,158.438
28,9,0,1065.34,1173.13,3.46154,133.99
29,1,0,2373.32,2488.22,231.779,492.837
29,4,3,1471.92,1845,7.13943,157.428
29,5,3,1932.4,2286.06,0,156.418
29,6,0,1230.43,1363.41,0.865388,155.913
29,9,0,1065.14,1170.24,3.78606,132.368
29,11,0,909.808,1016.35,1.58654,125.048
30,1,0,2413.94,2533.75,212.236,470.841
30,4,3,1447.56,1949.11,6.55382,151.828
30,5,3,1930.58,2287.88,0,155.913
30,6,0,1222.55,1363.61,0.721149,155.625
30,9,0,1064.13,1169.71,4.07452,133.666
30,11,0,910.192,1017.5,1.37019,126.562
31,1,0,2458.56,2553.75,196.659,440.841
31,4,3,1447.48,1951.12,6.86387,152.422
31,5,3,1932.69,2285.77,0,156.851
31,6,0,1226.54,1362.69,0.144231,156.779
31,9,0,1064.57,1166.2,4.21875,134.243
31,11,0,910.144,1012.93,2.1274,126.671
32,1,0,2509.93,2560,176.466,429.88
32,4,3,1448.59,1956.6,6.58749,154.294
32,5,3,1934.23,2284.23,0,156.49
32,6,0,1221.54,1361.54,0,156.13
32,9,0,1062.16,1167.07,3.85818,133.882
32,11,0,910.144,1012.93,2.1274,126.671
33,1,0,2509.93,2560,176.466,429.88
33,4,3,1449.99,1955.9,6.21021,155.147
33,5,3,1933.08,2285.38,0,155.986
33,6,0,1223.75,1362.4,0.144231,155.769
33,9,0,1062.12,1167.12,4.03846,134.423
33,11,0,908.558,1020.67,2.66828,126.562
34,4,3,1449.58,1954.44,6.18202,154.466
34,5,3,1935.1,2283.37,0,156.995
34,6,0,1226.73,1362.5,0.576925,155.625
34,9,0,1062.79,1167.98,4.29087,134.026
34,11,0,908.558,1020.67,2.66828,126.562
35,4,3,1447.96,1956.78,6.31243,152.726
35,5,3,1932.12,2286.35,0,155.841
35,6,0,1230.82,1363.03,0.216343,157.428
35,9,0,1064.52,1169.33,4.39904,133.918
36,4,3,1448.69,1963.51,5.23674,153.087
36,5,3,1941.92,2298.08,3.38943,152.812
36,6,0,1238.85,1361.15,0.793269,156.13
36,9,0,1066.49,1165.82,3.28125,134.099
36,11,0,975.24,1024.76,2.12741,129.123
37,4,3,1450.53,1961.71,5.69959,153.839
37,5,3,1933.08,2285.38,0.0721192,156.13
37,6,0,1237.84,1362.16,0.0721121,156.851
37,9,0,1066.01,1164.76,3.46154,133.99
37,11,0,975.409,1026.13,1.91106,128.041
38,4,3,1446.9,1958.59,6.88889,153.017
38,5,3,1931.92,2286.54,0,155.553
38,6,0,1239.33,1360.67,0,156.635
38,9,0,1066.54,1164.23,2.74039,135.072
38,11,0,975.409,1026.13,1.91106,128.041
38,13,3,3.66173,446.518,156.923,387.011
39,4,3,1449.55,1952.32,7.07062,153.056
39,5,3,1932.4,2286.06,0,156.058
39,6,0,1236.59,1360.34,0,157.284
39,9,0,1064.76,1169.09,3.64182,133.666
39,13,3,1.75348,536.658,154.972,371.754
40,4,3,1449.65,1958.59,6.54885,154.833
40,5,3,1933.46,2285,0.576925,153.173
40,6,0,1242.6,1358.94,0,159.591
40,9,0,1064.47,1166.3,3.02885,134.423
40,13,3,56.7836,642.972,140.959,365.224
41,4,3,1451.31,1969.54,4.46885,160.935
41,5,3,1939.33,2300.67,3.75,151.154
41,6,0,1236.73,1360.19,0,163.558
41,9,0,1062.79,1169.52,3.17308,134.567
41,13,3,201.339,738.075,145.757,351.932
42,4,3,1451.33,1974.9,4.11537,159.061
42,5,3,1940.29,2299.71,3.82212,151.082
42,6,0,1238.27,1364.81,0,162.26
42,9,0,1063.17,1170.67,2.74038,133.846
42,13,3,226.085,851.909,139.685,352.456
43,4,3,1448.3,1965.13,5.17449,157.867
43,5,3,1942.88,2297.12,2.8125,151.659
43,6,0,1243.41,1362.74,0,164.207
43,9,0,1066.39,1165.91,2.52404,134.207
43,13,3,375.321,946.255,128.993,358.184
44,4,3,1447.83,1964.28,5.0836,157.851
44,5,3,1941.63,2298.37,2.8125,152.236
44,6,0,1241.73,1361.35,0,160.529
44,9,0,1072.16,1164.76,1.875,135.577
44,13,3,486.797,1055.23,119.546,354.23
45,4,3,1449.91,1970.17,2.77792,160.318
45,5,3,1940.58,2299.42,3.17307,151.154
45,6,0,1227.16,1366.68,0,161.899
45,9,0,1072.16,1164.76,1.875,135.577
45,13,3,591.318,1163.09,107.634,352.688
46,4,3,1454.25,1962.21,3.36903,157.749
46,5,3,1931.06,2290.48,0,153.534
46,6,0,1227.16,1366.68,0,161.899
46,13,3,690.074,1265.49,106.298,343.719
47,4,3,1455.14,1962.97,4.75348,157.297
47,5,3,1932.12,2286.35,0.288463,153.75
47,13,3,815.291,1365.96,112.902,335.802
47,14,0,2072.27,2368.71,1425.35,1914.94
47,15,0,345.576,578.983,1235.67,1797.95
48,4,3,1457.67,1960.68,3.22918,159.467
48,5,3,1932.69,2288.85,0,153.534
48,13,3,914.342,1467.98,114.942,332.572
48,14,0,2052.61,2347.48,1334.07,1908.26
48,15,0,413.22,645.065,1141.19,1689.64
49,4,3,1457.27,1962.57,3.85646,160.323
49,5,3,1933.27,2288.27,0,153.606
49,13,3,1003.33,1579.58,98.8441,326.307
49,14,0,2052.84,2294.84,1259.16,1833.78
49,15,0,488.747,706.093,1056.07,1587.65
50,4,3,1461.78,1962.16,4.07003,163.545
50,5,3,1960.19,2282.88,0.46875,140.156
50,9,0,1068.41,1166.97,4.36298,134.82
50,11,0,911.971,1031.11,2.34375,113.834
50,13,3,1108.12,1666.64,92.6708,325.528
50,14,0,2030.07,2272.39,1187.27,1741.64
50,15,0,550.36,775.291,982.184,1490.65
51,4,3,1444.77,1973.67,1.2967,160.305
51,5,3,1938.65,2301.35,2.88461,151.587
51,9,0,1068.41,1166.97,4.36298,134.82
51,11,0,911.971,1031.11,2.34375,113.834
51,13,3,1221.18,1754.12,87.6903,326.499
51,14,0,2020.81,2256.22,1121.37,1649.06
51,15,0,613.323,824.059,921.869,1405.99
52,4,5,1267.77,1975.71,0,187.341
52,5,3,1940.19,2299.81,2.8125,151.659
52,9,0,1072.45,1167.55,2.74038,134.279
52,13,3,1326.84,1861.61,71.9477,323.258
52,14,0,2023.5,2250.67,1059.17,1567.51
52,15,0,672.279,873.733,863.847,1327.95
53,4,1,1435.04,2007.37,0,171.432
53,5,3,1956.83,2292.4,0.973556,139.291
53,6,0,1236.73,1372.5,0,160.168
53,9,0,1065.43,1171.49,3.17308,134.856
53,13,3,1426.71,1963.84,71.268,317.146
53,14,0,2027.84,2233.39,1000.2,1491.23
53,15,0,715.481,914.103,807.208,1254.51
54,4,1,1465.16,2113.69,3.68366,184.128
54,5,3,1949.71,2299.52,2.27163,135.036
54,6,0,1227.02,1372.98,0,160.601
54,9,0,1064.23,1175.77,3.93029,134.026
54,13,3,1530.91,2077.03,75.9154,305.358
54,14,0,2021.22,2233.22,946.083,1425.15
54,15,0,752.403,952.51,761.997,1195.01
54,16,0,1551.22,1825.53,1301.89,1912.85
55,4,3,1453.44,2016.62,0,181.299
55,5,3,1952.6,2296.63,2.70433,126.599
55,6,0,1222.84,1374.09,0,159.88
55,9,0,1063.32,1173.61,3.78606,133.305
55,13,3,1624.87,2153.06,74.5558,305.601
55,14,0,2026.6,2235.69,892.019,1353.97
55,15,0,780.432,971.085,720.892,1143.97
55,16,0,1549.65,1775.21,1218.34,1802.87
56,4,3,1452.51,1998.09,4.49168,168.547
56,5,3,1966.15,2286.15,1.69471,115.565
56,6,0,1222.84,1374.09,0,159.88
56,9,0,1063.27,1173.65,3.89423,133.774
56,13,3,1731.71,2226.87,65.424,302.035
56,14,0,2028.69,2233.54,842.013,1295.91
56,15,0,806.976,979.636,682.926,1097.52
56,16,0,1547.4,1779.64,1140.18,1703.41
57,4,3,1444.51,1992.76,1.54567,168.103
57,5,3,1962.5,2289.81,2.12741,111.238
57,9,0,1064.33,1174.13,4.00241,134.459
57,13,3,1842.17,2316.33,66.4843,286.734
57,14,0,2034.76,2236.34,795.927,1234.9
57,15,0,815.826,980.942,647.542,1047.72
57,16,0,1546.82,1781.69,1056.07,1595.88
58,4,3,1417.66,1902.44,3.3674,162.764
58,5,3,1947.79,2307.6,3.64183,107.704
58,9,0,1064.66,1175.34,3.89423,132.332
58,13,3,1921.72,2398.78,62.1377,285.528
58,14,0,2046.18,2242.73,754.548,1180.12
58,15,0,814.427,973.256,617.375,1001.09
58,16,0,1548.69,1778.93,989.571,1515.46
59,4,3,1451.79,1947.55,4.11663,160.851
59,5,3,1926.73,2279.42,2.95673,155.12
59,9,0,1066.06,1173.94,2.95673,133.486
59,11,0,911.202,1027.26,4.07452,122.849
59,13,3,2024.2,2479.33,47.6624,283.494
59,14,0,2052.74,2250.13,708.812,1133.76
59,15,0,786.595,953.21,593.301,963.651
59,16,0,1568.74,1794.16,928.258,1442.72
60,4,3,1455.16,1943.77,3.1677,162.176
60,5,3,1920.04,2341.08,1.1087,162.424
60,6,0,1216.59,1372.64,0,157.356
60,9,0,1063.61,1174.86,3.20914,133.666
60,11,0,910.913,1029.09,4.4351,121.19
60,13,3,2085.83,2548.98,48.0099,279.083
60,14,0,2075.09,2268.09,675.245,1079.4
60,15,0,757.599,928.124,566.382,926.216
60,16,0,1580.67,1781.64,868.536,1341.21
61,4,3,1441.61,1883.9,0.550997,166.946
61,5,3,1924.91,2332.14,0,166.126
61,6,0,1221.83,1373.56,0,157.139
61,9,0,1068.12,1173.41,1.65866,133.918
61,11,0,907.981,1030.48,3.64183,113.185
61,13,3,2157.89,2551.63,50.8411,272.007
61,14,0,2082.65,2270.02,645.965,1029.47
61,15,0,734.51,888.641,537.894,895.156
61,16,0,1606.92,1788.61,817.388,1282.28
62,4,3,1439.33,1885.65,1.00012,166.463
62,5,3,1918.72,2336.91,0.010128,161.641
62,6,0,1213.75,1375.48,0,156.923
62,9,0,1070.19,1169.81,4.86779,127.969
62,11,0,911.25,1025.67,3.24519,118.486
62,13,3,2270.19,2560,49.2548,257.668
62,14,0,2099.53,2284.76,610.993,992.563
62,15,0,692.344,854.464,512.835,877.866
62,16,0,1622,1823.38,766.582,1216.84
63,4,3,1440.36,1885.39,1.48577,164.583
63,5,3,1915.74,2341.32,0,159.783
63,6,0,1236.63,1377.21,0.360582,156.995
63,9,0,1067.93,1164.38,4.86779,132.151
63,11,0,910.721,1024.66,4.11058,122.74
63,13,3,2350.38,2560,43.6298,237.909
63,14,0,2125.11,2294.19,579.323,950.51
63,15,0,646.31,811.426,493.408,825.287
63,16,0,1638.52,1854.52,707.661,1155.62
64,4,3,1437.18,1887.91,2.96073,165.581
64,5,3,1916.19,2352.74,0,160.584
64,6,0,1236.63,1377.21,0.360582,156.995
64,9,0,1064.86,1170.53,2.95673,132.332
64,11,0,909.519,1027.4,3.60577,121.298
64,13,3,2427.12,2560,17.3077,245.769
64,14,0,2151.16,2302.34,552.179,910.336
64,15,0,595.643,765.544,466.341,804.022
64,16,0,1661,1858.29,677.943,1102.27
65,4,3,1426.52,1901.75,2.23675,172.162
65,5,3,1917.44,2336.53,0.672097,160.069
65,6,0,1236.97,1373.8,0,158.438
65,9,0,1062.6,1171.25,4.03846,132.548
65,11,0,909.519,1027.4,3.60577,121.298
65,13,3,2427.12,2560,17.3077,245.769
65,14,0,2175.89,2329.42,521.384,879.192
65,15,0,545.64,715.706,439.785,781.134
65,16,0,1707.14,1873.51,637.95,1039.69
66,4,3,1448.5,1878.8,2.27062,161.823
66,5,3,1932.12,2283.27,0.721149,153.75
66,6,0,1238.51,1378.41,0,156.635
66,9,0,1062.6,1171.25,4.03846,132.548
66,11,0,915,995.769,2.23558,109.255
66,14,0,2193.34,2347.47,494.157,843.644
66,15,0,484.436,661.407,426.419,761.37
66,16,0,1734.54,1918.69,595.908,992.776
67,4,3,1450.21,1880.15,0,176.306
67,5,3,1935.67,2279.71,1.22596,140.264
67,6,0,1238.51,1378.41,0,156.635
67,11,0,921.923,998.077,2.88462,104.135
67,14,0,2220.79,2361.51,464.689,811.732
67,15,0,430.147,597.332,405.173,730.076
67,16,0,1764.84,1943.33,566.08,949.635
68,4,3,1457.71,1963.68,1.01221,165.549
68,5,3,1956.35,2289.81,0.901437,139.507
68,11,0,921.923,998.077,2.88462,104.135
68,14,0,2238.01,2380.17,447.442,774.215
68,15,0,393.091,556.085,387.086,705.394
68,16,0,1802.21,1958.95,530.087,897.163
69,4,3,1454.66,1970.8,6.66872,161.388
69,5,3,1952.79,2302.6,2.01923,132.981
69,6,0,1238.03,1374.28,0.0721121,159.447
69,9,0,1074.78,1163.68,1.875,132.837
69,14,0,2269.04,2405.99,429.595,742.166
69,15,0,393.091,556.085,387.086,705.394
69,16,0,1835.2,1996.33,501.777,862.699
70,4,3,1451.06,1966.89,0,166.022
70,5,3,1918.27,2281.73,0,160.096
70,6,0,1241.15,1372.69,0,160.601
70,9,0,1074.78,1163.68,1.875,132.837
70,14,0,2282.2,2423.88,405.632,714.638
70,16,0,1870.69,2006.41,479.781,821.943
71,4,3,1447.43,1953.9,0,178.022
71,5,3,1932.31,2280,2.88461,155.048
71,6,0,1237.21,1372.02,0,160.24
71,9,0,1064.57,1169.28,3.53365,131.611
71,14,0,2312.25,2446.3,383.863,687.558
71,16,0,1902.09,2047.34,449.103,786.393
71,41,0,2093.64,2273.2,43.3223,268.954
71,42,0,1628.27,1836.35,80.8378,306.029
72,4,3,1449.58,1979.32,2.92695,165.388
72,5,3,1925.18,2339.93,0,171.08
72,6,0,1234.18,1373.51,0,159.952
72,9,0,1063.27,1169.04,3.56971,131.286
72,14,0,2331.45,2468.8,363.972,658.467
72,15,0,154.749,309.71,328.588,632.877
72,16,0,1934.73,2080.59,420.605,753.376
72,41,0,2194.91,2368.33,23.0758,264.2
72,42,0,1736.17,1948.33,69.0762,297.982
73,4,3,1446.4,2004.65,5.94315,159.233
73,5,3,1959.33,2289.9,0,143.005
73,6,0,1244.52,1372.4,0,158.942
73,9,0,1062.79,1167.98,3.13702,131.935
73,14,0,2353.35,2500.89,342.651,626.003
73,15,0,102.104,266.818,314.285,614.075
73,16,0,1971.32,2103.74,401.342,716.057
73,41,0,2287.84,2453.7,32.4519,254.135
73,42,0,1840.96,2042.12,86.8269,294.231
74,4,3,1449.93,1987.19,7.26364,160.554
74,5,3,1948.27,2310.19,2.84856,120.469
74,6,0,1237.31,1373.46,0,158.942
74,9,0,1062.93,1169.38,3.67789,133.197
74,14,0,2389.42,2509.04,314.567,608.51
74,15,0,43.5248,213.924,305.54,597.244
74,16,0,2005.87,2141,374.052,682.831
74,41,0,2372.16,2535.53,34.2548,240.216
74,42,0,1934.37,2143.01,69.4211,300.855
75,4,1,1450.96,1977.35,5.91775,157.422
75,5,3,1929.42,2270.58,0.865381,155.769
75,6,0,1245.38,1370,0,159.159
75,9,0,1066.83,1168.56,3.78606,131.07
75,14,0,2414.23,2536.54,294.231,584.423
75,15,0,0,159.856,299.994,574.896
75,16,0,2039.01,2177.54,351.105,651.445
75,41,0,2450.1,2560,21.7067,247.861
75,42,0,2052.21,2230.87,68.5817,285.072
76,4,3,1450.39,1961.64,8.04318,156.835
76,5,3,1935.96,2273.27,3.10096,158.293
76,6,0,1247.88,1372.12,0,159.231
76,9,0,1064.71,1169.13,2.95673,132.764
76,14,0,2440.67,2553.17,280.024,565.168
76,15,0,0.432696,103.029,281.827,570.865
76,16,0,2074.04,2201.76,320.272,630.297
76,41,0,2450.1,2560,21.7067,247.861
76,42,0,2152.4,2321.44,57.6923,285.288
77,4,3,1454.49,1966.18,6.00467,157.583
77,5,3,1922.61,2348.04,0.837579,168.702
77,6,0,1225.48,1374.52,0,160.529
77,9,0,1057.26,1168.89,4.11057,134.928
77,14,0,2455.19,2557.12,265.817,533.221
77,15,0,0.432696,103.029,281.827,570.865
77,16,0,2114.18,2227.36,305.913,602.163
77,42,0,2241.11,2405.05,55.8173,276.779
78,4,3,1454.6,1958.6,6.01864,155.831
78,5,3,1934.23,2287.31,0,158.365
78,6,0,1242.45,1377.55,0,160.312
78,9,0,1061.54,1166.15,3.17307,134.279
78,14,0,2487.4,2558.75,247.644,520.24
78,16,0,2155.91,2265.62,284.351,576.418
78,42,0,2328.7,2480.53,55.5288,267.26
79,4,3,1449.99,1950.62,6.37143,156.404
79,5,3,1916,2348.07,0,163.536
79,6,0,1241.35,1374.04,0,162.115
79,9,0,1063.51,1168.8,1.69471,133.954
79,11,0,911.923,1021.92,1.91106,117.584
79,14,0,2518.09,2558.83,217.788,500.481
79,16,0,2193.89,2307.64,265.673,551.827
79,42,0,2404.71,2558.37,48.3173,260.625
80,4,3,1450.58,1958.97,5.39507,157.196
80,5,3,1942.5,2297.5,1.94711,153.822
80,6,0,1240.77,1373.08,0,160.962
80,9,0,1063.51,1168.8,2.09135,133.774
80,11,0,911.538,994.615,3.60577,109.615
80,14,0,2518.09,2558.83,217.788,500.481
80,16,0,2229.62,2342.69,241.659,526.803
80,42,0,2490.36,2555.79,55.8894,252.188
81,4,3,1448.15,1967.39,5.34448,158.41
81,5,3,1943.85,2296.15,2.95673,153.245
81,6,0,1236.78,1372.45,0,160.817
81,9,0,1064.42,1169.42,2.19952,134.099
81,11,0,911.442,994.712,3.71394,108.93
81,16,0,2263.8,2385.43,230.264,498.966
81,42,0,2490.36,2555.79,55.8894,252.188
82,4,3,1448.15,1967.39,5.34448,158.41
82,5,3,1944.13,2295.87,2.74039,154.76
82,6,0,1235.87,1376.44,0,159.303
82,9,0,1062.16,1170.14,2.63221,133.81
82,11,0,910.865,1016.83,1.55048,120.757
82,16,0,2306.59,2425.72,206.899,483.101
83,4,3,1441.56,1985.02,3.28714,157.177
83,5,3,1917.14,2323.08,0,163.821
83,6,0,1235.77,1371.92,0,159.736
83,9,0,1061.92,1170.38,2.34375,133.45
83,11,0,910.865,1016.83,1.55048,120.757
83,16,0,2345.67,2460.48,189.014,451.37
84,4,3,1439.3,1968.2,5.08796,155.56
84,5,3,1943.46,2299.62,3.31731,152.885
84,6,0,1244.76,1373.7,0,158.438
84,9,0,1063.27,1170.58,2.34375,133.377
84,16,0,2390.82,2498.41,166.01,440.913
85,4,3,1441.62,1971.55,4.20115,159.526
85,5,3,1933.46,2281.92,0,156.995
85,6,0,1242.98,1373.94,0,159.375
85,9,0,1066.92,1168.46,2.8125,133.125
85,11,0,914.375,1022.55,1.26202,118.305
85,16,0,2425.1,2537.98,151.442,413.365
85,45,0,2059.26,2339.11,1303.2,1899.07
86,4,1,1436.3,2001.68,0.387855,165.649
86,5,3,1933.08,2285.38,0,155.337
86,6,0,1241.35,1374.04,0,160.096
86,9,0,1065.24,1168.61,3.10096,133.486
86,11,0,914.375,1022.55,1.26202,118.305
86,16,0,2469.06,2558.63,145.529,394.76
86,45,0,2055.56,2298.2,1218.32,1788.89
87,4,1,1430.67,1993.03,0.213912,163.71
87,5,3,1933.56,2281.83,0,155.625
87,6,0,1240.29,1375.1,0,158.005
87,9,0,1064.23,1171.15,2.19952,133.45
87,14,0,2515.6,2558.25,117.692,375.577
87,45,0,2039.92,2277.5,1142.12,1682.07
88,4,3,1419.23,1901.21,4.34297,163.39
88,5,3,1935,2280.38,0,156.274
88,6,0,1239.57,1374.28,0,158.942
88,9,0,1063.7,1168.61,2.23558,132.62
88,16,0,2515.6,2558.25,117.692,375.577
88,45,0,2038.04,2271.82,1076.38,1591.1
89,4,1,1420.71,1986.79,0,168.12
89,5,3,1932.69,2285.77,0,155.913
89,6,0,1234.52,1371.63,0,160.673
89,9,0,1064.33,1169.52,3.38943,133.846
89,45,0,2039.39,2255.65,1011.87,1510.14
90,4,1,1425.23,1977.12,0.553508,163.173
90,5,3,1933.37,2285.1,0.432687,155.337
90,6,0,1239.86,1369.38,0,159.014
90,9,0,1066.39,1167.45,2.16346,134.423
90,45,0,2039.9,2251.79,952.365,1433.54
91,4,3,1425.7,1882.5,3.88056,167.696
91,5,3,1933.75,2284.71,0,155.481
91,6,0,1242.93,1369.38,0,159.736
91,9,0,1065.29,1168.56,2.19952,134.315
91,45,0,2043.63,2246.79,894.285,1360.2
92,4,3,1419.32,1894.47,3.47446,168.615
92,5,3,1934.42,2280.96,0.793269,154.976
92,6,0,1240.67,1368.56,0,160.673
92,9,0,1067.74,1166.11,2.27164,135.18
92,45,0,2047.13,2248.56,843.928,1295.73
93,4,3,1425.43,1878.21,5.20706,162.747
93,5,3,1932.88,2279.42,0,154.688
93,6,0,1235.48,1370.67,0,159.447
93,9,0,1063.17,1169.13,2.30769,134.567
93,45,0,2051.98,2255.41,792.811,1232
94,4,3,1425.04,1882.07,5.72186,163.493
94,5,3,1931.83,2274.33,0,155.769
94,6,0,1236.68,1374.09,0,162.837
94,9,0,1064.04,1163.65,3.0649,133.954
94,45,0,2060.79,2258.88,751.595,1163.42
95,4,3,1427.4,1870.34,3.7466,164.865
95,5,3,1930.67,2278.56,0.576925,154.615
95,6,0,1238.41,1369.28,0,159.808
95,9,0,1065.48,1163.75,3.60577,131.827
95,11,0,889.038,1009.42,1.73077,120.577
95,45,0,2083.5,2266.18,705.839,1119.83
96,4,3,1427.58,1862.27,2.69886,166.195
96,5,3,1932.31,2280,0.360582,156.13
96,6,0,1221.63,1356.83,0,160.024
96,9,0,1061.49,1163.12,4.75961,131.538
96,11,0,895.385,995.385,0,94.2548
96,45,0,2096.71,2278.59,673.121,1068.39
96,49,0,1877.81,2159.38,1286.96,1895.51
97,4,3,1424.51,1878.86,5.2479,163.752
97,5,3,1931.06,2281.25,0,157.356
97,6,0,1196.11,1336.2,1.08172,158.438
97,9,0,1072.88,1207.12,4.32692,121.01
97,11,0,868.077,982.692,1.76683,111.454
97,45,0,2112.77,2301.93,632.817,1017.85
97,49,0,1874.19,2111.97,1195.33,1772.77
98,4,3,1428.65,1857.26,4.74928,165.083
98,5,3,1929.04,2277.12,0.865388,157.5
98,6,0,1196.11,1336.2,1.08172,158.438
98,9,0,1072.88,1207.12,4.32692,121.01
98,11,0,868.077,982.692,1.76683,111.454
98,45,0,2141.51,2314.21,599.903,975.328
98,49,0,1869.82,2091.75,1113.56,1664.69
99,4,3,1426.03,1876.66,6.13777,162.299
99,5,3,1928.27,2277.88,0.793269,156.707
99,6,0,1184.33,1321.83,0.865381,159.808
99,9,0,1025.38,1126.92,4.57932,134.315
99,45,0,2167.64,2328.93,566.657,929.135
99,49,0,1844.35,2064.5,1037.69,1572.12
100,4,3,1432.58,1888.14,0,169.436
100,5,3,1929.04,2277.12,0.865381,156.779
100,6,0,1167.64,1284.66,0,162.837
100,9,0,1019.95,1120.05,1.40625,137.632
100,45,0,2191.97,2355.2,534.372,891.907
100,49,0,1840.76,2056.71,976.114,1481.61
101,4,3,1430.4,1888.29,2.22881,171.327
101,5,3,1927.6,2275.48,0,158.942
101,6,0,1157.26,1271.97,0.432694,168.173
101,9,0,1010,1103.85,1.51443,153.822
101,11,0,839.808,955.577,0,113.69
101,45,0,2218.45,2369.12,504.973,855.314
101,49,0,1848.89,2056.59,909.8,1399.99
102,4,3,1426.72,1900.79,4.70891,176.554
102,5,3,1906.31,2291.77,0,165.72
102,6,0,1135.87,1259.52,1.58654,170.337
102,9,0,989.327,1092.21,2.37981,153.245
102,11,0,839.808,955.577,0,113.69
102,45,0,2242.46,2399.79,480.777,816.281
102,49,0,1857.56,2053.27,858.893,1324.81
103,4,3,1426.77,1895.18,5.19425,168.57
103,5,3,1915.19,2278.65,1.37019,155.12
103,6,0,1120.53,1231.78,0.865388,171.635
103,9,0,971.394,1074.76,0.576925,156.202
103,45,0,2270.74,2412.39,456.398,780.985
103,49,0,1875.53,2075.03,801.614,1259.75
104,4,3,1424.11,1905.2,4.09741,166.956
104,5,3,1903.94,2268.37,0,158.942
104,6,0,1101.01,1218.99,0,177.115
104,9,0,956.707,1054.06,4.29087,136.911
104,45,0,2293.42,2446.53,433.34,743.555
104,49,0,1880.82,2080,753.572,1197.17
105,4,3,1434.65,1868.99,4.78892,164.497
105,5,3,1900.67,2306.91,0,168.008
105,6,0,1082.31,1190,4.32693,182.452
105,9,0,951.13,1041.18,0,156.779
105,45,0,2324.56,2464.79,405.424,719.717
105,49,0,1897.41,2085.98,707.093,1140.31
105,60,0,1186.73,1307.12,5.625,125.481
106,4,3,1434.71,1866.33,5.0164,166.056
106,5,3,1898.69,2303.49,0,171.875
106,6,0,1058.51,1167.64,1.37019,189.736
106,9,0,932.284,1013.87,0,163.269
106,45,0,2354.97,2494.19,383.567,686.744
106,49,0,1925.7,2107.62,671.087,1089.75
106,60,0,1186.73,1307.12,5.625,125.481
107,4,3,1431.9,1854.58,5.09547,164.921
107,5,3,1895.85,2321.69,0,169.643
107,6,0,1029.95,1131.59,5.84134,195.216
107,9,0,913.966,1004.5,0,161.466
107,45,0,2380.81,2527.7,360.721,656.116
107,49,0,1963.43,2129.8,637.079,1029.8
108,4,3,1429.86,1882.53,4.89654,164.917
108,5,3,1889.65,2303.22,0,171.818
108,6,0,1009.62,1122.69,0,206.466
108,9,0,901.298,984.856,0.216351,167.812
108,61,0,2501.85,2559.69,20.1202,239.495
108,45,0,2415.3,2553.8,335.023,629.555
108,49,0,1988.71,2160.82,596.335,995.389
108,60,0,1133.8,1280.05,5.69711,131.322
109,4,3,1429.17,1901.19,4.03405,171.121
109,5,3,1890.22,2282.72,0,172.534
109,6,0,976.346,1085.19,1.22596,208.486
109,62,3,41.7534,600.552,161.01,381.286
109,9,0,871.947,960.361,0,176.322
109,61,0,2501.85,2559.69,20.1202,239.495
109,45,0,2455.05,2560,317.596,606.058
109,49,0,2023.92,2177.63,565.916,948.255
109,60,0,1129.81,1276.35,6.41827,127.861
110,4,3,1432.35,1866.33,6.4888,166.901
110,5,3,1889.45,2286.77,0,173.446
110,6,0,948.702,1060.53,0.360575,212.236
110,62,3,184.983,710.535,144.089,371.025
110,9,0,854.928,940.457,0,179.567
110,45,0,2494.66,2560,273.606,578.51
110,49,0,2059.59,2206.55,536.289,912.219
110,60,0,1129.81,1276.35,6.41827,127.861
111,4,3,1425.52,1900.15,5.31257,164.282
111,5,3,1894.81,2222.12,2.88461,165.288
111,6,0,922.74,1028.03,5.40865,224.351
111,62,3,300.31,839.015,133.693,370.434
111,9,0,836.707,920.216,0,185.481
111,45,0,2536.63,2558.76,251.394,536.683
111,49,0,2093.01,2248.81,504.754,871.124
111,60,0,1148.65,1263.65,5.58894,132.873
112,4,3,1420.04,1893.42,6.29731,167.258
112,5,3,1877.83,2286.16,0,170.204
112,6,0,841.779,990.529,11.9712,222.115
112,62,3,398.361,951.189,125.207,369.395
112,9,0,836.707,920.216,0,185.481
112,45,0,2536.63,2558.76,251.394,536.683
112,49,0,2125.76,2283.7,481.628,836.933
112,60,0,1137.74,1257.64,3.93029,136.55
112,69,0,1031.68,1148.32,1.73077,157.067
112,70,0,81.839,275.825,220.013,473.636
113,4,3,1417.35,1854.43,4.29912,167.317
113,5,3,1892.02,2218.75,2.52404,169.976
113,6,0,841.779,990.529,11.9712,222.115
113,62,3,523.041,1062.27,130.012,358.337
113,49,0,2175.78,2318.01,455.017,799.485
113,60,0,1142.93,1243.22,1.76682,140.877
113,69,0,1012.21,1130.87,0.793276,160.312
113,70,0,81.839,275.825,220.013,473.636
114,4,3,1414.85,1883.29,3.67573,169.22
114,5,3,1873.57,2243.91,0,177.44
114,62,3,622.015,1169.2,113.569,355.06
114,49,0,2211.62,2352.54,431.45,767.364
114,60,0,1142.93,1243.22,1.76682,140.877
114,69,0,1012.21,1130.87,0.793276,160.312
115,4,3,1410.66,1822.24,5.83964,170.9
115,5,3,1886.54,2211.92,2.95673,170.697
115,62,3,735,1274.63,108.067,347.444
115,49,0,2254.75,2390.48,409.845,738.098
116,4,3,1407.5,1791.18,4.31443,179.977
116,5,3,1868.05,2241.93,0,178.252
116,6,0,733.99,849.087,47.5962,265.962
116,62,3,840.998,1369.44,108.201,343.573
116,49,0,2298.1,2436.36,383.439,704.048
116,70,0,524.638,793.829,195.523,451.26
117,4,3,1391.11,1835.17,7.14764,173.787
117,5,3,1861.19,2239.01,0,176.859
117,6,0,693.173,817.596,19.2548,237.764
117,62,3,941.056,1472.97,105.306,345.761
117,49,0,2336.99,2476.82,367.641,676.57
117,70,0,632.519,896.567,187.555,446.369
117,11,0,451.01,580.529,10.2404,202.644
117,74,0,2029.22,2316.68,1408.83,1918.54
118,4,3,1386.98,1815.92,6.35565,177.614
118,5,3,1854.92,2231.92,0,179.29
118,6,0,648.558,789.135,42.6202,285.072
118,62,3,1043.06,1559.9,110.06,339.867
118,49,0,2376.17,2518.37,346.034,646.411
118,69,0,910.481,1015.67,0,180.288
118,70,0,744.67,996.258,193.145,443.141
118,11,0,417.067,546.01,23.2212,213.317
118,74,0,2008.28,2284.41,1310.48,1915.03
119,4,1,1056.8,1798.17,8.88245,192.885
119,5,3,1849.19,2226.18,0,179.541
119,6,0,609.519,732.789,90.5769,300.288
119,62,3,1148.31,1652.87,111.171,338.884
119,49,0,2420.35,2553.93,323.45,621.562
119,60,0,1088.46,1193.08,3.75,165.288
119,69,0,891.394,1002.45,2.8125,179.062
119,70,0,848.342,1100.42,188.059,436.23
119,11,0,399.615,515,23.2212,220.529
119,74,0,1989.03,2262,1224.88,1823.88
120,4,1,1056.8,1798.17,8.88245,192.885
120,5,3,1846.67,2222.01,0,183.015
120,6,0,570.192,685.192,99.9519,315.433
120,62,3,1241.07,1736.05,89.4684,331.979
120,11,0,944.423,1060.19,2.52404,130.745
120,49,0,2473.89,2559.95,293.221,598.702
120,60,0,1065.19,1168.65,0.0721121,167.524
120,69,0,864.952,975.048,0,189.591
120,9,0,670.745,768.486,24.9519,250.529
120,70,0,954.146,1199.11,175.776,429.275
120,11,0,399.615,515,23.2212,220.529
120,74,0,1992.9,2238.44,1135.34,1719.59
120,76,3,435.312,1236.25,1448.4,1917.53
121,5,3,1835.48,2218.04,1.45499,179.884
121,6,0,521.875,641.202,96.851,321.13
121,62,3,1332.38,1856.84,87.0912,331.026
121,11,0,908.846,1020.38,0,139.615
121,49,0,2512.99,2557.78,270.577,572.885
121,60,0,1047.02,1148.37,2.30769,166.298
121,69,0,838.173,951.058,6.41827,191.322
121,9,0,653.846,750,43.125,266.394
121,70,0,1056.94,1294.22,171.138,427.562
121,74,0,1991.21,2228,1059.88,1623.8
121,76,3,510,1227.5,1345.42,1916.62
122,5,3,1832.51,2210.33,0.595858,182.499
122,6,0,480.625,596.298,90.5769,331.731
122,62,3,1417.24,1917.44,78.1889,324.037
122,11,0,908.846,1020.38,0,139.615
122,49,0,2512.99,2557.78,270.577,572.885
122,60,0,1031.56,1126.9,3.46154,172.644
122,69,0,816.25,922.212,4.47116,198.606
122,9,0,653.846,750,43.125,266.394
122,70,0,1158.33,1386.05,163.98,419.217
122,74,0,1989.08,2228.31,993.201,1534.2
122,76,3,544.062,1235,1244.11,1833.19
123,5,3,1820.05,2200.38,3.18295,185.086
123,6,0,443.077,563.077,118.413,348.606
123,62,3,1511.11,2002,85.7049,327.543
123,60,0,1012.02,1112.6,3.10096,189.447
123,69,0,785.048,907.26,4.90384,200.481
123,70,0,1260.64,1482.59,150.578,411.168
123,74,0,2001.57,2223.88,932.599,1451.86
123,76,3,582.188,1257.5,1150.76,1698.23
123,77,3,1304.8,1978.18,0,193.019
124,5,3,1818.45,2193.88,3.69148,177.774
124,6,0,402.644,521.202,124.111,366.562
124,62,3,1592.52,2079.11,86.0235,315.214
124,9,0,859.038,951.731,0,161.394
124,60,0,989.279,1090.72,4.90384,192.115
124,69,0,764.471,870.914,4.54327,209.784
124,70,0,1342.89,1569.2,151.784,397.424
124,74,0,2011.99,2225.47,881.09,1371.52
124,76,3,627.5,1273.75,1075,1598.49
124,77,3,1284.52,1985.07,0,212.212
124,9,0,603.221,695.24,81.9231,305.769
125,5,3,1821.92,2171.92,3.46154,156.779
125,6,0,369.712,481.827,143.077,355.962
125,62,3,1670.11,2153.88,82.1883,312.192
125,9,0,827.62,921.611,0,164.928
125,60,0,965.337,1066.97,1.58654,198.317
125,69,0,736.298,846.779,14.8558,220.962
125,70,0,1439.59,1652.5,144.301,385.602
125,74,0,2028.65,2238.75,827.922,1295.09
125,76,3,675,1306.25,997.578,1492.61
125,77,3,1285.62,1841.56,4.13103,201.73
125,9,0,580.361,672.716,77.4519,321.202
126,4,3,1262.82,1655.22,3.48415,202.73
126,5,3,1815.38,2160,1.875,129.375
126,6,0,369.712,481.827,143.077,355.962
126,62,3,1760.4,2227.32,79.5073,310.693
126,9,0,803.101,887.668,2.8125,163.053
126,60,0,943.558,1041.06,25.8894,202.716
126,69,0,712.38,807.62,26.8269,231.779
126,70,0,1535.41,1734.08,145.135,376.343
126,11,0,191.635,289.904,75.2885,280.096
126,74,0,2043.96,2245.12,773.273,1235.22
126,76,3,713.125,1317.5,924.968,1412.93
126,77,3,1285.62,1841.56,4.13103,201.73
126,9,0,561.611,656.082,102.115,329.423
127,4,3,1262.82,1655.22,3.48415,202.73
127,5,3,1778.86,2196.57,3.49582,168.435
127,62,3,1833.62,2291.46,68.4668,299.794
127,9,0,754.423,857.885,0.721149,166.875
127,60,0,919.567,1021.97,16.226,212.091
127,69,0,683.822,781.563,25.601,232.139
127,70,0,1614.01,1824.49,136.105,369.241
127,11,0,152.981,262.788,70.1683,290.986
127,74,0,2054.1,2260.59,729.59,1177.55
127,76,3,759.375,1346.25,869.282,1326.21
127,77,3,1227.53,1869.76,0,202.298
127,9,0,537.428,634.88,127.428,340.745
128,5,3,1760.48,2201.46,1.00949,185.642
128,62,3,1924.74,2362.2,61.4088,289.177
128,9,0,728.798,823.51,5.84134,179.207
128,60,0,894.712,994.519,12.4039,217.212
128,69,0,657.163,758.221,25.8894,241.226
128,70,0,1692.88,1895.86,117.995,371.185
128,11,0,128.75,244.712,83.3654,302.885
128,74,0,2080.13,2274.78,688.124,1123.68
128,76,3,805,1383.75,808.637,1245.71
128,77,3,1209.39,1854.45,0,210.602
128,9,0,522.716,618.053,135,356.827
129,4,3,1191.75,1656.51,5.0796,213.175
129,5,3,1744.23,2142.32,0.523016,201.798
129,62,3,2000.08,2430.62,62.5885,279.132
129,9,0,703.221,791.394,4.47116,178.846
129,60,0,874.639,969.976,7.93269,227.308
129,69,0,629.014,727.139,30.9375,249.303
129,70,0,1778.64,1973.86,113.313,383.689
129,11,0,128.75,244.712,83.3654,302.885
129,74,0,2100.15,2291.12,651.484,1082.75
129,76,3,851.039,1412.58,755.978,1179.72
129,77,3,1209.39,1854.45,0,210.602
129,9,0,498.75,602.019,142.356,369.375
130,4,3,1191.75,1656.51,5.0796,213.175
130,5,3,1723.34,2112.3,1.53114,214.64
130,6,0,150.144,279.087,204.952,471.202
130,62,3,2067.08,2501.16,56.4175,284.269
130,9,0,679.736,764.88,8.50961,193.413
130,60,0,849.087,944.76,12.5481,234.952
130,69,0,598.726,696.659,40.8173,264.952
130,70,0,1864.46,2037.12,108.24,364.227
130,74,0,2119.4,2308.85,621.131,1035.93
130,76,3,912.068,1442.29,699.508,1119.46
130,77,3,1111.09,1908.99,0,199.335
130,9,0,479.471,577.452,145.962,393.462
131,4,3,1143.82,1542.84,9.93856,231.888
131,5,3,1710.92,2088.38,0,216.199
131,6,0,101.202,228.413,206.538,481.731
131,62,3,2137.74,2548.61,54.2373,288.577
131,9,0,654.904,738.942,14.1346,194.567
131,60,0,828.774,921.995,14.351,241.803
131,69,0,573.077,666.923,49.2548,273.534
131,70,0,1935.23,2115.2,113.413,351.786
131,74,0,2140.21,2325,587.256,988.312
131,76,3,956.037,1479.48,656.817,1048.74
131,77,3,1111.09,1908.99,0,199.335
131,9,0,452.452,556.01,162.043,404.495
132,4,3,1124.18,1500.35,14.3435,235.968
132,5,3,1685.27,2077.09,0,213.113
132,6,0,52.4969,202.544,221.35,497.935
132,62,3,2214.62,2554.21,45.4341,271.347
132,9,0,597.212,703.558,9.44711,199.111
132,60,0,803.51,896.49,18.9663,252.476
132,69,0,531.923,635,66.0577,281.827
132,70,0,2007.66,2183.59,105.357,347.129
132,74,0,2166.13,2337.62,554.166,952.587
132,76,3,1013.37,1508.83,612.727,984.968
132,9,0,428.942,527.981,171.418,400.024
133,4,3,1075.92,1547.34,9.93178,238.899
133,5,3,1657.1,2046.49,4.05373,212.862
133,6,0,11.615,154.896,240.635,524.194
133,62,3,2279.76,2560,35.75,269.341
133,9,0,574.808,674.423,23.3654,214.327
133,60,0,778.51,875.337,26.8269,256.442
133,69,0,503.462,615.769,66.2019,285.433
133,70,0,2078.58,2239.99,86.1828,344.303
133,74,0,2184.3,2356.46,529.216,917.008
133,76,3,1063.89,1550.15,571.402,942.282
133,9,0,398.558,503.75,190.457,423.966
134,4,3,1057.41,1454,13.7437,248.8
134,5,3,1632.4,2027.39,2.58212,217.887
134,6,0,0.144229,105.529,264.88,558.389
134,62,3,2344.45,2555.39,33.5385,266.56
134,9,0,553.125,640.721,29.7836,216.707
134,60,0,757.236,851.995,45.7212,275.337
134,69,0,475.481,570.673,75.5769,302.596
134,70,0,2150.62,2315.33,79.5076,342.912
134,74,0,2201.71,2370,508.438,880.579
134,76,3,1109.6,1583.24,534.814,895.602
134,9,0,377.067,474.471,202.139,438.245
135,4,3,1033.73,1408.8,14.508,252.974
135,5,3,1623.71,2004.32,2.19109,229.682
135,6,0,1.5625,68.5337,277.212,566.25
135,62,3,2399.71,2560,35.2644,239.928
135,9,0,500.673,606.25,42.8365,229.471
135,60,0,739.88,827.812,49.7596,282.837
135,69,0,440.072,533.774,91.9471,309.88
135,70,0,2222.84,2371.01,90.1442,318.894
135,74,0,2221.83,2378.92,479.473,842.582
135,76,3,1158.46,1628.7,499.632,842.055
135,77,3,1089.19,1768.35,0,178.982
135,9,0,331.971,442.644,220.457,460.312
135,81,1,1987.64,2509.67,0,143.327
136,4,3,1003.14,1375.65,39.6192,262.928
136,5,3,1598.57,1977.87,2.50478,238.654
136,6,0,1.5625,68.5337,277.212,566.25
136,62,3,2447.5,2560,20.2644,232.139
136,9,0,478.606,576.01,42.5481,234.375
136,60,0,719.399,815.216,54.9519,292.067
136,69,0,412.067,513.317,106.659,320.841
136,70,0,2284.04,2432.88,80.4808,317.019
136,74,0,2240.67,2396.5,453.178,812.506
136,76,3,1209.24,1664.3,468.407,802
136,77,3,1193.74,1858.62,0,176.408
136,9,0,331.971,442.644,220.457,460.312
136,81,1,1975.23,2560,2.62864,170.165
137,4,3,974.536,1339.13,45.7897,266.254
137,5,3,1555.6,1953.49,2.62018,238.337
137,62,3,2512.82,2557.94,18.101,230.12
137,9,0,430.24,536.683,54.8077,249.519
137,60,0,695.962,794.038,80.2644,299.639
137,69,0,375.721,473.51,127.644,327.837
137,70,0,2346.92,2493.08,77.4519,314.279
137,74,0,2263.75,2412.88,434.445,779.291
137,76,3,1254.96,1709.34,438.72,758.087
137,77,3,1185.11,1691.2,3.85396,176.456
137,81,1,1972.47,2508.03,0,171.376
138,4,3,947.421,1305.49,45.6745,270.35
138,5,3,1531.46,1931.1,4.41238,243.746
138,62,3,2512.82,2557.94,18.101,230.12
138,9,0,409.303,504.543,55.9615,262.5
138,60,0,674.688,772.236,91.9471,316.803
138,69,0,375.721,473.51,127.644,327.837
138,70,0,2410.96,2555.19,77.0914,310.889
138,74,0,2282.73,2430.6,414.852,752.802
138,76,3,1304.34,1759.62,407.566,726.621
138,77,3,1042.7,1612.94,0.950468,189.317
138,81,1,1975.55,2460.95,0,171.127
139,4,3,900.017,1279.41,53.5169,285.636
139,5,3,1507.65,1903.07,3.27962,254.008
139,9,0,409.303,504.543,55.9615,262.5
139,60,0,653.63,751.755,111.563,318.822
139,70,0,2476.42,2560,85.024,302.091
139,74,0,2299.8,2456.55,391.933,731.04
139,76,3,1361.39,1794.78,377.24,698.68
139,77,3,1124.45,1568.14,6.56305,179.587
139,81,1,1975.55,2460.95,0,171.127
140,4,3,867.562,1235.65,70.0567,295.144
140,5,3,1478.24,1878.09,9.72745,261.16
140,60,0,621.923,728.846,123.389,348.245
140,70,0,2476.42,2560,85.024,302.091
140,74,0,2332.53,2477.75,373.462,696.822
140,76,3,1407.88,1832.52,350.927,661.415
140,77,3,1134.92,1563.89,3.30407,196.373
140,9,2,181.202,289.567,340.745,626.755
140,83,3,2397.36,2560,0,66.3281
141,4,3,836.612,1193.37,74.1034,307.644
141,5,3,1443.27,1852.89,25.982,272.458
141,60,0,594.519,705.481,128.149,355.312
141,74,0,2351.17,2504.1,351.987,675.466
141,76,3,1460.02,1878.28,330.98,628.663
141,77,3,1093.17,1572.86,0.855525,211.456
141,9,0,144.776,274.251,336.789,658.849
141,83,3,2397.36,2560,0,66.3281
142,4,3,800.128,1173.55,88.8937,315.055
142,5,3,1417.08,1825.21,27.1539,273.145
142,60,0,571.538,685.385,127.428,372.476
142,74,0,2377.73,2526.87,332.983,644.526
142,76,3,1516.55,1926.33,305.237,600.604
142,77,3,1064.81,1586.59,1.00905,205.404
142,9,0,114.492,240.106,365.151,682.025
142,83,3,2335.29,2557.02,0.252403,82.7524
143,4,3,758.47,1138.79,95.09,331.066
143,5,3,1387.82,1791.19,26.559,279.022
143,60,0,543.365,664.327,134.856,388.99
143,74,0,2405.23,2546.5,313.375,626.52
143,76,3,1557.74,1976.46,286.008,559.411
143,77,3,1040.15,1580.97,2.84715,202.361
143,9,0,78.331,207.743,389.626,707.546
143,81,1,1900.52,2320.78,0,166.822
143,83,3,2328.56,2554.52,0,81.7428
144,4,3,724.6,1094.21,108.403,340.409
144,5,3,1359.31,1764.46,28.1762,288.463
144,60,0,517.212,639.712,149.062,398.726
144,74,0,2431.85,2557.89,299.732,602.428
144,76,3,1621.4,2022.95,265.828,540.368
144,77,3,1006.91,1595.11,0,197.346
144,9,0,41.3853,171.939,413.454,735.043
144,81,1,1891.77,2296.42,0,174.607
144,83,3,2311.06,2547.4,0,86.3942
144,84,0,1951.15,2243.71,1421.95,1920
145,4,3,684.402,1055.19,112.481,353.899
145,5,3,1328.57,1746.58,35.2715,288.46
145,60,0,492.885,619.423,156.635,421.442
145,69,0,85.625,195.913,194.351,434.495
145,74,0,2461.11,2554.28,281.899,576.562
145,76,3,1677.37,2070.91,244.592,511.98
145,77,3,950.253,1392.07,1.62328,215.697
145,9,0,4.91904,135.984,438.127,772.527
145,81,1,1853.54,2241.41,0,170.498
145,83,3,2310.38,2548.08,0,87.1875
145,84,0,1937.47,2222.29,1345.84,1912.58
146,4,3,649.463,1024.81,130.676,368.619
146,5,3,1298.77,1716.57,34.7961,300.054
146,9,0,130.529,239.471,124.038,343.558
146,60,0,472.644,595.817,173.365,433.558
146,69,0,39.8077,151.154,205.529,469.471
146,74,0,2497.93,2560,255.721,547.933
146,76,3,1728.32,2126.22,225.546,480.471
146,77,3,952.111,1352.25,3.92714,221.664
146,9,0,3.14378,100.829,462.279,825.71
146,81,1,1835.29,2343.49,3.75863,169.424
146,83,3,2310.38,2548.08,0,87.1875
146,84,0,1920.16,2195.54,1253.47,1868.14
146,85,0,2352.52,2559.4,1456.73,1912.52
147,4,3,614.11,985.987,133.096,389.66
147,5,3,1269.42,1690.76,40.9816,309.875
147,9,0,130.529,239.471,124.038,343.558
147,60,0,453.221,575.24,183.389,453.534
147,69,0,8.31731,120.817,214.471,472.644
147,74,0,2497.93,2560,255.721,547.933
147,76,3,1787.81,2174.69,209.298,455.312
147,77,3,910.699,1345.68,0,232.966
147,9,0,0,67.5417,485.33,887.415
147,81,1,1808.5,2273.8,1.05732,171.982
147,83,3,2264.42,2535.58,0,99.1226
147,84,0,1921.47,2162.75,1181.26,1753.08
147,85,0,2324.53,2557.45,1373.42,1918.93
148,4,3,573.069,947.771,138.536,397.049
148,5,3,1230.8,1659.61,50.596,312.828
148,60,0,416.971,543.798,205.962,471.346
148,69,0,8.31731,120.817,214.471,472.644
148,76,3,1845.78,2237.13,182.854,428.365
148,77,3,877.669,1338.84,0,239.072
148,9,0,0,67.5417,485.33,887.415
148,81,1,1788.11,2263.51,2.20633,177.955
148,83,3,2252.12,2535.58,0,96.3461
148,84,0,1916.3,2156.09,1103.85,1649.09
148,85,0,2286.82,2558.86,1272.01,1873.69
