2.0,21.0,0.0,0.590677,133.72,1365.07,1920.0
3.0,21.0,0.0,0.275474,160.234,1341.25,1898.2
4.0,21.0,0.0,1.80764,183.02,1294.67,1853.11
5.0,21.0,0.0,3.58917,209.972,1237.43,1791.8
6.0,21.0,0.0,6.53101,234.614,1200.86,1743.45
7.0,21.0,0.0,13.0971,256.128,1150.79,1689.29
8.0,21.0,0.0,27.8077,275.51,1125.6,1650.72
9.0,21.0,0.0,46.4949,288.047,1096.46,1610.42
10.0,21.0,0.0,80.9688,322.079,1056.01,1555.37
11.0,21.0,0.0,95.3861,331.256,1019.09,1525.58
12.0,21.0,0.0,123.921,351.92,988.212,1479.6
13.0,21.0,0.0,141.673,372.191,971.824,1446.93
14.0,21.0,0.0,162.25,383.046,939.128,1418.43
15.0,21.0,0.0,189.058,412.13,916.716,1381.61
16.0,21.0,0.0,198.899,423.172,899.937,1350.75
17.0,21.0,0.0,216.691,439.518,861.259,1316.71
18.0,21.0,0.0,234.017,450.331,846.597,1296.75
19.0,21.0,0.0,242.243,466.844,834.795,1272.05
20.0,21.0,0.0,277.08,484.473,806.628,1244.63
21.0,21.0,0.0,279.637,496.004,795.829,1218.7
22.0,21.0,0.0,319.814,508.337,774.643,1190.05
23.0,21.0,0.0,328.79,521.078,762.201,1173.07
24.0,21.0,0.0,326.955,531.682,754.031,1154.74
25.0,21.0,0.0,354.958,545.564,736.765,1128.22
26.0,21.0,0.0,362.13,557.769,728.82,1115.9
27.0,21.0,0.0,382.452,571.574,718.672,1090.15
28.0,21.0,0.0,377.482,577.736,707.689,1074.54
29.0,21.0,0.0,409.034,584.414,694.151,1065.61
30.0,21.0,0.0,410.858,594.295,679.74,1042.57
31.0,21.0,0.0,420.981,598.341,669.642,1028.05
32.0,21.0,0.0,437.818,612.173,655.471,1006.58
33.0,21.0,0.0,449.985,619.348,646.713,995.752
34.0,21.0,0.0,455.694,625.015,631.084,983.807
35.0,21.0,0.0,467.009,627.163,618.615,969.963
36.0,21.0,0.0,470.314,631.173,614.924,959.518
37.0,21.0,0.0,474.993,637.43,599.331,944.303
38.0,21.0,0.0,479.375,640.588,590.141,939.212
39.0,21.0,0.0,482.391,645.465,582.121,931.053
40.0,21.0,0.0,486.366,648.527,574.427,919.126
41.0,21.0,0.0,488.797,649.185,568.836,902.054
42.0,21.0,0.0,496.396,654.955,562.24,897.703
43.0,21.0,0.0,502.619,657.316,555.812,890.293
44.0,21.0,0.0,504.264,657.756,547.662,885.508
45.0,21.0,0.0,503.006,656.087,540.259,871.814
46.0,21.0,0.0,505.105,654.603,536.931,864.903
47.0,21.0,0.0,505.778,653.968,530.276,855.14
48.0,21.0,0.0,500.346,653.464,525.935,852.808
49.0,21.0,0.0,494.976,650.81,521.424,842.974
50.0,21.0,0.0,493.811,648.356,520.372,831.99
51.0,21.0,0.0,489.005,647.874,517.138,825.879
52.0,21.0,0.0,484.986,643.004,511.322,811.516
53.0,21.0,0.0,482.298,641.283,514.331,799.975
54.0,21.0,0.0,479.9,638.691,512.319,786.685
55.0,21.0,0.0,472.92,633.309,504.291,775.924
56.0,21.0,0.0,468.153,631.624,500.78,760.989
57.0,21.0,0.0,462.519,625.752,495.25,748.935
58.0,21.0,0.0,457.167,619.764,488.685,743.611
59.0,21.0,0.0,459.231,614.615,489.086,718.99
60.0,21.0,0.0,457.26,608.894,486.346,717.115
61.0,21.0,0.0,452.837,604.087,480.577,713.654
62.0,21.0,0.0,447.019,593.75,474.519,720.865
63.0,21.0,0.0,426.067,594.934,477.076,731.319
64.0,21.0,0.0,425.368,586.423,473.323,741.006
65.0,21.0,0.0,415.5,578.971,471.965,747.203
66.0,21.0,0.0,403.716,568.028,468.825,760.885
67.0,21.0,0.0,390.658,563.445,466.596,762.388
68.0,21.0,0.0,381.509,559.65,462.65,765.271
69.0,21.0,0.0,376.124,558.936,460.007,765.934
70.0,21.0,0.0,362.309,554.456,463.341,763.791
71.0,21.0,0.0,356.803,550.174,463.396,760.999
72.0,21.0,0.0,344.127,544.112,463.596,759.46
73.0,21.0,0.0,338.968,543.396,462.353,758.398
74.0,21.0,0.0,333.723,541.319,464.442,756.788
75.0,21.0,0.0,330.914,536.945,467.17,751.075
76.0,21.0,0.0,343.019,535.494,466.474,750.31
77.0,21.0,0.0,334.733,534.254,465.349,749.532
78.0,21.0,0.0,339.012,532.95,466.526,750.917
79.0,21.0,0.0,317.374,529.401,466.996,751.249
80.0,21.0,0.0,306.458,528.159,465.62,746.286
81.0,21.0,0.0,303.708,526.262,463.053,738.09
82.0,21.0,0.0,299.855,507.667,464.427,737.856
83.0,21.0,0.0,299.855,507.667,464.427,737.856
84.0,21.0,0.0,278.713,478.441,464.403,743.907
85.0,21.0,0.0,278.713,478.441,464.403,743.907
86.0,21.0,0.0,272.479,467.939,463.411,743.393
87.0,21.0,0.0,266.751,476.282,459.375,751.507
88.0,21.0,0.0,263.832,487.476,453.137,758.84
89.0,21.0,0.0,261.521,485.397,454.9,750.62
90.0,21.0,0.0,254.8,486.108,453.814,756.954
91.0,21.0,0.0,254.8,486.108,453.814,756.954
92.0,21.0,0.0,249.778,476.999,462.583,765.759
93.0,21.0,0.0,303.772,523.693,460.909,843.179
94.0,21.0,0.0,229.09,486.77,461.227,801.64
95.0,21.0,0.0,325.907,515.03,467.583,831.114
96.0,21.0,0.0,223.297,494.797,460.038,791.249
97.0,21.0,0.0,232.705,504.338,477.166,787.836
98.0,21.0,0.0,250.814,491.336,481.646,776.141
99.0,21.0,0.0,261.841,481.562,467.417,763.57
100.0,21.0,0.0,269.477,467.639,462.91,708.67
101.0,21.0,0.0,287.838,468.035,459.948,708.909
102.0,21.0,0.0,287.838,468.035,459.948,708.909
