2.0,9.0,0.0,1236.39,1386.62,541.363,857.387
3.0,9.0,0.0,1231.33,1382.41,540.016,855.809
4.0,9.0,0.0,1227.82,1381.2,532.82,851.09
5.0,9.0,0.0,1224.98,1375.61,526.392,840.992
6.0,9.0,0.0,1224.09,1372.03,524.676,835.611
7.0,9.0,0.0,1222.43,1366.58,524.908,823.894
8.0,9.0,0.0,1220.49,1361.27,520.873,824.309
9.0,9.0,0.0,1215.95,1366.18,521.178,816.718
10.0,9.0,0.0,1214.93,1360.89,510.214,810.224
11.0,9.0,0.0,1211.89,1361.17,504.967,804.392
12.0,9.0,0.0,1208.91,1357.75,494.596,795.927
13.0,9.0,0.0,1200.14,1348.76,489.665,789.602
14.0,9.0,0.0,1197.95,1348.51,486.682,782.763
15.0,9.0,0.0,1196.69,1342.52,480.82,776.576
16.0,9.0,0.0,1194.76,1336.71,480.69,772.252
17.0,9.0,0.0,1189.85,1329.6,475.712,757.614
18.0,9.0,0.0,1187.77,1325.09,471.815,754.476
19.0,9.0,0.0,1183.7,1321.09,467.803,750.739
20.0,9.0,0.0,1178.02,1315.51,463.835,744.776
21.0,9.0,0.0,1181.06,1306.63,455.913,744.086
22.0,9.0,0.0,1174.95,1297.36,448.341,728.582
23.0,9.0,0.0,1169.71,1294.9,447.764,725.12
24.0,9.0,0.0,1164.86,1287.45,447.404,719.712
25.0,9.0,0.0,1139.41,1284.38,432.893,716.937
26.0,9.0,0.0,1143.22,1269.09,430.889,709.111
27.0,9.0,0.0,1135.24,1260.14,432.115,700.961
28.0,9.0,0.0,1128.32,1253.22,424.111,700.312
29.0,9.0,0.0,1123.46,1247.31,424.688,692.236
30.0,9.0,0.0,1111.54,1234.62,409.976,680.409
31.0,9.0,0.0,1107.02,1228.37,408.966,675.072
32.0,9.0,0.0,1102.69,1214.23,399.447,668.438
33.0,9.0,0.0,1098.17,1206.44,398.365,665.481
34.0,9.0,0.0,1091.2,1201.11,404.423,657.692
35.0,9.0,0.0,1081.49,1190.82,396.202,647.452
36.0,9.0,0.0,1071.06,1182.79,378.245,645.793
37.0,9.0,0.0,1064.86,1176.68,370.024,637.284
38.0,9.0,0.0,1060.14,1170.62,372.62,630.649
39.0,9.0,0.0,1052.88,1164.04,376.514,624.447
40.0,9.0,0.0,1038.41,1153.89,373.197,617.38
41.0,9.0,0.0,1031.78,1145.14,363.534,611.466
42.0,9.0,0.0,1010.19,1137.5,359.856,608.221
43.0,9.0,0.0,1008.61,1134.47,357.476,595.024
44.0,9.0,0.0,1003.37,1128.94,357.837,594.664
45.0,9.0,0.0,997.74,1113.03,351.346,586.731
46.0,9.0,0.0,991.827,1109.71,347.308,582.692
47.0,9.0,0.0,985.144,1104.09,341.178,573.245
48.0,9.0,0.0,983.221,1099.86,341.394,569.567
49.0,9.0,0.0,980.192,1098.27,335.192,566.538
50.0,9.0,0.0,971.779,1088.22,328.702,552.837
51.0,9.0,0.0,971.827,1083.56,325.962,551.539
52.0,9.0,0.0,965.913,1081.78,319.543,549.303
53.0,9.0,0.0,961.058,1077.4,315.721,543.894
54.0,9.0,0.0,957.5,1074.81,314.639,539.207
55.0,9.0,0.0,954.856,1071.3,309.375,531.202
56.0,9.0,0.0,951.779,1066.68,305.048,527.452
57.0,9.0,0.0,954.76,1063.7,293.87,515.553
58.0,9.0,0.0,951.394,1059.38,293.293,514.399
59.0,9.0,0.0,950.577,1055.58,293.798,512.163
60.0,9.0,0.0,945.144,1051.78,290.841,507.62
61.0,9.0,0.0,944.087,1048.22,287.452,501.202
62.0,9.0,0.0,940.913,1045.24,281.25,496.442
63.0,9.0,0.0,938.606,1042.93,279.663,492.836
64.0,9.0,0.0,927.404,1038.75,279.808,485.192
65.0,9.0,0.0,926.538,1038.08,272.452,481.01
66.0,9.0,0.0,926.827,1036.25,262.861,472.716
67.0,9.0,0.0,924.471,1030.91,265.745,468.101
68.0,9.0,0.0,924.952,1028.89,262.644,468.317
69.0,9.0,0.0,922.404,1023.75,260.192,462.115
70.0,9.0,0.0,915.433,1019.95,259.038,459.808
71.0,9.0,0.0,914.76,1019.09,257.74,455.337
72.0,9.0,0.0,909.615,1007.31,254.784,452.524
73.0,9.0,0.0,906.683,1007.16,250.096,450.288
74.0,9.0,0.0,902.212,1003.94,246.346,444.808
75.0,9.0,0.0,898.846,999.615,244.615,442.5
76.0,9.0,0.0,894.135,993.558,242.885,439.615
77.0,9.0,0.0,891.106,990.433,234.159,427.572
78.0,9.0,0.0,879.808,986.346,235.601,424.976
79.0,9.0,0.0,881.154,983.461,235.24,424.183
80.0,9.0,0.0,880.216,976.707,233.221,422.74
81.0,9.0,0.0,877.981,977.404,230.697,421.226
82.0,9.0,0.0,873.726,969.351,228.389,417.764
83.0,9.0,0.0,870.553,966.37,227.596,417.404
84.0,9.0,0.0,867.476,961.755,225.144,413.51
85.0,9.0,0.0,868.63,957.524,223.99,411.202
86.0,9.0,0.0,862.981,955.481,224.207,407.524
87.0,9.0,0.0,858.029,952.74,222.62,403.341
88.0,9.0,0.0,858.582,949.111,220.673,401.827
89.0,9.0,0.0,856.995,947.62,219.447,399.591
90.0,9.0,0.0,856.995,947.62,214.038,398.654
91.0,9.0,0.0,856.514,948.101,211.659,394.688
92.0,9.0,0.0,855.913,947.163,206.322,382.428
93.0,9.0,0.0,855.649,945.889,207.26,380.913
94.0,9.0,0.0,856.418,946.659,206.611,381.562
95.0,9.0,0.0,860.12,947.572,205.313,381.707
96.0,9.0,0.0,858.438,946.178,204.808,381.923
97.0,9.0,0.0,861.683,946.01,202.356,379.76
98.0,9.0,0.0,861.683,947.548,199.615,379.904
99.0,9.0,0.0,863.846,948.462,199.688,377.812
100.0,9.0,0.0,866.274,952.188,198.029,374.856
101.0,9.0,0.0,865.288,951.635,197.091,372.62
102.0,9.0,0.0,867.837,956.779,199.327,369.231
103.0,9.0,0.0,868.654,957.5,200.048,367.644
104.0,9.0,0.0,870.457,958.774,199.615,365.481
105.0,9.0,0.0,872.476,958.293,197.957,360.793
106.0,9.0,0.0,875.24,960.144,194.495,360.216
107.0,9.0,0.0,879.519,960.481,196.298,356.971
108.0,9.0,0.0,878.558,961.442,193.702,357.548
109.0,9.0,0.0,880.409,964.207,191.178,355.745
110.0,9.0,0.0,884.471,964.76,188.798,351.49
111.0,9.0,0.0,885.337,962.356,185.337,349.183
112.0,9.0,0.0,886.418,964.351,182.452,346.01
113.0,9.0,0.0,887.067,965.24,181.298,345.433
114.0,9.0,0.0,888.413,970.048,182.885,345.0
115.0,9.0,0.0,891.466,970.072,175.24,338.798
116.0,9.0,0.0,889.495,972.043,175.817,338.221
117.0,9.0,0.0,891.947,972.668,175.457,336.851
118.0,9.0,0.0,890.144,974.471,175.096,336.058
119.0,9.0,0.0,890.12,974.495,174.159,335.553
120.0,9.0,0.0,890.433,974.183,172.356,331.875
121.0,9.0,0.0,890.096,974.519,171.779,332.163
122.0,9.0,0.0,890.769,973.846,170.769,331.442
123.0,9.0,0.0,891.106,973.51,169.471,329.279
124.0,9.0,0.0,891.034,972.043,169.76,328.125
125.0,9.0,0.0,891.346,971.731,166.01,324.663
126.0,9.0,0.0,888.125,968.798,164.279,324.087
127.0,9.0,0.0,884.88,965.889,163.63,321.274
128.0,9.0,0.0,880.264,961.274,161.971,318.894
129.0,9.0,0.0,880.312,958.149,160.24,319.471
130.0,9.0,0.0,875.048,952.644,158.474,303.642
131.0,9.0,0.0,873.606,947.933,156.346,303.75
132.0,9.0,0.0,868.462,939.231,159.808,271.442
133.0,9.0,0.0,862.476,934.447,154.291,274.94
134.0,9.0,0.0,859.279,925.336,152.452,275.913
135.0,9.0,0.0,854.928,921.995,156.094,277.464
136.0,9.0,0.0,846.202,916.875,156.31,280.132
137.0,9.0,0.0,835.913,913.317,154.002,298.594
138.0,9.0,0.0,826.13,904.639,152.416,297.584
139.0,9.0,0.0,819.327,899.135,149.82,289.507
140.0,9.0,0.0,812.837,894.856,145.24,294.087
141.0,9.0,0.0,805.216,888.63,143.654,295.673
142.0,9.0,0.0,793.87,876.899,145.24,293.798
143.0,9.0,0.0,789.038,878.654,143.942,296.538
144.0,9.0,0.0,783.606,874.856,146.575,293.906
145.0,9.0,0.0,776.635,864.904,145.962,301.731
146.0,9.0,0.0,770.144,859.087,144.159,294.303
147.0,9.0,0.0,762.5,849.808,144.591,293.293
148.0,9.0,0.0,758.125,843.413,145.312,293.149
