37.0,52.0,0.0,639.4,962.841,1569.69,1920.0
38.0,52.0,0.0,666.531,985.735,1519.65,1917.19
39.0,52.0,0.0,698.945,1002.64,1466.95,1920.0
40.0,52.0,0.0,737.507,1025.39,1396.56,1920.0
41.0,52.0,0.0,767.643,1037.76,1354.57,1919.6
42.0,52.0,0.0,804.192,1059.62,1301.36,1862.26
43.0,52.0,0.0,819.306,1077.87,1255.57,1822.26
44.0,52.0,0.0,838.243,1096.36,1218.49,1771.24
45.0,52.0,0.0,864.816,1115.47,1162.55,1707.26
46.0,52.0,0.0,882.326,1129.61,1133.45,1664.76
47.0,52.0,0.0,904.123,1150.11,1086.88,1599.09
48.0,52.0,0.0,926.485,1157.37,1061.11,1556.83
49.0,52.0,0.0,938.71,1171.46,1034.32,1516.79
50.0,52.0,0.0,959.048,1185.58,990.713,1460.63
51.0,52.0,0.0,976.654,1197.42,960.119,1427.51
52.0,52.0,0.0,995.414,1206.69,925.24,1376.49
53.0,52.0,0.0,1012.01,1215.0,899.773,1342.51
54.0,52.0,0.0,1022.63,1220.76,875.27,1312.1
55.0,52.0,0.0,1034.1,1228.99,845.249,1266.79
56.0,52.0,0.0,1038.8,1238.4,819.588,1237.95
57.0,52.0,0.0,1050.94,1238.13,790.323,1194.82
58.0,52.0,0.0,1058.3,1240.27,770.087,1166.23
59.0,52.0,0.0,1065.98,1250.31,748.181,1136.73
60.0,52.0,0.0,1073.06,1251.81,723.779,1100.51
61.0,52.0,0.0,1076.19,1253.47,700.052,1066.45
62.0,52.0,0.0,1082.65,1256.96,677.404,1036.82
63.0,52.0,0.0,1087.53,1259.73,658.407,1014.84
64.0,52.0,0.0,1091.78,1255.65,641.626,996.606
65.0,52.0,0.0,1089.59,1259.54,622.324,964.028
66.0,52.0,0.0,1092.23,1256.46,606.915,940.215
67.0,52.0,0.0,1097.84,1251.56,584.308,912.52
68.0,52.0,0.0,1096.94,1250.32,570.261,889.387
69.0,52.0,0.0,1098.96,1251.15,555.084,869.377
70.0,52.0,0.0,1099.02,1247.39,532.536,847.713
71.0,52.0,0.0,1097.25,1246.68,524.587,827.246
72.0,52.0,0.0,1091.82,1242.08,507.524,804.402
73.0,52.0,0.0,1092.86,1239.32,496.382,788.051
74.0,52.0,0.0,1095.14,1239.79,486.214,772.486
75.0,52.0,0.0,1089.03,1237.08,466.975,749.704
76.0,52.0,0.0,1085.61,1238.28,459.359,737.909
77.0,52.0,0.0,1081.4,1229.81,442.766,716.797
78.0,52.0,0.0,1089.71,1222.6,437.091,701.755
79.0,52.0,0.0,1089.38,1221.39,425.769,691.731
80.0,52.0,0.0,1083.75,1216.25,411.779,672.837
81.0,52.0,0.0,1083.94,1211.44,401.683,666.202
82.0,52.0,0.0,1080.48,1208.75,393.75,646.442
83.0,52.0,0.0,1081.06,1202.02,386.538,635.769
84.0,52.0,0.0,1072.64,1188.89,377.668,623.293
85.0,52.0,0.0,1071.01,1187.45,367.644,607.356
86.0,52.0,0.0,1066.54,1188.85,359.135,594.519
87.0,52.0,0.0,1063.03,1183.12,350.769,587.308
88.0,52.0,0.0,1060.19,1179.81,342.188,576.274
89.0,52.0,0.0,1061.97,1171.88,334.327,572.019
90.0,52.0,0.0,1054.76,1168.32,326.971,553.99
91.0,52.0,0.0,1051.83,1165.1,321.13,550.024
92.0,52.0,0.0,1046.3,1159.86,314.207,537.332
93.0,52.0,0.0,1047.69,1158.46,310.529,534.087
94.0,52.0,0.0,1045.53,1156.01,306.418,526.082
95.0,52.0,0.0,1041.92,1153.46,294.952,513.317
96.0,52.0,0.0,1042.36,1154.57,292.788,513.173
97.0,52.0,0.0,1036.88,1147.74,288.029,504.087
98.0,52.0,0.0,1034.47,1143.99,285.0,497.885
99.0,52.0,0.0,1034.33,1144.13,279.808,490.962
100.0,52.0,0.0,1033.46,1140.38,268.846,466.154
101.0,52.0,0.0,1027.69,1133.85,268.053,465.793
102.0,52.0,0.0,1025.14,1133.32,263.293,464.784
103.0,52.0,0.0,1024.09,1132.84,260.048,462.26
104.0,52.0,0.0,1023.85,1130.0,257.524,461.322
105.0,52.0,0.0,1022.88,1126.35,257.668,451.947
106.0,52.0,0.0,1022.31,1123.85,253.486,445.745
107.0,52.0,0.0,1020.67,1122.4,246.635,442.788
108.0,52.0,0.0,1020.0,1120.0,245.264,439.543
109.0,52.0,0.0,1018.89,1118.03,242.668,436.947
110.0,52.0,0.0,1011.73,1115.96,235.385,425.769
111.0,52.0,0.0,1009.42,1113.65,232.644,424.471
112.0,52.0,0.0,1005.38,1108.46,229.976,420.793
113.0,52.0,0.0,1003.41,1104.28,230.913,416.394
114.0,52.0,0.0,1000.82,1100.72,228.173,413.365
115.0,52.0,0.0,996.707,1092.52,227.885,406.154
116.0,52.0,0.0,992.308,1089.23,223.053,404.639
117.0,52.0,0.0,983.173,1079.9,215.481,399.519
118.0,52.0,0.0,983.774,1077.76,216.13,395.409
119.0,52.0,0.0,984.279,1077.26,212.452,389.856
120.0,52.0,0.0,983.654,1068.65,204.087,382.933
121.0,52.0,0.0,977.524,1064.01,201.995,384.159
122.0,52.0,0.0,974.447,1062.48,202.067,382.356
123.0,52.0,0.0,971.538,1060.77,201.851,378.534
124.0,52.0,0.0,968.87,1057.28,204.736,377.091
125.0,52.0,0.0,960.601,1051.71,201.418,371.466
126.0,52.0,0.0,956.611,1046.47,199.832,368.726
127.0,52.0,0.0,950.361,1037.33,194.135,366.635
128.0,52.0,0.0,947.428,1035.65,191.899,365.986
129.0,52.0,0.0,937.212,1027.4,191.827,363.462
130.0,52.0,0.0,934.303,1022.62,195.144,357.26
131.0,52.0,0.0,931.178,1018.05,195.072,355.024
132.0,52.0,0.0,929.231,1012.31,192.837,352.067
133.0,52.0,0.0,924.327,1009.52,189.447,349.688
134.0,52.0,0.0,921.202,1008.03,186.13,348.101
135.0,52.0,0.0,911.346,1002.5,186.274,344.784
136.0,52.0,0.0,909.111,1000.12,184.255,343.053
137.0,52.0,0.0,905.986,995.553,174.447,339.014
138.0,52.0,0.0,904.712,986.058,175.312,337.572
139.0,52.0,0.0,898.101,984.976,174.736,337.861
140.0,52.0,0.0,891.923,983.462,171.562,353.438
141.0,52.0,0.0,891.923,983.462,171.562,353.438
146.0,52.0,0.0,866.13,955.409,172.031,314.026
147.0,52.0,0.0,854.327,937.981,169.255,316.514
148.0,52.0,0.0,835.865,930.288,166.947,314.784
