2,1,0,2272.45,2465.63,772.289,1192.39
2,2,3,1211.01,1603.41,92.8247,331.954
2,3,0,2018.8,2183.23,496.074,854.023
2,4,0,631.516,790.501,656.767,1054.51
2,5,0,513.221,612.163,104.423,296.538
2,6,0,624.663,726.106,132.043,349.688
2,8,3,861.826,1254.99,20.8507,283.892
3,1,0,2272.46,2463.21,744.206,1159.81
3,2,3,1162.82,1563.06,103.176,346.866
3,3,0,2053.9,2214.29,471.126,832.346
3,4,0,631.55,791.977,658.007,1053.81
3,5,0,474.952,581.971,139.255,315.361
3,6,0,582.452,690.625,133.486,357.188
3,8,3,828.986,1225.23,30.9319,282.027
4,1,0,2259.96,2446.33,721.724,1118.3
4,2,3,1114.43,1526.31,111.852,361.358
4,3,0,2090.82,2249.18,440.515,800.931
4,4,0,633.833,790.239,656.709,1053.48
4,5,0,445.481,562.212,87.4039,318.173
4,6,0,534.567,663.894,137.452,372.26
4,8,3,793.458,1196.93,20.373,304.632
4,11,3,370.192,658.269,2.59615,184.327
5,1,0,2261.15,2447.52,694.085,1088.68
5,2,3,1066.63,1480.43,126.671,378.657
5,3,0,2117.37,2275.34,428.224,768.907
5,4,0,629.517,790.258,656.657,1054.69
5,5,0,416.346,533.654,98.5817,324.014
5,6,0,493.558,616.442,152.163,381.49
5,8,3,753.613,1154.83,33.9897,317.418
5,11,3,370.192,658.269,2.59615,184.327
6,1,0,2262.17,2439.01,671.765,1048.94
6,2,3,1017.78,1438.45,138.627,388.56
6,3,0,2158.78,2304.46,399.816,739.399
6,4,0,628.323,792.676,657.051,1053.92
6,5,0,416.346,533.654,98.5817,324.014
6,6,0,453.99,574.471,158.365,387.692
6,8,3,720.804,1111.19,28.1385,320.671
6,13,0,2398.75,2559.77,1303.39,1920
7,1,0,2270.58,2437.19,649.486,1021.26
7,2,3,973.71,1395.13,148.866,404.383
7,3,0,2195.93,2341.25,375.981,710.626
7,4,0,628.177,793.576,657.465,1052.78
7,6,0,409.471,537.452,163.918,395.409
7,8,3,687.499,1092.75,17.4739,335.17
7,13,0,2375.14,2559.77,1230.84,1863.18
8,1,0,2261.96,2432.11,628.18,984.842
8,2,3,914.568,1344.51,159.182,422.28
8,3,0,2225.89,2371.17,357.456,687.275
8,4,0,629.417,791.974,655.196,1055.27
8,6,0,409.471,537.452,163.918,395.409
8,8,3,653.19,1058.74,20.2373,343.133
8,13,0,2358.5,2558.43,1168.94,1765.87
9,1,0,2264.14,2433.58,603.252,949.829
9,2,3,870.178,1301.83,170.928,439.116
9,3,0,2259.45,2404.53,337.799,644.849
9,4,0,627.836,789.996,654.08,1056.46
9,8,3,613.108,1016.28,58.4601,355.019
9,13,0,2348.36,2558.25,1117.5,1681.56
9,15,1,1578.39,2221.87,0,209.127
10,1,0,2265.96,2433.84,570.84,935.427
10,2,3,804.557,1246.05,189.082,457.582
10,3,0,2296.9,2439.73,317.273,619.12
10,4,0,629.571,790.587,656.801,1053.47
10,8,3,570.57,971.292,82.5767,368.961
10,13,0,2329.31,2553.47,1054.98,1616.3
10,15,1,1576.89,2207.78,0,215.269
11,1,0,2267.53,2430.57,553.808,905.66
11,2,3,744.853,1197.13,202.093,473.369
11,3,0,2324.75,2466.99,304.999,597.274
11,4,0,631.178,790.279,659.052,1052.49
11,12,2,114.904,192.788,195.649,425.12
11,8,3,536.891,942.882,85.2751,383.54
11,13,0,2321.77,2542.59,1008.39,1541.26
11,15,1,1523.73,2161.9,0,214.669
12,1,0,2273.15,2436.06,536.054,881.005
12,2,3,691.362,1140.07,219.196,494.709
12,3,0,2362.72,2499.03,278.913,574.2
12,4,0,631.591,790.459,661.12,1051.83
12,12,2,90.1202,174.88,193.486,435.361
12,8,3,499.567,902.94,90.9966,398.993
12,13,0,2316.16,2526.33,958.488,1475.97
12,15,1,1473.26,2166.33,0.989106,216.268
12,11,3,0,136.442,33.2452,233.582
13,1,0,2282.86,2426.63,511.842,850.205
13,2,3,628.752,1088.86,230.204,517.463
13,3,0,2395.15,2539.02,263.706,551.449
13,4,0,632.22,790.43,658.157,1053.38
13,12,2,90.1202,174.88,193.486,435.361
13,8,3,448.866,871.598,113.818,393.568
13,13,0,2303.14,2507.71,914.665,1411.6
13,15,1,1497.22,2129.8,0,228.244
13,11,3,0,136.442,33.2452,233.582
13,18,3,2157.21,2430.48,0,110.445
14,1,0,2290.19,2447.75,496.069,826.17
14,2,3,578.243,1032.04,244.823,535.185
14,3,0,2435.48,2552.21,243.101,527.668
14,4,0,633.456,792.985,657.206,1053.4
14,6,0,104.615,219.231,242.885,513.461
14,8,3,425.835,838.975,128.89,380.661
14,13,0,2296.8,2501.32,866.392,1358.02
14,15,1,1477.01,2091.33,0,243.096
14,18,3,2128.56,2428.37,0.288463,113.077
15,1,0,2297.86,2454,469.645,806.544
15,2,3,503.054,978.256,256.144,552.377
15,3,0,2459.95,2555.43,224.423,505.385
15,4,0,635.137,793.425,656.665,1054.36
15,6,0,104.615,219.231,242.885,513.461
15,8,3,399.05,795.104,132.418,399.138
15,13,0,2292.58,2496.83,824.108,1298.52
15,15,1,1427.81,2069.25,0,241.139
15,18,3,2110,2400.77,0,117.44
16,1,0,2302.81,2462.1,451.973,786.005
16,2,3,443.14,923.445,278.998,575.593
16,3,0,2498.29,2560,181.731,495.577
16,4,0,630.966,793.483,653.91,1053.84
16,6,0,15.5769,134.808,272.74,548.798
16,8,3,378.356,764.575,144.813,408.216
16,13,0,2296.1,2488.06,785.846,1244.76
16,15,1,1407.5,2026.94,0.163779,248.683
16,18,3,2074.81,2405.19,0.793269,122.236
16,20,3,1146.72,1502.09,6.12978,201.427
17,1,0,2318.3,2477.17,433.763,740.888
17,2,3,415.352,864.99,295.395,599.914
17,3,0,2537,2558.39,198.822,491.755
17,4,0,631.045,790.379,656.88,1057.25
17,6,0,0.9375,86.5625,305.769,552.692
17,8,3,353.916,730.636,156.345,417.937
17,13,0,2293.01,2489.48,750.775,1189.32
17,15,1,1372.52,1998.65,0,256.347
17,18,3,2060.77,2323.85,0.288463,132.26
17,20,3,1090.88,1435.82,2.98301,216.873
18,1,0,2332.62,2478.55,427.489,710.356
18,2,3,390.435,804.332,310.923,619.785
18,3,0,2537,2558.39,198.822,491.755
18,4,0,628.831,792.103,656.939,1055.9
18,6,0,3.10096,56.6587,298.702,605.914
18,8,3,322.931,695.535,169.016,439.028
18,13,0,2298.15,2479.58,714.114,1147.44
18,15,1,1340.03,1973.23,0,258.93
18,18,3,2036.83,2310.87,2.37981,130.457
18,20,3,1045.28,1400.04,7.89107,230.628
19,1,0,2344.78,2489.11,407.53,694.992
19,2,3,256.886,744.279,333.209,649.472
19,4,0,629.111,790.6,658.688,1055.07
19,12,0,2.71635,46.2019,225.361,482.524
19,6,0,3.10096,56.6587,298.702,605.914
19,8,3,245.557,665.434,172.167,462.884
19,13,0,2307.72,2487.31,680.102,1105.77
19,15,1,1296.69,1937.67,0,268.142
19,18,3,2011.35,2290.19,0.288463,136.875
19,20,3,992.41,1395.78,21.298,231.051
20,1,0,2361.67,2507.78,397.091,687.269
20,2,3,186.839,686.491,347.982,677.528
20,4,0,630.05,793.004,658.967,1054.24
20,12,0,3.45553,25.5829,230.625,464.567
20,8,3,207.067,613.554,185.439,447.375
20,13,0,2314.06,2487.57,648.364,1064.23
20,15,1,1261.76,1914.1,0,274.269
20,18,3,1983.94,2286.83,0,144.483
20,20,3,940.943,1342.55,27.4197,247.992
21,1,0,2376.26,2523.62,377.838,665.23
21,2,3,119.397,621.127,370.898,707.929
21,4,0,628.862,793.255,660.251,1054.32
21,12,0,3.45553,25.5829,230.625,464.567
21,8,3,170.212,584.336,199.568,473.639
21,13,0,2315.21,2492.75,618.295,1024.08
21,15,1,1234.62,1854.37,0,284.559
21,18,3,1942.88,2281.73,0,152.019
21,20,3,884.791,1311.2,43.2309,258.667
21,5,0,27.3924,195.848,204.3,467.705
22,1,0,2394.74,2541.09,358.611,642.17
22,2,3,49.6782,559.247,370.163,736.812
22,4,0,632.408,792.249,658.065,1054.35
22,8,3,170.212,584.336,199.568,473.639
22,13,0,2337.35,2498.13,591.185,991.165
22,15,1,1204.72,1828.11,0,286.32
22,18,3,1922.79,2249.52,0,160.24
22,20,3,832.101,1237.3,47.9488,262.572
22,5,0,17.9808,144.904,217.284,474.447
23,1,0,2422.16,2552.53,333.053,626.114
23,2,3,0,505.259,385.32,767.693
23,4,0,629.193,793.826,656.643,1055.7
23,13,0,2351.97,2511.19,569.705,949.556
23,15,1,1174.29,1793.43,2.82937,298.268
23,18,3,1890.96,2213.65,2.16346,165.144
23,20,3,768.757,1157.58,52.4656,279.707
23,5,0,2.93269,122.163,217.284,492.332
24,1,0,2444.81,2558.27,324.88,601.082
24,2,3,4.95831,462.603,344.586,807.262
24,4,0,632.207,792.243,656.973,1055.3
24,13,0,2367.56,2518.6,545.253,915.467
24,15,1,1140.02,1754.34,4.2838,303.424
24,18,3,1859.04,2168.65,2.30769,170.625
24,20,3,716.598,1100.84,63.393,290.384
24,5,0,0.432696,111.971,226.01,492.837
25,1,0,2476.39,2557.45,302.596,601.442
25,2,3,0,432.865,466.723,840.147
25,4,0,634.287,792.189,657.808,1054.29
25,13,0,2376.82,2538.58,519.702,884.377
25,15,1,1088.1,1717.91,0,317.507
25,18,3,1820.34,2173.71,3.71746,185.843
25,20,3,655.416,1047.38,78.925,302.971
25,24,0,0.600958,84.6875,233.438,479.062
26,1,0,2499.54,2560,287.091,573.101
26,2,3,0,313.615,491.989,875.755
26,4,0,635.087,790.579,657.929,1054.17
26,13,0,2395.95,2551.63,498.771,852.895
26,15,1,1057.85,1675.03,0,324.424
26,18,3,1786.29,2137.69,2.35889,196.515
26,20,3,603.978,988.315,83.9225,322.877
26,5,0,0.600958,84.6875,233.438,479.062
26,27,0,2189.75,2486.78,1347.77,1917.5
27,1,0,2535.46,2559.92,268.846,569.423
27,2,3,0.549164,237.053,524.01,920.296
27,4,0,631.671,792.333,659.873,1053.75
27,8,3,0,427.946,302.799,657.647
27,13,0,2414.71,2554.67,479.134,831.083
27,15,1,1018.12,1655.04,0,331.747
27,18,3,1763.19,2108.46,3.66086,199.149
27,20,3,542.122,942.747,107.452,338.751
27,27,0,2178.23,2430.61,1251.88,1828.19
28,1,0,2535.46,2559.92,268.846,569.423
28,2,3,0,168.437,565.338,968.947
28,4,0,636.462,791.121,659.175,1054.45
28,8,3,0,432.883,318.369,686.453
28,13,0,2433.46,2555.98,451.604,795.148
28,15,1,966.617,1616.74,4.30455,342.572
28,18,3,1727.49,2071.59,9.05817,200.578
28,20,3,495.024,889.342,109.121,343.061
28,27,0,2160.37,2405.13,1171.56,1728.78
29,2,3,0,106.325,604.331,1070.7
29,4,0,634.682,790.668,656.54,1052.15
29,8,3,3.27677,348.84,331.244,719.581
29,13,0,2445.39,2557.77,433.277,771.165
29,15,1,927.861,1574.18,3.76285,350.222
29,18,3,1694.32,2038,7.72274,210.973
29,20,3,434.815,841.65,122.139,357.51
29,27,0,2137.67,2382.07,1101.03,1628.33
30,2,3,0,106.325,604.331,1070.7
30,4,0,633.352,791.408,655.735,1052.8
30,8,3,0,284.762,338.194,750.972
30,13,0,2465,2559.87,409.946,741.177
30,15,1,896.244,1541.3,5.51914,356.661
30,18,3,1660.38,2008.28,13.3063,213.259
30,20,3,395.43,791.001,125.848,369.873
30,27,0,2135.63,2371.24,1033.05,1540.03
31,4,0,633.432,789.723,655.115,1052.56
31,8,3,0,250.969,369.626,778.292
31,13,0,2480.79,2560,385.506,723.229
31,15,1,832.5,1513.75,5.15882,357.773
31,18,3,1629.96,1979.14,15.0787,218.081
31,20,3,364.077,732.52,134.979,382.831
31,27,0,2131.73,2358.92,976.612,1455.21
32,4,0,635.851,790.095,654.688,1053.21
32,8,3,2.18097,208.892,388.316,812.432
32,13,0,2498.12,2560,362.452,695.625
32,15,1,798.75,1475,9.81973,374.249
32,18,3,1595.55,1941.33,18.4053,227.98
32,20,3,321.43,682.129,142.753,412.534
32,27,0,2128.83,2343.22,919.97,1379.45
32,31,3,2135.19,2360.19,0,115.998
33,4,0,635.447,790.219,656.749,1053.13
33,8,3,1.43891,173.805,404.978,849.394
33,13,0,2511.89,2558.88,341.827,669.519
33,15,1,761.25,1435,1.63334,391.751
33,18,3,1561.38,1913.72,28.3588,236.963
33,20,3,218.309,629.337,153.442,418.619
33,27,0,2130.21,2340.22,864.14,1316.93
33,31,3,2105.29,2374.71,0,112.969
33,32,0,21.5385,157.692,260.481,457.212
34,4,0,635.022,792.346,657.412,1053.5
34,8,3,0,133.016,435.886,926.311
34,13,0,2511.89,2558.88,341.827,669.519
34,15,1,735,1393.75,0.101166,410.641
34,18,3,1521.5,1876.26,34.8746,242.996
34,20,3,167.564,578.592,160.002,420.289
34,27,0,2127.55,2340.62,811.711,1246.26
34,31,3,2075.19,2334.04,2.30769,117.332
34,32,0,3.46154,130.962,275.337,505.817
35,4,0,635.668,791.844,656.862,1054.02
35,8,3,0,95.2372,480.271,936.84
35,15,1,686.25,1362.5,2.29357,418.333
35,18,3,1488.3,1842.11,35.1496,252.621
35,20,3,120.589,525.343,172.635,443.811
35,27,0,2129.73,2334.68,767.797,1192.38
35,31,3,2037.6,2319.33,1.91106,130.781
35,32,0,0,115,288.75,542.019
36,4,0,636.373,791.789,657.265,1054.91
36,8,3,0,95.2372,480.271,936.84
36,15,1,628.125,1312.5,1.40933,427.522
36,18,3,1452.73,1800.55,47.9341,258.817
36,20,3,68.3161,479.293,178.276,465.22
36,27,0,2131.91,2335.83,723.368,1130.94
36,31,3,2007.79,2284.52,0.396631,130.276
36,32,0,0,115,288.75,542.019
37,4,0,637.054,791.035,655.991,1052.76
37,15,1,613.75,1281.25,7.96546,438.523
37,18,3,1413.32,1767.39,56.0682,264.316
37,20,3,23.0166,430.398,187.034,484.935
37,27,0,2147.52,2330.69,682.632,1078.97
37,31,3,1977.69,2268.46,1.98318,132.873
38,4,0,634.906,791.464,654.419,1054.45
38,15,1,577.812,1251.25,5.23354,450.218
38,18,3,1373.94,1733.5,61.1283,275.935
38,20,3,5.7407,363.895,213.431,499.99
38,27,0,2159.82,2338.52,646.714,1027.24
38,31,3,1937.5,2228.65,1.22596,150.505
38,35,3,2323.94,2549.9,0,81.7789
39,4,0,633.86,791.108,653.654,1054.51
39,15,1,518.438,1222.5,3.89867,457.881
39,18,3,1335.03,1693.62,66.2318,283.278
39,20,3,7.41009,348.997,230.565,517.019
39,27,0,2168.91,2342.04,608.777,987.447
39,31,3,1908.27,2190.19,2.59615,153.75
39,35,3,2292.5,2504.42,0,83.4014
40,4,0,632.692,790.903,654.364,1053.47
40,15,1,473.125,1189.38,10.383,467.201
40,18,3,1292.48,1656.27,70.4235,295.209
40,20,3,0,291.517,245.339,533.786
40,27,0,2183.46,2355.32,579.028,938.444
40,31,3,1876.35,2166.73,0.9375,157.861
40,35,3,2264.04,2529.81,0.288463,92.3077
41,4,0,633.669,791.996,653.634,1052.4
41,15,1,442.812,1156.25,8.83892,481.194
41,18,3,1253.56,1625.71,82.1879,304.382
41,20,3,0,261.785,254.3,557.995
41,27,0,2192.75,2367.79,548.444,903.153
41,31,3,1834.62,2131.54,3.02884,162.26
41,35,3,2264.04,2529.81,0.288463,92.3077
41,36,5,0,1008.12,1126.53,1920
42,4,0,632.45,794.097,655.055,1056.8
42,15,1,390,1117.5,4.66187,498.871
42,18,3,1220.05,1582.69,90.9873,318.367
42,20,3,4.26501,214.565,269.582,571.835
42,27,0,2208.61,2378.02,520.439,863.606
42,31,3,1807.12,2100.58,3.89423,170.048
42,35,3,2194.9,2500.48,0.036056,100.637
42,36,5,0.3125,1007.5,1072.19,1917.11
43,4,0,634.091,794.362,656.526,1032.55
43,15,1,359.375,1076.88,7.87751,513.34
43,18,3,1176.66,1548.18,97.7793,325.409
43,20,3,2.3348,170.667,285.59,585.052
43,27,0,2228.3,2399.53,492.573,823.885
43,31,3,1765.48,2068.37,1.51443,179.639
43,35,3,2153.85,2446.15,0,106.298
43,36,5,7.8125,1008.75,1041.88,1920
43,37,0,2097.43,2362.78,1252.38,1871.37
44,4,0,626.577,797.393,657.229,1000.98
44,15,1,367.188,1043.75,5.33807,517.629
44,18,3,1135.07,1517.62,105.847,341.19
44,20,3,0,131.199,295.75,620.257
44,27,0,2255.85,2407.48,463.523,787.872
44,31,3,1734.42,2037.88,4.75962,182.308
44,35,3,2153.85,2446.15,0,106.298
44,36,5,0,1015,982.573,1918.62
44,37,0,2080.66,2305.65,1155.68,1728.06
45,4,0,626.809,793.995,657.664,954.179
45,15,1,361.25,1020,8.01238,532.717
45,18,3,1091.8,1478.87,109.637,346.19
45,20,3,0,98.1971,319.183,608.51
45,27,0,2274,2420.85,443.391,753.605
45,31,3,1706.44,2004.33,6.92307,193.125
45,35,3,2100.96,2375.96,0,110.12
45,36,5,0,1019.38,936.957,1918.41
45,37,0,2044.65,2272.56,1066.23,1605.38
46,4,0,623.3,795.12,657.521,933.499
46,15,1,237.188,995,12.9867,541.467
46,18,3,1050.59,1444.67,121.453,356.739
46,20,3,0,98.1971,319.183,608.51
46,27,0,2295.09,2446.94,420.172,727.973
46,31,3,1674.23,1975,7.71634,200.841
46,35,3,2068.65,2399.04,0,113.69
46,36,5,5,1021.25,922.335,1920
46,37,0,2035.23,2249.49,978.729,1501.29
47,4,0,621.427,792.786,657.248,900.263
47,15,1,250.312,957.5,14.0381,548.716
47,18,3,1014.03,1404.89,127.415,368.92
47,27,0,2319.23,2471.64,392.233,690.054
47,31,3,1631.73,1940.58,10.6731,201.635
47,35,3,2039.04,2320.96,0.829325,117.007
47,36,5,6.25,1022.5,879.551,1911.88
47,37,0,2019.49,2231.18,905.741,1404.01
48,4,0,633.702,784.76,657.188,853.197
48,15,1,163.125,926.25,27.7922,597.527
48,18,3,972.651,1368.37,140.095,383.198
48,27,0,2344.16,2493.36,374.77,667.902
48,31,3,1595.63,1903.85,11.4598,222.91
48,35,3,2001.73,2284.42,0.216343,124.904
48,36,5,7.1875,1021.25,840.973,1920
48,37,0,2012.75,2218.98,835.435,1310.08
49,4,0,633.702,779.375,658.341,833.582
49,15,1,117.5,886.875,37.177,610.645
49,18,3,931.533,1332.55,144.9,392.028
49,27,0,2369.46,2514.89,351.786,639.248
49,31,3,1560.53,1866.95,13.4905,226.625
49,35,3,1974.42,2280.96,0.649037,130.529
49,36,5,1.25,1031.88,816.166,1920
49,37,0,2002.91,2210.16,776.557,1229.13
50,4,0,633.702,779.375,658.341,833.582
50,15,1,84.0625,862.5,27.9921,625.178
50,18,3,888.578,1292.54,153.565,405.52
50,27,0,2392.83,2548.28,329.09,608.458
50,31,3,1526.31,1834.16,19.3037,234.11
50,35,3,1945.48,2245.29,0,141.671
50,36,5,8.125,1036.25,788.22,1915.94
50,37,0,2011.04,2200,721.77,1144.96
51,15,1,44.6875,835,34.3431,643.903
51,18,3,845.044,1255.52,160.764,421.591
51,27,0,2433.46,2554.23,299.712,593.942
51,31,3,1487.65,1801.57,27.93,240.961
51,35,3,1896.54,2223.46,0.793269,150.216
51,36,5,13.4375,1042.5,754.84,1920
51,37,0,2012.83,2205.21,665.737,1081.75
52,15,1,12.5,794.375,21.3434,662.97
52,18,3,803.384,1218.98,171.179,431.394
52,27,0,2455.87,2556.44,283.197,556.226
52,31,3,1449.63,1761.34,32.5868,247.341
52,35,3,1870.96,2184.42,2.30769,152.596
52,36,5,44.6875,1050,747.916,1887.81
52,37,0,2022.14,2203.8,622.936,1018.84
53,15,1,16.5625,746.25,29.6037,680.46
53,18,3,767.81,1181.83,177.712,442.517
53,27,0,2495,2560,262.716,536.899
53,31,3,1413.69,1728.68,34.8755,264.178
53,35,3,1831.25,2156.44,6.49039,158.51
53,36,5,59.375,1059.38,720.613,1904.18
53,37,0,2040.09,2210.33,579.385,952.891
54,15,1,8.4375,710,22.9827,703.328
54,18,3,725.845,1143.37,186.988,455.717
54,27,0,2532.42,2559.89,240.721,527.74
54,31,3,1375.44,1690.58,43.6026,267.375
54,35,3,1797.31,2122.69,3.89423,162.26
54,36,5,79.0625,1070,697.825,1911.68
54,37,0,2048.68,2220.92,533.794,904.393
55,15,1,2.43198,674.425,11.2604,700.75
55,18,3,685.511,1107.26,196.997,464.875
55,27,0,2532.42,2559.89,240.721,527.74
55,31,3,1331.65,1654.27,48.5326,274.998
55,35,3,1743.24,2100,0,178.404
55,36,5,91.25,1066.25,684.784,1912.8
55,37,0,2065.53,2234.48,497.746,852.563
55,43,0,2124.33,2217.21,0,107.38
56,15,1,0,659.585,5.92987,704.74
56,18,3,647.133,1070.07,207.888,474.185
56,31,3,1285.62,1617.02,58.8366,285.053
56,35,3,1707.92,2058.54,3.1951,190.415
56,36,5,98.125,1066.25,665.928,1907.21
56,37,0,2092.43,2249.9,460.932,803.178
56,43,0,2075.1,2177.21,0.685097,117.079
57,15,1,0,624.538,25.8612,749.146
57,18,3,601.719,1035.61,216.064,490.102
57,31,3,1248.75,1569.79,65.547,297.411
57,35,3,1671.43,2017.72,1.6205,192.953
57,36,5,131.25,1104.38,648.117,1915.58
57,37,0,2109.43,2265.19,429.138,766.408
57,43,0,2031.06,2132.02,0,124.615
58,15,1,0,578.351,24.075,764.512
58,18,3,560.884,995.016,224.361,504.179
58,31,3,1210.08,1538.42,71.4379,306.207
58,35,3,1628.89,1978.92,9.23943,196.003
58,36,5,150.312,1115,622.468,1907.38
58,37,0,2134.04,2286.56,400.903,719.017
58,43,0,1983.94,2083.75,0.9375,128.005
58,45,3,2384.09,2560,0,83.8702
59,15,1,0,543.228,31.311,773.014
59,18,3,522.964,959.461,237.196,515.448
59,31,3,1168.18,1497.17,82.9963,312.019
59,35,3,1588.78,1964.39,2.33031,200.243
59,36,5,161.25,1120,599.824,1891.34
59,37,0,2164.98,2310.09,370.388,683.112
59,43,0,1930.53,2041.78,2.19952,129.916
59,45,3,2347.79,2553.75,0,82.9688
60,15,1,5.78587,489.391,42.5065,799.578
60,18,3,485.997,921.376,248.053,526.713
60,31,3,1128.68,1454.15,86.9779,323.358
60,35,3,1549.08,1911.1,7.60246,210.778
60,36,5,172.812,1130,572.552,1880.88
60,37,0,2198.57,2338.43,340.069,635.969
60,43,0,1888.32,1991.68,3.10096,134.351
60,45,3,2313.37,2535.87,0,84.375
61,15,1,2.45504,464.252,103.726,837.326
61,18,3,447.552,883.143,259.786,540.049
61,31,3,1076.82,1423.87,99.6299,346.181
61,35,3,1508.25,1870.18,6.77145,220.61
61,36,5,186.562,1155,566.423,1781.17
61,37,0,2228.94,2374.23,310.416,597.458
61,43,0,1840.43,1950.34,1.22596,154.111
61,45,3,2294.42,2496.35,0,84.6274
62,15,1,1.80643,489.204,150.546,855.353
62,18,3,409.242,846.779,271.403,550.301
62,31,3,1041.13,1375.95,105.875,345.963
62,35,3,1459.95,1818.19,8.45115,226.294
62,36,5,210.938,1160,558.374,1779.07
62,37,0,2266.96,2413.92,286.972,566.886
62,43,0,1796.68,1904.86,0.0721192,160.168
62,45,3,2247.31,2552.69,0,97.4279
62,46,0,2132.26,2221.59,0,64.994
63,15,1,0,458.455,134.205,874.641
63,18,3,392.104,811.801,278.298,568.447
63,31,3,1000.99,1340.67,109.742,361.237
63,35,3,1423.74,1769.44,17.9368,236.712
63,36,5,222.5,1171.25,551.633,1762.53
63,37,0,2302.91,2445.08,258.8,538.987
63,43,0,1743.22,1859.86,1.15384,161.683
63,45,3,2232.79,2542.6,0,98.149
63,46,0,2089.66,2174.95,0.829328,75.6851
64,15,1,0,361.378,146.419,940.403
64,18,3,393.457,766.516,292.985,580.419
64,31,3,959.391,1299.81,124.783,371.187
64,35,3,1373.32,1725.06,24.6696,246.078
64,36,5,240.625,1175.62,545.673,1750.82
64,37,0,2340.76,2490.19,247.982,506.796
64,43,0,1701.83,1812.02,0,165.938
64,45,3,2173.37,2512.79,0.90144,104.892
64,46,0,2055.1,2138.75,0,65.0661
65,15,1,2.1772,358.417,90.5351,1010.67
65,18,3,370.389,730.913,303.733,601.162
65,31,3,920.415,1261.25,133.316,386.288
65,35,3,1330.37,1690.63,31.6651,256.231
65,36,5,252.812,1180,539.943,1723.08
65,37,0,2388.94,2521.83,218.149,479.928
65,43,0,1661.54,1766.15,5.48077,174.519
65,45,3,2139.33,2374.52,0,110.805
65,46,0,2006.06,2107.79,0,80.7332
65,47,5,936.864,1546.11,5.42187,215.534
66,15,1,0.723181,320.015,107.273,985.276
66,18,3,253.96,690.51,315.222,618.11
66,31,3,877.483,1231.03,139.274,397.787
66,35,3,1278.01,1633.03,43.0271,264.571
66,36,5,260,1182.5,539.51,1692.56
66,37,0,2442.07,2557.93,194.135,447.981
66,43,0,1609.95,1722.36,0,192.188
66,45,3,2110.67,2384.71,0.288463,114.087
66,46,0,1966.92,2057.69,0,89.5673
66,47,5,904.372,1531.88,0,228.961
67,15,1,3.74336,248.673,64.7678,1187.2
67,18,3,194.994,654.397,326.379,637.094
67,31,3,839.772,1192.03,152.382,411.164
67,35,3,1234.04,1588.97,52.5775,269.836
67,36,5,269.688,1192.5,531.812,1682.33
67,37,0,2496.73,2558.65,170.553,436.947
67,43,0,1557.88,1669.81,0,198.029
67,45,3,2078.46,2389.23,0.757213,112.031
67,46,0,1920.62,2033.22,0,103.81
67,47,5,959.553,1500.1,1.15998,226.467
68,15,1,5.76582,176.671,172.257,1229.26
68,18,3,151.467,617.08,341.086,650.892
68,31,3,798.614,1154.07,156.878,422.606
68,35,3,1181.67,1545.19,52.0866,281.95
68,36,5,285.312,1193.75,520.735,1676.6
68,37,0,2496.73,2558.65,170.553,436.947
68,43,0,1509.09,1621.68,1.65865,199.111
68,45,3,2039.23,2348.46,2.41587,117.44
68,46,0,1887.07,1989.86,0,94.2548
68,47,5,901.135,1413.32,2.05014,231.689
69,15,1,3.15626,153.465,133.279,1130.13
69,18,3,120.588,569.348,351.78,662.495
69,31,3,763.691,1122.98,171.282,434.307
69,35,3,1144.79,1497.48,65.7707,290.227
69,36,5,297.5,1198.75,511.284,1648.68
69,43,0,1458.99,1574.86,5.04807,202.212
69,45,3,2005.58,2292.88,2.34375,124.579
69,46,0,1847.64,1936.97,3.4976,102.079
69,47,5,862.427,1456.39,4.31252,235.583
70,15,1,3.15626,153.465,133.279,1130.13
70,18,3,85.9299,528.394,341.336,679.109
70,31,3,727.549,1084.66,180.202,445.525
70,35,3,1100.72,1468.45,71.6803,298.284
70,36,5,298.75,1207.5,466.071,1589.8
70,43,0,1458.99,1574.86,5.04807,202.212
70,45,3,1980.96,2289.81,1.83894,129.988
70,46,0,1801.78,1912.07,1.26202,115.709
70,47,5,817.574,1447.38,7.70581,237.149
71,18,3,45.0205,490.411,361.663,705.174
71,31,3,690.49,1050.93,192.799,460.072
71,35,3,1054.24,1410.13,81.0824,315.051
71,36,5,301.562,1212.5,457.086,1599.91
71,43,0,1364.28,1474.18,18.1731,233.077
71,45,3,1939.23,2279.23,0.288463,137.596
71,46,0,1762.98,1886.25,2.70433,118.233
71,47,5,773.242,1326.74,2.01653,247.295
71,49,0,623.317,731.298,18.9663,233.005
72,18,3,5.97691,447.134,385.117,729.299
72,31,3,646.835,1020.81,206.257,471.208
72,35,3,1013.98,1369.96,90.9262,324.381
72,36,5,312.812,1211.25,468.83,1585.86
72,43,0,1316.88,1427.74,28.0529,238.486
72,45,3,1898.65,2249.04,3.02885,151.298
72,46,0,1723.75,1833.17,0.865381,123.317
72,47,5,773.242,1326.74,2.01653,247.295
72,49,0,570.577,680.192,21.9231,246.49
73,18,3,0,433.581,412.579,744.223
73,31,3,609.665,977.838,210.845,492.996
73,35,3,974.399,1334.31,103.951,342.651
73,36,5,316.562,1220,476.64,1573.4
73,43,0,1258.56,1379.9,35.625,241.298
73,45,3,1866.35,2210.58,2.45192,159.808
73,46,0,1682.21,1791.63,1.40625,128.762
73,47,5,682.839,1334.23,3.05407,265.879
73,49,0,515.529,632.933,40.2404,251.106
74,18,3,0,427.916,396.049,767.019
74,31,3,572.292,944.714,224.371,520.966
74,35,3,931.936,1295.73,103.28,353.198
74,36,5,321.562,1220,478.646,1564.75
74,43,0,1225.19,1325.58,42.4039,261.923
74,45,3,1836.44,2172.79,3.60577,163.99
74,46,0,1641.01,1752.84,2.84856,133.882
74,47,5,623.325,1280.47,0,284.392
74,49,0,459.952,576.971,48.75,269.423
75,18,3,4.16672,408.723,443.004,791.328
75,31,3,532.739,909.551,231.748,516.563
75,35,3,883.776,1264.29,103.28,366.121
75,36,5,330.625,1220.62,479.6,1562.59
75,43,0,1225.19,1325.58,42.4039,261.923
75,45,3,1781.7,2145.5,0.0414348,180.045
75,46,0,1600,1710.77,0,140.769
75,47,5,582.563,1251.03,1.27625,276.487
75,49,0,405.048,521.875,58.5577,281.827
76,18,3,0,296.529,466.098,816.61
76,31,3,498.11,873.178,238.488,530.271
76,35,3,850.155,1220.04,121.415,377.854
76,36,5,339.375,1219.38,469.543,1561.9
76,45,3,1751.68,2112.46,1.41968,188.229
76,46,0,1557.16,1673.61,0.649037,154.399
76,47,5,503.735,1233.61,0,293.415
76,49,0,383.293,475.938,69.1587,282.476
77,18,3,1.60662,247.562,483.132,837.56
77,31,3,457.888,835.62,251.578,532.217
77,35,3,813.189,1177.16,134.88,390.039
77,36,5,344.375,1261.88,471.604,1561.36
77,45,3,1718.47,2079.96,3.28418,192.85
77,46,0,1509.09,1630.91,0,160.745
77,47,5,487.972,1158.4,13.8679,299.031
77,49,0,383.293,475.938,69.1587,282.476
78,18,3,1.26058,205.463,502.891,868.502
78,31,3,416.395,795.884,264.513,545.393
78,35,3,769.711,1138.6,146.434,404.6
78,36,5,347.5,1261.25,470.463,1552.73
78,45,3,1675.43,2042.17,3.14507,202.854
78,46,0,1464.47,1595.53,0.721157,161.394
78,47,5,487.972,1158.4,13.8679,299.031
79,18,3,0,161.2,535.713,897.727
79,31,3,390.738,761.889,279.896,562.46
79,35,3,740.651,1099.77,153.232,416.265
79,36,5,351.875,1260.62,461.663,1546.97
79,45,3,1636.61,2005.32,10.9991,206.487
79,46,0,1423.85,1550,1.51443,171.274
79,47,5,167.812,1232.5,23.8277,366.763
80,18,3,0,113.602,545.752,964.212
80,31,3,389.54,727.642,288.951,576.667
80,35,3,699.337,1065.09,161.308,437.968
80,36,5,351.875,1264.38,460.796,1543.72
80,45,3,1609.94,1971.44,13.1661,211.418
80,46,0,1381.59,1499.95,6.92307,176.971
80,47,5,157.5,1243.75,25.7628,366.029
80,49,0,167.692,293.077,129.087,337.644
81,18,3,0,80.7479,577.877,993.181
81,31,3,382.963,688.966,301.02,603.605
81,35,3,662.162,1029.26,179.433,452.636
81,36,5,355.312,1267.5,461.161,1543.16
81,45,3,1565.43,1938.22,21.1655,217.371
81,46,0,1336.59,1452.64,9.80769,183.75
81,47,5,116.25,866.875,26.4107,394.956
81,49,0,119.615,239.615,148.125,350.337
82,18,3,0.830472,43.6939,620.063,1086.09
82,31,3,264.932,658.48,313.844,616.289
82,35,3,630.498,997.057,188.887,465.986
82,36,5,362.188,1268.75,455.16,1536.17
82,45,3,1530.73,1900.8,21.5367,227.434
82,46,0,1292.74,1421.11,5.19231,196.154
82,47,5,116.25,866.875,26.4107,394.956
82,49,0,74.1346,191.442,178.774,359.207
82,51,0,2101.02,2312.4,1257.13,1859.92
83,18,3,0.830472,43.6939,620.063,1086.09
83,31,3,216.127,620.042,324.52,645.177
83,35,3,599.053,960.193,197.383,471.99
83,36,5,364.062,1275,453.976,1528.8
83,45,3,1496.88,1866.13,21.3095,236.116
83,46,0,1248.32,1373.22,2.74039,200.048
83,49,0,29.1346,145.673,179.279,370.817
83,51,0,2092.22,2292.71,1188.81,1747.94
84,31,3,179.622,579.66,343.26,652.764
84,35,3,560.671,938.22,212.76,478.051
84,36,5,369.375,1275.62,454.383,1522.21
84,45,3,1459.55,1828.62,25.9681,242.538
84,46,0,1211.49,1333.12,3.17308,204.231
84,47,5,198.565,713.323,14.7629,391.392
84,49,0,11.1538,105.192,188.87,379.976
84,51,0,2074.98,2274.26,1119.98,1662.31
85,31,3,137.125,536.529,362.198,679.893
85,35,3,531.313,900.927,218.692,492.262
85,36,5,378.125,1278.12,453.615,1508.49
85,45,3,1421.07,1793.4,31.276,248.296
85,46,0,1167.64,1284.66,13.1971,215.264
85,47,5,198.565,713.323,14.7629,391.392
85,49,0,3.22115,71.8269,204.087,398.221
85,51,0,2049.04,2254.02,1056.41,1581.91
86,31,3,103.822,502.35,371.944,691.546
86,35,3,486.364,878.378,227.869,519.581
86,36,5,383.75,1280,449.648,1505.81
86,45,3,1377.9,1760.55,40.4011,260.893
86,46,0,1125.82,1251.11,16.8029,224.207
86,47,5,100.919,640.682,3.57872,454.875
86,49,0,1.99519,37.3317,194.135,415.673
86,51,0,2034.38,2247.28,995.594,1505.18
87,31,3,61.9241,453.842,386.525,714.546
87,35,3,458.984,844.543,241.591,529.587
87,36,5,381.562,1283.75,446.48,1503.29
87,45,3,1343.33,1726.26,49.1335,267.989
87,46,0,1083.17,1202.98,17.0914,237.188
87,47,5,42.8744,601.406,0,438.401
87,49,0,1.99519,37.3317,194.135,415.673
87,51,0,2035.21,2239.34,956.153,1441.34
88,31,3,20.7258,440.321,396.006,733.037
88,35,3,427.747,809.187,249.702,544.961
88,36,5,390.312,1280,441.664,1502.74
88,45,3,1308.53,1686.63,58.4542,279.728
88,46,0,1043.46,1161.15,65.4808,248.654
88,47,5,42.8744,601.406,0,438.401
88,51,0,2022.11,2226.59,900.748,1375.04
89,31,3,0,438.846,405.945,763.576
89,35,3,408.072,783.507,266.549,549.735
89,36,5,392.812,1281.25,437.548,1495.71
89,45,3,1264.66,1653.06,65.7897,288.826
89,46,0,1006.44,1121.25,58.9904,254.856
89,47,5,2.97945,543.534,0,436.214
89,51,0,2030.46,2227.84,853.097,1318.44
89,55,0,2223.44,2515.43,1465.65,1920
90,31,3,3.73697,347.114,427.001,775.987
90,35,3,392.729,748.444,278.055,569.055
90,36,5,399.688,1286.25,438.853,1486.73
90,45,3,1226.35,1619.71,70.8208,296.872
90,46,0,963.462,1076.54,59.8558,265.817
90,47,5,0,520.888,2.48786,426.027
90,51,0,2035.69,2218.41,805.912,1255.62
90,55,0,2212.72,2481.19,1381.72,1916.68
91,31,3,0.0913143,318.673,439.591,798.634
91,35,3,403.898,709.006,297.708,595.021
91,36,5,400.625,1287.5,435.257,1480.33
91,45,3,1194.98,1574.65,76.6218,306.626
91,46,0,921.01,1037.45,66.274,271.226
91,47,5,0,484.169,19.4288,481.765
91,51,0,2042.75,2222.53,764.161,1194.8
91,55,0,2210.49,2447.16,1288.25,1849.97
92,31,3,0.386162,288.482,459.154,822.064
92,35,3,381.73,677.956,301.144,607.482
92,36,5,406.875,1292.5,432.082,1477.98
92,45,3,1152.73,1542.45,84.8898,314.193
92,46,0,885.433,999.183,68.6539,278.654
92,47,5,0,484.169,19.4288,481.765
92,51,0,2037.54,2238.67,725.607,1141.32
92,55,0,2199.32,2425.55,1194.5,1751.99
93,31,3,0,249.033,486.149,850.446
93,35,3,217.482,651.19,306.071,628.652
93,36,5,415.625,1297.5,431.057,1471.61
93,45,3,1120.68,1508.22,94.1099,324.31
93,46,0,847.452,957.163,96.7067,287.524
93,51,0,2055.46,2234.86,688.008,1097.77
93,55,0,2185.43,2404.67,1123.83,1653.07
93,60,1,1845.54,2342.28,0,164.43
94,31,3,0,213.413,493.509,871.786
94,35,3,185.916,618.989,326.858,648.259
94,36,5,419.062,1291.25,429.983,1464.9
94,45,3,1078.19,1474.82,97.5253,337.562
94,46,0,808.269,916.346,96.4183,290.986
94,51,0,2067.74,2248.91,656.72,1048.25
94,55,0,2158.67,2391.94,1055.83,1570.8
94,60,1,1806.51,2278.04,0,172.906
95,31,3,0.0340271,175.842,510.663,913.632
95,35,3,144.287,588.009,335.613,663.794
95,36,5,423.125,1290,431.757,1460.44
95,45,3,1037.28,1439.77,108.92,351.793
95,46,0,763.99,874.471,94.9038,308.365
95,51,0,2090.86,2253.46,622.737,1009.04
95,55,0,2141.57,2368.68,1002.66,1485.95
95,60,1,1772.93,2276.81,0,179.076
95,63,0,2347.9,2554.53,1322.16,1900.17
96,31,3,0,146.571,524.4,991.567
96,35,3,102.673,548.213,329.094,685.592
96,36,5,426.25,1292.5,432.143,1456.81
96,45,3,1002.99,1403.28,119.376,367.44
96,46,0,721.442,842.404,102.548,317.452
96,47,5,19.4405,312.001,86.6477,540.106
96,51,0,2106.34,2267.83,594.348,969.156
96,55,0,2140.22,2353.54,944.264,1410.75
96,60,1,1751.36,2207.46,0,193.607
96,63,0,2328.48,2544.35,1250.01,1793.92
97,31,3,0.56572,103.239,530.724,1012.13
97,35,3,67.461,500.825,359.385,697.158
97,36,5,430,1292.5,427.183,1456.68
97,45,3,969.244,1369.48,129.648,383.533
97,46,0,682.692,805,120.433,329.279
97,47,5,0,456.354,61.2781,582.749
97,51,0,2119.42,2304.29,565.474,929.237
97,55,0,2138.42,2344.37,894.987,1340.76
97,60,1,1691.96,2163.69,0,192.986
97,63,0,2303.7,2521.02,1182.33,1709
97,65,3,2352.98,2557.79,0,85.3125
98,31,3,1.88633,79.5019,532.218,1039.82
98,35,3,14.3303,461.382,365.57,723.9
98,36,5,428.75,1290,429.788,1464.01
98,45,3,929.258,1336.29,141.2,390.053
98,46,0,642.644,762.74,128.221,341.971
98,47,5,0.139999,353.09,66.8103,581.201
98,51,0,2148.85,2303.09,535.268,874.085
98,55,0,2139.48,2330.22,845.011,1278.81
98,60,1,1664.04,2128.52,0,199.823
98,63,0,2290.64,2486.68,1118.7,1628.16
98,65,3,2314.62,2534.62,0,84.7716
99,31,3,2.81394,31.2558,601.025,1081.26
99,35,3,0,433.576,384.682,744.327
99,36,5,436.25,1295,425.282,1455.85
99,45,3,895.719,1300.08,146.387,404.775
99,46,0,605.721,728.894,126.49,354.663
99,47,5,6.19145,279.555,90.9186,537.783
99,51,0,2163.62,2320.68,509.362,831.973
99,55,0,2140.72,2330.35,794.987,1213.96
99,60,1,1631.81,2124.86,0,204.03
99,63,0,2282.85,2471.6,1059.83,1553.5
99,65,3,2266.63,2542.6,0,89.1707
100,31,3,2.81394,31.2558,601.025,1081.26
100,35,3,7.00079,332.262,400.618,766.307
100,36,5,435.625,1295,420.528,1453.36
100,45,3,858.879,1267.9,152.224,420.97
100,46,0,572.933,691.683,133.197,356.611
100,47,5,0,465.575,46.1108,602.707
100,51,0,2189.23,2353.7,484.148,819.406
100,55,0,2134.72,2323.52,746.213,1154.08
100,60,1,1584.69,2064.64,1.19182,207.341
100,63,0,2250.05,2453.73,1004.12,1481.2
100,65,3,2226.92,2542.31,0,101.178
100,66,0,1954.98,2199.92,1374.95,1916.48
101,35,3,2.59122,321.172,428.407,788.745
101,36,5,442.5,1305,420.969,1443.83
101,45,3,819.744,1237.35,164.41,442.254
101,46,0,536.298,659.856,133.99,367.933
101,47,5,0,465.575,46.1108,602.707
101,51,0,2212.49,2361.77,460.855,790.171
101,55,0,2128.9,2313.33,703.456,1103.24
101,60,1,1548.66,2034.66,2.48417,216.401
101,63,0,2241.86,2440.84,943.875,1411.27
101,65,3,2182.98,2515.48,0,107.055
101,66,0,1931.46,2164.27,1274.79,1864.77
102,35,3,0.28677,299.932,442.127,813.904
102,36,5,450.312,1305,404.766,1441.77
102,45,3,788.453,1198.68,176.124,442.437
102,46,0,503.606,631.01,146.827,379.038
102,47,5,0,449.171,65.9135,588.659
102,51,0,2230.01,2376.51,437.226,764.797
102,55,0,2132.7,2311.46,665.922,1057.11
102,60,1,1532.8,2020.31,0,221.161
102,63,0,2241.73,2427.46,899.002,1345.43
102,65,3,2141.15,2449.62,0,110.337
102,66,0,1917.88,2148.82,1178.75,1752.81
103,35,3,1.27353,247.409,466.252,835.993
103,36,5,450.625,1305,410.181,1437.61
103,45,3,752.132,1171.93,179.88,459.937
103,46,0,474.183,596.587,155.625,388.702
103,47,5,0,449.171,65.9135,588.659
103,51,0,2259.44,2404.56,420.499,728.149
103,55,0,2140.1,2313.52,631.537,1000.24
103,60,1,1478.66,1995.56,1.68485,234.599
103,63,0,2233.98,2420.54,858.302,1279.53
103,65,3,2108.08,2365.77,0,116.575
103,66,0,1902.58,2128.56,1095.99,1646.85
104,35,3,0,208.693,481.002,870.24
104,36,5,456.25,1303.75,415.282,1439.45
104,45,3,717.671,1142.91,197.019,462.318
104,46,0,445.24,571.683,158.51,393.606
104,51,0,2281.61,2419.54,393.071,708.094
104,55,0,2144.53,2319.18,592.33,961.484
104,60,1,1445.59,1959.47,0.123682,240.38
104,63,0,2237.44,2401.67,807.636,1234.3
104,65,3,2055.77,2402.69,0.612981,119.387
104,66,0,1892.93,2112.54,1020.4,1545.27
105,35,3,0.299964,159.479,492.412,923.47
105,36,5,459.688,1301.25,411.356,1439.66
105,45,3,685.733,1108.98,205.351,480.697
105,46,0,420.673,539.327,170.192,384.808
105,51,0,2301.69,2446.8,377.948,673.993
105,55,0,2154.88,2324.58,564.003,921.843
105,60,1,1410.28,1954.14,0.421615,247.549
105,63,0,2238.68,2399.77,765.754,1176.02
105,65,3,2019.04,2285.58,1.73077,133.269
105,66,0,1888.25,2100.31,953.312,1462.03
106,35,3,0,117.896,514.512,925.731
106,36,5,454.375,1305,401.794,1432.48
106,45,3,654.812,1083.21,214.56,489.1
106,46,0,400.721,509.279,171.779,435.144
106,47,5,3.38395,231.634,153.717,636.302
106,51,0,2325.36,2475.89,354.39,644.602
106,55,0,2164.35,2332.11,529.51,856.603
106,60,1,1386.69,1886.41,3.03652,257.076
106,63,0,2227.21,2404.31,723.248,1121.96
106,65,3,1982.69,2294.23,1.37019,136.514
106,66,0,1884.97,2085.52,888.04,1368.98
107,35,3,1.09325,78.6331,544.894,1023.72
107,36,5,453.75,1307.5,408.672,1434.97
107,45,3,621.547,1052.06,221.282,494.819
107,46,0,379.087,483.99,182.957,390.505
107,47,5,0,298.965,55.0796,761.954
107,51,0,2344.12,2497.76,331.49,617.902
107,55,0,2180.41,2338.23,502.098,836.559
107,60,1,1356.41,1892.75,0,267.3
107,63,0,2243.67,2394.79,688.873,1074.71
107,65,3,1926.73,2285.58,0.216351,151.514
107,66,0,1884.45,2076.69,827.667,1294.15
108,35,3,1.09325,78.6331,544.894,1023.72
108,36,5,454.688,1312.5,406.686,1431.1
108,45,3,593.013,1023.24,228.309,498.725
108,46,0,368.005,463.534,193.846,427.5
108,47,5,0,298.965,55.0796,761.954
108,51,0,2378.81,2521.43,311.83,594.146
108,55,0,2200.95,2348.71,473.291,790.165
108,60,1,1321.35,1853,0,275.935
108,63,0,2242.67,2402.08,653.836,1032.02
108,65,3,1884.9,2232.02,0,154.832
108,66,0,1879.5,2071.6,772.087,1214.93
109,36,5,455,1312.5,408.366,1430.22
109,45,3,557.3,999.67,243.263,520.362
109,46,0,368.005,463.534,193.846,427.5
109,51,0,2414.18,2539.66,290.048,567.26
109,55,0,2217.55,2363.7,450.014,754.637
109,60,1,1289.6,1782.35,11.7577,288.35
109,63,0,2245.49,2401.82,619.544,992.299
109,65,3,1845.1,2182.6,0.144231,160.529
109,66,0,1859.25,2062.98,725.628,1149.85
109,67,3,1667.5,2360,1391.22,1920
110,36,5,454.688,1311.25,402.64,1428.31
110,45,3,531.295,968.485,249.19,532.86
110,51,0,2446.15,2556.92,278.005,552.764
110,55,0,2233.83,2385.24,424.723,700.768
110,60,1,1258.97,1752.2,9.045,294.661
110,63,0,2260.7,2404.79,589.533,949.597
110,65,3,1798.04,2149.95,0,178.129
110,66,0,1882.63,2063.13,674.061,1088.25
110,67,3,1655,2307.5,1288.42,1886.48
111,36,5,455,1307.5,399.922,1430.3
111,45,3,504.106,941.989,260.55,544.324
111,51,0,2480.7,2559.3,260.841,522.62
111,55,0,2249.43,2399.26,393.019,680.832
111,60,1,1224.48,1735.92,4.73615,302.347
111,63,0,2270.63,2411.86,565.042,906.016
111,65,3,1752.94,2107.44,0.858099,189.869
111,66,0,1870.01,2056.75,635.676,1020.33
111,67,3,1646.25,2265,1203.8,1726.18
112,36,5,455.938,1307.5,397.616,1429.31
112,45,3,475.399,914.701,271.445,558.389
112,51,0,2509.04,2558.65,248.149,530.12
112,55,0,2262.87,2415.76,372.591,640.143
112,60,1,1190.94,1682.01,2.67148,317.011
112,63,0,2280.69,2418.18,538.409,871.526
112,65,3,1706.62,2066.53,2.73073,194.812
112,66,0,1884.9,2065.01,590.406,971.65
112,67,3,1640,2228.75,1111.73,1624.32
113,36,5,455.625,1307.5,398.422,1426.66
113,45,3,447.505,886.701,278.654,569.513
113,51,0,2509.04,2558.65,248.149,530.12
113,55,0,2293.65,2426.35,347.596,584.135
113,60,1,1156.88,1669.32,4.92136,318.877
113,63,0,2287.18,2424.09,514.898,834.374
113,65,3,1664.24,2028.03,2.8005,204.765
113,66,0,1897.91,2068.19,549.462,913.748
113,67,3,1644.58,2197.41,1028.28,1513.4
114,36,5,451.25,1310,401.132,1431.07
114,45,3,420.863,859.041,287.725,576.179
114,55,0,2327.74,2450.72,322.716,587.668
114,60,1,1124.14,1643.63,3.19681,328.545
114,63,0,2301.26,2436.26,479.315,802.281
114,65,3,1626.39,1982.1,10.1756,206.668
114,66,0,1915.58,2079.25,515.712,875.655
114,67,3,1638.47,2172.34,961.903,1435.9
115,36,5,449.375,1312.5,406.473,1432.27
115,45,3,412.859,834.354,290.129,586.869
115,55,0,2342.21,2473.17,304.76,550.817
115,60,1,1089.95,1600.33,3.7167,338.534
115,63,0,2314.22,2458.1,454.135,765.639
115,65,3,1578.15,1945.42,12.4544,213.779
115,66,0,1934.99,2096.13,483.994,824.614
115,67,3,1638.22,2153.89,885.779,1353.45
116,36,5,450.625,1317.5,407.325,1433.24
116,45,3,407.464,815.292,312.558,593.3
116,55,0,2380.29,2502.79,280.962,518.654
116,60,1,1056.6,1570.17,5.16668,345.588
116,63,0,2341,2475.5,435.801,736.362
116,65,3,1546.56,1903.58,17.9822,218.301
116,66,0,1950.62,2109.61,447.725,787.288
116,67,3,1671.8,2145.71,820.19,1279.04
117,36,5,451.25,1312.5,411.475,1433.33
117,45,3,380.171,777.873,316.496,611.791
117,55,0,2408.94,2532.6,259.183,511.01
117,60,1,1025.28,1541.05,5.23986,362.696
117,63,0,2358.75,2491.94,412.479,707.694
117,65,3,1514.21,1860.33,22.6286,226.078
117,66,0,1981.26,2132.82,420.288,749.945
117,67,3,1679.03,2131.71,774.137,1171.35
117,69,0,2360.06,2556.8,1157.3,1728.57
118,36,5,454.062,1307.5,415.752,1432.7
118,45,3,379.435,755.145,328.606,626.834
118,55,0,2436.88,2547.74,246.13,502.716
118,60,1,982.109,1490.93,10.0086,367.814
118,63,0,2382.82,2510.54,380.296,680.087
118,65,3,1473.62,1821.09,26.1691,238.706
118,66,0,1998.29,2159.38,390.729,713.932
118,67,3,1682.43,2133.14,711.987,1092.13
118,69,0,2329.25,2552.73,1093.66,1643.99
119,36,5,451.875,1307.5,423.398,1428.12
119,45,3,299.527,732.257,337.083,641.156
119,46,0,108.51,243.798,286.37,552.476
119,55,0,2472.91,2557.86,229.471,471.49
119,60,1,942.309,1468.18,10.6035,381.846
119,63,0,2417.21,2530.48,367.716,656.322
119,65,3,1443.83,1779.62,32.1223,247.532
119,66,0,2034.05,2186.35,358.48,668.997
119,67,3,1703.57,2141.19,667.765,1035.22
119,69,0,2302.03,2539.05,1041.35,1571.75
120,36,5,450.312,1310,418.831,1427
120,45,3,271.371,723.21,342.851,657.728
120,46,0,94.2789,222.067,296.106,561.779
120,55,0,2472.91,2557.86,229.471,471.49
120,60,1,922.119,1445.17,8.42401,389.12
120,63,0,2442.6,2554.33,340.24,635.913
120,65,3,1405.68,1738.71,40.7726,261.695
120,66,0,2062.53,2212.14,338.863,641.891
120,67,3,1723.22,2150.18,623.448,972.709
120,69,0,2279.71,2504.5,989.191,1499.4
121,36,5,453.75,1311.25,413.904,1426.82
121,45,3,201.081,689.814,350.812,663.01
121,46,0,74.6154,201.538,302.019,571.442
121,60,1,880.066,1410.55,0,413.646
121,63,0,2480.36,2559.64,303.317,612.836
121,65,3,1383.04,1705.11,50.3512,265.656
121,66,0,2102.25,2245.77,311.411,602.689
121,67,3,1741.14,2159.46,580.027,915.991
121,69,0,2255.24,2479.52,934.073,1441.55
122,36,5,453.438,1313.75,411.177,1433.85
122,45,3,171.269,662.274,356.082,693.113
122,46,0,48.3544,195.284,309.886,583.182
122,60,1,846.497,1370.93,0,420.315
122,63,0,2509.09,2558.61,287.596,580.096
122,65,3,1354.19,1667.03,52.8216,270.532
122,66,0,2134.14,2281.17,289.392,569.647
122,67,3,1772.31,2181.33,542.992,869.255
122,69,0,2231.09,2449.18,886.491,1369.31
123,36,5,453.438,1318.75,412.392,1427.41
123,45,3,156.272,641.498,363.966,701.491
123,46,0,42.9327,167.644,316.659,590.264
123,60,1,807.349,1333.32,8.37647,443.657
123,63,0,2509.09,2558.61,287.596,580.096
123,65,3,1316.95,1625.47,58.3057,282.735
123,66,0,2176.75,2322.14,260.398,547.3
123,67,3,1804.34,2206.53,497.144,810.564
123,69,0,2216.7,2431.57,847.031,1305.61
123,76,3,212.717,1121.29,1746.23,1919.09
123,78,0,1760.31,1845.84,1.51443,153.822
124,36,5,456.25,1320,409.905,1425.92
124,45,3,107.464,617.282,372.195,712.866
124,46,0,12.813,164,329.32,609.165
124,60,1,774.406,1302.85,53.9463,424.193
124,65,3,1283.65,1590.15,65.7742,292.046
124,66,0,2232.6,2355.1,243.75,514.904
124,67,3,1844.34,2224.66,464.544,784.067
124,69,0,2205.09,2410.99,797.9,1251.91
124,76,3,274.402,1142.21,1714.99,1916.19
124,78,0,1712.02,1807.98,0,167.38
125,36,5,458.438,1307.5,409.614,1435.78
125,45,3,74.4564,582.845,380.79,732.189
125,46,0,1.67151,153.747,343.788,619.968
125,60,1,729.441,1275.83,64.1129,429.689
125,65,3,1253.65,1552.83,72.5318,302.676
125,66,0,2276.59,2406.49,220.601,483.245
125,67,3,1878.12,2251.63,431.558,726.925
125,69,0,2195.08,2394.74,758.517,1200.5
125,76,3,281.542,1145.97,1679.9,1914.53
125,78,0,1672.14,1755.55,10.4567,176.178
126,36,5,458.125,1307.5,407.684,1435.8
126,45,3,42.715,558.039,394.964,748.256
126,46,0,0.0961542,107.788,349.111,633.389
126,60,1,696.696,1235.8,29.3064,474.148
126,65,3,1233.53,1505.49,80.8963,310.754
126,66,0,2328.12,2450.34,201.851,471.995
126,67,3,1918.07,2271.97,397.658,702.065
126,69,0,2183.49,2385.7,721.772,1150.78
126,76,3,321.384,1135.82,1646.51,1913.06
126,78,0,1635.43,1739.95,3.89423,187.788
127,36,5,456.25,1311.25,406.334,1427.94
127,45,3,10.1593,522.472,401.076,763.542
127,46,0,0,84.7356,357.115,631.731
127,60,1,673.509,1206.46,10.3715,489.836
127,65,3,1192.96,1477.7,86.5355,320.184
127,66,0,2381.2,2498.8,168.678,444.014
127,67,3,1945.55,2305.8,368.123,653.983
127,69,0,2178.8,2368.94,685.879,1104.19
127,76,3,309.688,1161.25,1610.93,1916.76
127,78,0,1595.24,1697.07,0.144231,197.163
128,36,5,457.5,1310,406.218,1424.96
128,45,3,0,497.328,430.215,779.05
128,46,0,0,84.7356,357.115,631.731
128,60,1,627.7,1179.45,16.0282,498.075
128,65,3,1162.63,1439.42,94.7159,332.102
128,66,0,2433.85,2556.92,154.471,412.067
128,67,3,1990.51,2326.39,334.861,625.684
128,69,0,2178.4,2364.13,653.662,1058.85
128,76,3,315.312,1156.25,1584.54,1916.92
128,78,0,1556.49,1665.05,4.18269,198.75
129,36,5,457.188,1310,404.82,1425.99
129,45,3,0,467.824,441.853,797.047
129,60,1,591.498,1157.86,5.46833,506.473
129,65,3,1134.52,1399.86,104.57,344.285
129,66,0,2433.85,2556.92,154.471,412.067
129,67,3,2029.01,2368.27,309.102,587.626
129,69,0,2170.17,2349.01,621.721,1013.13
129,76,3,344.375,1156.88,1554.79,1915.77
129,78,0,1525.84,1614.16,36.3461,204.952
130,36,5,458.438,1311.25,405.952,1431
130,45,3,2.95605,436.982,451.416,804.45
130,60,1,563.304,1118.71,5.66543,513.691
130,65,3,1095.52,1369.08,109.619,351.569
130,67,3,2071.76,2396.59,277.093,543.487
130,69,0,2180.39,2363.33,584.42,975.994
130,76,3,387.812,1158.75,1523.76,1914.64
130,78,0,1489.62,1593.46,20.9135,224.856
131,36,5,451.25,1308.75,403.824,1434.77
131,45,3,0.127392,416.991,463.205,824.522
131,60,1,523.751,1092.19,4.03836,528.062
131,65,3,1069.72,1330.5,112.658,366.033
131,67,3,2112.46,2440.56,251.607,507.968
131,69,0,2185.09,2360.34,557.035,929.402
131,76,3,389.062,1163.75,1502.38,1917.26
131,78,0,1452.98,1560.87,46.226,234.447
132,36,5,450.625,1302.5,406.093,1441.64
132,45,3,3.02048,347.237,479.297,835.525
132,60,1,491.965,1058.05,0.312166,530.966
132,65,3,1040.54,1290.82,127.198,375.127
132,67,3,2159.64,2480.22,224.616,475.527
132,69,0,2191.2,2367.09,533.596,895.677
132,76,3,386.562,1167.5,1482.29,1920
132,78,0,1413.37,1525.1,44.8558,243.462
133,36,5,451.875,1305,404.094,1436.17
133,45,3,3.37738,340.113,495.031,853.133
133,60,1,452.093,1031.67,2.88749,551.256
133,65,3,998.665,1260.02,135.687,384.587
133,67,3,2206.91,2544.27,196.829,452.955
133,69,0,2204.93,2372.07,509,861.895
133,76,3,386.562,1168.75,1464.99,1917.87
133,78,0,1380.87,1489.9,55.5289,254.279
134,36,5,453.75,1302.5,399.906,1439.44
134,45,3,1.19441,319.387,503.905,877.228
134,60,1,406.167,994.584,18.5594,590.445
134,65,3,978.101,1224.21,144.872,402.803
134,67,3,2255.76,2560,179.836,427.363
134,69,0,2212.94,2383.17,485.119,819.193
134,76,3,414.688,1180,1453.26,1916.85
134,78,0,1344.9,1453.56,58.4856,269.207
135,36,5,455.625,1302.5,399.665,1437.68
135,45,3,0,287.818,521.368,898.954
135,60,1,386.866,964.466,7.6997,603.093
135,65,3,940.353,1188.51,153.403,414.311
135,67,3,2314.81,2560,156.2,399.69
135,69,0,2235.26,2392.05,462.662,791.376
135,76,3,428.125,1174.38,1437.84,1915.72
135,78,0,1304.62,1415.38,66.4904,275.625
136,36,5,453.75,1298.75,396.339,1440.71
136,45,3,0,250.637,538.444,910.221
136,60,1,380.206,930.079,7.31412,612.822
136,65,3,907.571,1154.73,159.449,416.5
136,67,3,2366.2,2560,131.846,376.409
136,69,0,2254.69,2409.12,443.671,756.433
136,76,3,439.688,1173.75,1422.14,1918.58
136,78,0,1265.43,1383.8,73.4856,284.784
137,36,5,455.938,1308.75,403.02,1442.11
137,45,3,3.21037,216.509,554.855,938.902
137,60,1,156.25,931.25,45.4133,593.991
137,65,3,872.353,1122.58,172.227,438.347
137,67,3,2431.39,2559.38,118.774,354.591
137,69,0,2271.21,2423.02,417.952,731.364
137,76,3,443.75,1191.25,1407.91,1919.91
137,78,0,1228.13,1348.8,81.1298,300.216
138,36,5,455.312,1311.25,407.662,1444.03
138,45,3,0,185.415,559.419,963.422
138,60,1,122.5,885.625,30.147,602.566
138,65,3,833.246,1092.69,176.861,455.615
138,67,3,2431.39,2559.38,118.774,354.591
138,69,0,2296.35,2439.46,395.143,703.695
138,76,3,456.875,1191.88,1391.02,1918.71
138,78,0,1186.83,1303.94,88.774,309.303
139,36,5,456.25,1313.75,405.979,1441.59
139,45,3,0,152.538,573.131,987.929
139,60,1,199.541,846.422,33.3026,644.38
139,65,3,797.868,1063.21,188.349,456.948
139,69,0,2314.61,2461.75,375.65,676.761
139,76,3,459.688,1188.75,1373.59,1918.33
139,78,0,1150.05,1269.95,94.9039,316.731
140,36,5,456.25,1316.25,415.83,1442.25
140,45,3,0,119.68,584.891,1080.13
140,60,1,187.259,812.403,40.4263,656.823
140,65,3,773.668,1021.28,206.677,451.598
140,69,0,2337.83,2483.86,357.586,644.698
140,76,3,461.875,1185.62,1359.47,1917.23
140,78,0,1105.72,1228.12,108.173,325.385
141,36,5,459.688,1302.5,411.639,1455.5
141,45,3,0.26659,82.606,607.055,1082.62
141,60,1,153.653,763.719,52.8473,701.987
141,65,3,748.963,991.342,213,477.306
141,69,0,2359.49,2511.94,336.487,622.2
141,76,3,465.938,1185,1350.16,1920
141,78,0,1064.71,1189.13,115.889,346.803
142,36,5,462.5,1305,406.89,1465.31
142,45,3,0.26659,82.606,607.055,1082.62
142,60,1,125.063,736.322,58.0476,701.193
142,65,3,701.296,958.536,223.926,474.044
142,69,0,2388.49,2544.37,320.37,597.225
142,76,3,473.438,1183.75,1348.53,1920
142,78,0,1032.45,1155.24,126.418,356.466
143,36,5,459.375,1305,409.2,1464.59
143,60,1,66.5435,704.952,53.9663,714.698
143,65,3,683.251,914.079,233.285,474.762
143,69,0,2425.77,2546.54,291.635,582.981
143,76,3,473.125,1188.12,1336.9,1920
143,78,0,1004.23,1112.69,139.111,367.716
144,36,5,458.438,1303.75,402.021,1441.94
144,60,1,32.2643,669.116,57.8156,731.991
144,65,3,632.68,895.571,241.583,513.481
144,69,0,2452.64,2556.59,272.019,556.442
144,76,3,476.562,1190,1316.36,1920
144,78,0,964.327,1078.75,149.207,388.486
144,98,0,1016.88,1129.28,84.375,269.279
145,36,5,458.438,1301.25,405.958,1447.02
145,60,1,0,643.05,65.6964,730.393
145,65,3,596.052,856.643,253.313,513.585
145,69,0,2484.42,2560,237.404,543.75
145,76,3,480,1188.75,1306.33,1920
145,78,0,926.731,1059.42,153.173,398.365
145,98,0,1016.88,1129.28,84.375,269.279
145,100,1,1842.5,2541.25,1274.91,1899.39
146,36,5,460.625,1310,404.184,1440.68
146,60,1,0,639.807,68.187,750.809
146,65,3,577.014,830.699,261.027,532.13
146,69,0,2517.99,2558.93,231.49,527.163
146,76,3,488.438,1188.75,1296.63,1920
146,78,0,890.24,1014.37,164.567,402.837
146,100,1,1728.75,2560,1158.13,1917.66
147,36,5,459.688,1311.25,397.922,1431.26
147,60,1,22.1568,547.233,9.03537,790.52
147,65,3,535.209,792.198,275.753,545.799
147,69,0,2517.99,2558.93,231.49,527.163
147,76,3,489.688,1195,1290.4,1920
147,78,0,860.577,991.731,176.106,406.587
147,100,1,1720,2547.5,1079.74,1918.83
148,36,5,455.938,1305,399.924,1425.97
148,60,1,1.16035,535.678,127.106,804.581
148,65,3,495.251,761.37,282.152,570.457
148,76,3,490.312,1195,1286.73,1920
148,78,0,823.365,961.25,187.861,423.101
148,98,0,775.096,881.827,136.731,360.865
148,100,1,1692.5,2558.75,975.479,1919.22
148,102,3,1967.21,2303.56,1.18991,127.825
