2,1,0,2147.88,2199.81,79.5072,196.839
2,2,0,1763.61,1836.39,102.151,248.618
2,3,0,1959.04,2031.73,105.288,257.885
2,4,0,2316.73,2427.88,341.971,553.99
2,5,3,653.846,866.154,56.6827,180.865
2,6,3,414.135,635.096,176.178,328.918
2,7,3,1993.02,2393.64,242.196,477.396
2,8,0,1569.65,1714.69,586.462,919.213
2,9,3,195.982,515.388,271.606,526.407
2,10,0,1850.24,1925.14,123.534,278.87
2,11,3,1430.38,1631.15,8.94231,196.442
2,12,3,1272.02,1407.98,2.52404,93.6779
2,13,0,2109.62,2164.23,24.8438,128.618
2,14,3,1144.62,1272.31,24.7716,140.228
2,15,0,2031.47,2082.38,1.76683,87.7284
2,16,0,365.769,456.538,136.514,271.947
2,18,3,907.356,1095.72,0.252403,109.724
2,19,0,873.413,909.663,10.3846,103.774
3,1,0,2143.85,2197.69,78.4255,197.632
3,2,0,1763.75,1836.25,99.8077,247.5
3,3,0,1951.83,2035.87,114.447,258.245
3,4,0,2334.38,2441.01,327.115,548.654
3,5,3,644.231,857.308,58.9543,182.921
3,6,3,405.673,629.712,179.639,332.957
3,7,3,2011.43,2412.55,244.776,471.324
3,8,0,1575.13,1721.1,573.104,894.183
3,9,3,170.221,496.404,274.91,533.171
3,10,0,1849.3,1919.93,121.082,276.995
3,11,3,1444.52,1637.02,11.4663,186.707
3,12,3,1269.95,1406.97,2.63221,96.0216
3,13,0,2106.78,2160.91,20.3005,122.921
3,14,3,1138.22,1275.62,23.3654,141.346
3,15,0,2029.09,2081.68,1.65865,83.8702
3,16,0,354.447,421.322,153.786,276.887
3,18,3,911.827,1098.94,1.15385,109.904
3,19,0,863.57,899.507,14.4591,101.647
4,1,0,2133.1,2193.05,73.6659,195.036
4,2,0,1770.02,1839.21,98.0769,243.75
4,3,0,1954.66,2045.34,107.163,252.548
4,4,0,2334.38,2441.01,327.115,548.654
4,5,3,629.808,844.038,63.6779,186.13
4,6,3,388.462,617.692,179.784,334.832
4,7,3,2045.61,2444.68,242.264,468.647
4,8,0,1594.11,1727.44,550.67,861.909
4,9,3,126.523,469.028,284.416,549.95
4,10,0,1850.02,1919.21,118.702,271.298
4,11,3,1458.03,1635.82,8.79808,179.567
4,12,3,1270.62,1398.61,3.46154,98.2933
4,13,0,2103.63,2157.91,18.6418,121.55
4,14,3,1135.19,1269.42,21.9591,141.31
4,15,0,2030.75,2080.02,1.22596,80.8414
4,16,0,343.221,432.933,148.413,282.548
4,18,3,911.827,1098.94,1.15385,109.904
4,19,0,856.154,891.538,17.0553,107.055
5,1,0,2131.42,2191.66,68.4014,191.502
5,2,0,1772.12,1840.19,96.5625,241.226
5,3,0,1959.54,2037.38,107.308,252.692
5,5,3,631.154,840.385,65.4087,185.841
5,6,3,373.654,607.115,182.38,347.236
5,7,3,2065.72,2445.86,242.653,461.856
5,8,0,1600.14,1734.64,529.539,839.186
5,9,3,96.7863,455.466,289.546,561.153
5,10,0,1848.2,1917.96,117.837,271.01
5,11,3,1466.06,1641.63,2.37981,176.611
5,12,3,1269.38,1398.32,3.60577,98.0769
5,13,0,2100.24,2152.07,18.75,121.298
5,14,3,1135,1266.54,24.5192,143.077
5,15,0,2029.47,2078.22,2.19952,77.2716
5,16,0,330.337,407.74,156.923,295.673
5,19,0,856.154,891.538,17.0553,107.055
6,1,0,2129.4,2187.52,63.8221,189.447
6,2,0,1770.65,1841.66,94.9038,242.596
6,3,0,1962.64,2037.36,105.144,253.413
6,5,3,628.173,834.135,64.7596,187.644
6,6,3,372.115,597.115,187.212,348.173
6,7,3,2090.71,2479.86,239.373,463.501
6,8,0,1612.58,1743.65,518.342,820.631
6,9,3,77.9589,437.603,298.091,573.269
6,10,0,1847.74,1918.41,117.26,266.971
6,11,3,1474.71,1652.98,0,171.995
6,12,3,1268.12,1399.57,3.96635,96.9952
6,13,0,2100.58,2148.65,19.9399,121.839
6,14,3,1132.64,1264.28,25.3846,144.231
6,15,0,2035.7,2078.15,1.69471,78.4976
6,16,0,330.337,407.74,156.923,295.673
6,19,0,841.178,877.284,15.4687,114.339
6,24,0,1938.63,1993.68,29.7837,134.207
6,25,0,204.279,294.952,181.767,312.656
7,1,0,2121.39,2177.07,61.0096,184.76
7,2,0,1773.39,1842,92.9928,237.007
7,3,0,1966.15,2036.92,106.298,251.394
7,5,3,614.519,830.096,67.1034,188.618
7,6,3,356.346,586.731,192.837,355.817
7,7,3,2124.13,2499.29,236.726,455.849
7,8,0,1620.88,1752.08,495.092,790.054
7,9,3,36.7431,404.377,311.88,590.505
7,10,0,1847.88,1915.19,115.276,261.743
7,11,3,1480.72,1663.89,0.649037,165.505
7,12,3,1265.58,1400.58,5.12019,101.899
7,13,0,2097.6,2145.48,17.1274,118.738
7,14,3,1127.16,1260.53,24.8798,146.178
7,15,0,2034.3,2076.47,0.360578,79.6154
7,16,0,304.327,370.673,168.173,311.538
7,19,0,834.231,865.769,22.1755,114.267
7,24,0,1938.27,1994.04,29.6034,131.647
7,25,0,204.279,294.952,181.767,312.656
7,27,0,2008.7,2142.07,110.084,248.474
8,1,0,2115.14,2171.01,59.8918,181.262
8,2,0,1774.25,1844.21,90,237.692
8,3,0,1966.25,2036.83,106.587,250.529
8,5,3,606.442,823.558,66.7428,188.401
8,6,3,342.115,578.654,196.587,360.433
8,7,3,2144.21,2531,234.893,453.589
8,8,0,1630.67,1750.87,490.529,769.471
8,9,3,9.70793,389.012,315.149,601.918
8,10,0,1846.75,1913.25,115.06,260.517
8,11,3,1489.71,1667.21,0,154.615
8,12,3,1264.09,1391.3,4.36298,105.036
8,13,0,2094.9,2148.17,16.3702,115.168
8,14,3,1128.61,1256.01,27.6562,146.863
8,15,0,2031.11,2076.59,1.15384,80.4808
8,16,0,298.534,361.851,171.779,318.894
8,19,4,827.788,856.827,29.6755,124.219
8,24,0,1938.12,1994.18,28.774,129.591
8,27,0,2027.16,2157.45,110.553,249.159
9,1,0,2115.14,2171.01,59.8918,181.262
9,2,0,1777.6,1847.02,88.3414,235.312
9,3,0,1964.69,2035.31,104.279,248.51
9,5,3,594.712,812.212,71.0336,189.88
9,6,3,318.077,562.692,201.635,367.788
9,7,3,2179.7,2531.96,234.042,450.427
9,8,0,1641.59,1758.41,462.62,746.611
9,9,3,3.92141,349.872,324.552,621.945
9,10,0,1842.33,1911.51,113.726,258.966
9,11,3,1493.03,1676.2,4.54327,147.62
9,12,3,1260.77,1390,5.55288,104.351
9,13,0,2085.89,2141.8,15.5409,109.796
9,14,3,1124.47,1250.91,32.1274,151.334
9,15,0,2032.07,2075.62,1.29808,79.9039
9,16,0,280.192,350.577,171.418,320.697
9,18,3,906.683,1076.39,2.70432,97.8245
9,19,0,812.957,850.12,32.3798,122.957
9,24,0,1939.86,1992.45,27.9087,126.418
9,27,0,2059.13,2190.1,112.969,248.762
10,2,0,1779.64,1848.05,88.3414,233.293
10,3,0,1967,2039.16,103.486,245.841
10,5,3,577.981,797.404,73.0889,190.565
10,6,3,306.346,557.5,207.981,370.962
10,7,3,2190.34,2550.95,233.702,443.456
10,8,0,1649.33,1762.98,445.24,728.221
10,9,3,2.25332,331.557,334.603,627.564
10,10,0,1841.42,1909.35,109.615,255.288
10,11,3,1500.14,1687.55,0,141.887
10,12,3,1260.19,1390.58,4.83173,104.207
10,13,0,2085.89,2141.8,15.5409,109.796
10,14,3,1120.19,1252.12,29.5312,153.065
10,15,0,2034.16,2076.61,0.324519,77.9207
10,16,0,272.957,344.736,174.195,320.805
10,18,3,891.635,1068.37,5.8774,100.349
10,19,0,804.327,843.365,30.7212,125.913
10,24,0,1942.52,1989.78,20.6611,123.714
10,27,0,2075.58,2204.42,126.562,247.861
11,2,0,1782.64,1851.2,87.1875,230.697
11,3,0,1967.28,2038.87,103.486,245.553
11,5,3,578.846,794.231,76.4423,192.115
11,6,3,295.385,544.615,209.495,376.659
11,7,3,2216.86,2544.88,226.118,442.847
11,8,0,1655.91,1771.78,436.082,711.418
11,9,3,0,310.33,341.862,647.566
11,10,0,1841.47,1909.3,109.075,254.675
11,11,3,1508.89,1691.11,0.288463,136.298
11,12,3,1260.48,1388.75,5.91346,105.433
11,14,3,1118.32,1250.91,31.4423,154.471
11,15,0,2034.16,2076.61,0.324519,77.9207
11,16,0,258.87,325.361,176.827,329.135
11,18,3,889.712,1068.75,5.04808,104.135
11,19,0,795.072,837.236,31.1178,125.228
11,24,0,1943.12,1989.18,20.4447,123.498
11,27,0,2097.98,2218.94,116.719,247.32
11,31,0,435.361,500.024,119.892,217.608
12,1,0,2097.16,2161.3,59.387,169.075
12,2,0,1784.57,1852.36,85.024,229.976
12,3,0,1970.89,2044.5,102.512,244.219
12,5,3,569.808,786.346,76.9832,195.469
12,6,3,281.731,532.115,211.587,390.144
12,7,3,2260,2543.08,231.923,425.192
12,8,0,1664.38,1775.62,420.144,682.933
12,9,3,0,273.422,368.28,671.531
12,10,0,1843.25,1910.6,106.154,252.404
12,11,3,1534.18,1696.59,0.901444,129.627
12,12,3,1259.57,1391.2,6.70673,106.226
12,13,0,2080.58,2131.73,9.66346,108.317
12,14,3,1118.41,1249.28,42.1154,157.5
12,16,0,245.913,311.779,188.293,334.399
12,18,3,889.712,1068.75,5.04808,104.135
12,19,0,786.322,827.524,32.6322,131.07
12,24,0,1943.44,1991.95,21.0216,117.584
12,27,0,2131.97,2234.18,117.909,245.553
12,31,0,431.346,488.654,121.118,222.728
12,32,0,1991,2033.62,0,58.0168
13,1,0,2093.44,2149.64,59.5313,166.623
13,2,0,1785.75,1854.25,87.1154,229.327
13,3,0,1971.3,2044.09,100.673,243.173
13,5,3,557.596,783.942,75.9375,196.082
13,6,3,266.442,517.404,212.091,395.986
13,7,3,2279.13,2557.79,223.341,429.159
13,8,0,1674.33,1784.13,407.019,671.25
13,9,3,0,257.297,374.841,681.329
13,10,0,1843.1,1910.75,105.793,250.457
13,11,3,1541.54,1701.54,1.51443,125.409
13,12,3,1258.65,1385.96,7.86057,107.668
13,13,0,2080.02,2129.21,13.0168,106.695
13,14,3,1116.73,1250.96,30.6851,158.69
13,16,0,234.808,300.192,195.721,340.817
13,18,3,881.779,1056.68,6.8149,104.243
13,19,0,777.5,822.5,33.3534,131.647
13,24,0,1943.7,1991.68,20.8053,114.772
13,25,0,73.2933,141.899,261.238,383.185
13,27,0,2151.11,2285.82,123.966,250.168
13,31,0,425.144,485.625,123.606,225.721
13,32,0,1993.49,2034.21,0,57.7644
13,34,3,1167.88,1275.19,0.0901437,59.0445
13,36,0,2185.43,2260.72,164.567,320.048
14,1,0,2086.73,2144.04,55.3846,169.471
14,2,0,1795.53,1862.93,85.2404,227.74
14,3,0,1971.92,2043.46,98.6539,243.173
14,5,3,547.692,770.769,78.8942,198.462
14,6,3,250.481,506.442,225.433,400.529
14,7,3,2321.54,2555.38,221.394,425.337
14,8,0,1682.36,1791.49,392.596,645.865
14,9,3,0,223.205,382.674,704.813
14,10,0,1842.57,1911.27,102.584,247.897
14,11,3,1543.27,1718.27,2.37981,121.514
14,12,3,1255.67,1385.87,8.94231,106.731
14,13,0,2076.6,2123.4,4.47116,102.188
14,14,3,1112.16,1241.68,31.0817,158.438
14,16,4,240.288,272.788,238.341,368.005
14,18,3,876.538,1051.15,8.07692,112.067
14,19,0,768.317,813.221,34.1466,138.065
14,24,0,1945.89,1995.65,20.5529,113.87
14,25,0,73.2933,141.899,261.238,383.185
14,27,0,2198.99,2317.93,117.043,248.149
14,31,0,419.207,480.024,126.346,230.769
14,32,0,1993.58,2034.11,0,54.357
14,34,3,1167.88,1275.19,0.0901437,59.0445
14,36,0,2183.05,2260.02,161.538,316.442
15,1,0,2084.47,2137.07,45.5409,167.632
15,2,0,1796.37,1862.09,84.9159,227.2
15,3,0,1972.93,2042.45,97.7163,242.957
15,5,3,530.673,764.712,81.851,201.418
15,6,3,235.481,496.058,227.38,406.082
15,7,3,2345.38,2559.23,223.341,426.851
15,8,0,1688.32,1797.84,379.688,634.543
15,9,3,0,183.126,387.262,716.477
15,10,0,1842.79,1911.06,100.853,245.589
15,11,3,1552.84,1721.01,1.91106,116.935
15,12,3,1250.67,1383.17,7.93269,107.452
15,13,0,2076.6,2123.4,4.47116,102.188
15,14,3,1109.71,1236.44,34.5793,160.998
15,16,4,240.288,272.788,238.341,368.005
15,18,3,869.135,1044.71,9.26683,114.772
15,19,4,767.428,799.495,41.863,143.329
15,24,0,1948.22,1996.39,18.5337,114.159
15,25,0,13.2212,106.779,275.589,419.603
15,27,0,2219.04,2347.12,129.844,261.599
15,31,0,415.938,477.909,132.26,249.087
15,32,0,1993.58,2034.11,0,54.357
15,34,3,1165,1273.46,0.018028,61.4243
15,36,0,2178.39,2249.3,164.495,318.678
16,1,0,2079.3,2133,47.4519,161.538
16,2,0,1796.73,1858.65,89.5312,216.815
16,3,0,1971.18,2041.13,96.9231,241.154
16,5,3,522.212,753.942,81.5625,199.688
16,6,3,231.827,483.942,232.861,408.101
16,7,3,2345.38,2559.23,223.341,426.851
16,8,0,1693.94,1801.44,371.034,613.774
16,9,3,1.3661,177.175,395.509,731.013
16,10,0,1841.47,1912.38,99.5913,243.101
16,11,3,1552.31,1724.62,2.45192,111.779
16,12,3,1249.66,1382.64,11.3221,107.957
16,14,3,1102.88,1234.04,35.012,166.19
16,18,3,858.365,1041.63,12.5481,114.375
16,19,4,767.428,799.495,41.863,143.329
16,24,0,1947.67,1996.95,17.4159,111.815
16,25,0,13.2212,106.779,275.589,419.603
16,27,0,2234.52,2368.56,120.685,263.257
16,31,0,408.125,472.644,135.072,248.005
16,34,3,1164.52,1272.4,0.0540841,65.1382
16,36,0,2177.91,2249.78,158.726,316.082
17,1,0,2073.82,2126.18,46.875,157.788
17,2,0,1801.78,1868.99,83.762,226.046
17,3,0,1973.63,2038.68,102.007,237.224
17,5,3,510.481,743.365,80.7692,206.683
17,6,3,222.212,471.25,233.149,422.236
17,8,0,1700.24,1804.38,352.284,597.332
17,9,3,0,135.736,419.685,744.549
17,10,0,1843.03,1913.89,96.274,241.226
17,11,3,1563.65,1734.81,1.73077,104.423
17,12,3,1246.35,1379.81,10.637,109.075
17,14,3,1096.68,1229.47,43.6298,169.976
17,18,3,853.269,1040.58,13.5216,119.026
17,19,0,744.952,782.74,41.5745,148.954
17,24,0,1947.04,1997.57,16.9111,111.959
17,27,0,2261.15,2400.38,127.067,265.529
17,31,0,399.736,463.341,137.344,263.618
17,34,3,1157.6,1268.56,1.22596,67.2836
17,36,0,2175.38,2246.15,157.716,313.053
18,1,0,2068.12,2119.57,48.7139,156.382
18,2,0,1802.48,1868.29,82.7524,224.459
18,3,0,1971.54,2040.77,95.012,239.315
18,5,3,500.962,732.115,83.2212,206.683
18,6,3,189.904,460.865,244.399,428.87
18,8,0,1708.51,1808.41,341.971,588.029
18,9,3,0,102.854,428.264,775.286
18,10,0,1843.92,1913,94.6875,240.505
18,11,3,1570.58,1737.12,2.74038,100.745
18,12,3,1243.89,1377.64,11.2861,108.714
18,14,3,1094.23,1225.77,39.5914,170.986
18,18,3,848.221,1034.86,12.6923,123.101
18,19,0,736.442,776.635,44.9279,147.62
18,24,0,1947.82,1996.79,15.8654,108.029
18,27,0,2285.19,2419.42,132.404,266.25
18,31,0,392.596,457.404,143.257,269.243
18,34,3,1153.94,1267.6,0,68.149
18,36,0,2175.55,2245.99,155.697,309.88
19,1,0,2061.97,2110.34,44.2067,152.38
19,2,0,1805.89,1867.96,81.1659,209.603
19,3,0,1971.35,2040.96,90.6851,235.853
19,5,3,482.692,719.615,84.4832,206.863
19,6,3,171.731,441.346,250.024,433.63
19,8,0,1716.71,1812.52,334.183,564.087
19,9,3,0,102.854,428.264,775.286
19,10,0,1845.19,1914.81,92.3438,237.656
19,11,3,1592.07,1740.24,0,96.8149
19,12,3,1242.98,1373.94,14.0625,109.255
19,14,3,1087.36,1221.88,40.637,172.248
19,18,3,835.096,1029.52,18.3173,121.442
19,19,0,724.736,764.495,48.5697,153.353
19,24,0,1946.71,1994.83,13.6298,109.111
19,27,0,2310.87,2433.75,136.983,267.44
19,31,0,389.543,449.688,143.906,279.555
19,34,3,1147.16,1265.14,0,68.5276
19,36,0,2171.15,2244.23,153.101,305.841
20,1,0,2057.93,2108.22,37.1755,148.45
20,2,0,1806.18,1876.9,79.976,224.062
20,3,0,1968.65,2040.58,92.5601,234.267
20,5,3,468.269,707.885,87.3678,213.209
20,6,3,135.288,431.635,254.567,437.74
20,8,0,1721.18,1817.28,324.014,554.639
20,10,0,1844.88,1915.12,89.4952,234.736
20,11,3,1596.73,1744.81,0,93.2812
20,12,3,1233.41,1369.66,14.4952,111.418
20,14,3,1083.27,1219.81,41.25,172.933
20,18,3,832.692,1025.77,19.0385,123.75
20,19,4,727.476,754.062,53.0409,155.95
20,24,0,1947.81,1996.8,12.5481,108.894
20,27,0,2336.11,2442.36,137.524,269.207
20,31,0,381.635,443.75,148.053,284.639
20,34,3,1145.96,1260.19,0,65.5349
20,36,0,2169.5,2242.81,151.442,303.75
21,1,0,2052.93,2100.91,37.5721,147.188
21,2,0,1810.22,1872.86,77.4159,207.873
21,3,0,1970.77,2035.38,95.7692,228.75
21,5,3,460.673,697.019,83.5457,209.531
21,6,3,121.058,413.173,256.803,443.005
21,8,0,1720.87,1817.6,314.856,541.875
21,10,0,1843.29,1913.63,86.5745,232.175
21,11,3,1604.81,1749.04,0,90.4327
21,12,3,1231.35,1364.04,15.5769,111.418
21,14,3,1078.22,1215.62,42.5481,173.798
21,18,3,829.327,1015.29,18.3534,125.733
21,19,0,703.834,748.474,50.012,149.171
21,24,0,1947.31,1994.23,11.0697,105.325
21,27,0,2355.87,2444.13,141.815,269.243
21,31,0,369.423,436.731,157.428,291.995
21,34,3,1140.1,1256.83,0,66.1478
21,36,0,2166.15,2236.92,147.62,293.149
21,41,0,51.0096,120.721,215.697,370.745
22,1,0,2045.84,2095.7,39.6635,142.933
22,2,0,1809.09,1870.91,75.2524,204.844
22,3,0,1968.65,2034.42,91.6947,225.613
22,5,3,437.115,679.038,93.1731,215.481
22,6,3,110.481,391.058,261.995,459.736
22,8,0,1726.11,1827.74,305.12,525.649
22,10,0,1851.3,1911.78,92.1995,223.666
22,11,3,1616.01,1747.07,0.685097,81.6707
22,12,3,1223.7,1359.38,15,114.808
22,14,3,1071.11,1210.43,50.1923,176.971
22,18,3,818.365,1004.71,16.9832,134.603
22,19,0,692.067,737.163,48.0288,161.683
22,24,0,1944.87,1990.52,5.73318,100.132
22,27,0,2355.87,2444.13,141.815,269.243
22,31,0,353.197,423.726,159.916,301.623
22,34,3,1132.12,1249.42,0,68.2211
22,36,0,2162.64,2231.2,146.899,293.005
22,41,0,33.9904,112.837,222.332,384.014
23,1,0,2042.33,2089.98,34.3269,139.038
23,2,0,1810.62,1875.53,75.9014,204.195
23,3,0,1970.05,2036.11,90.3966,222.007
23,5,3,427.692,672.308,92.7043,217.103
23,6,3,95.1923,379.423,266.899,461.178
23,8,0,1732.36,1827.64,294.591,513.678
23,10,0,1848.89,1920.34,81.3822,224.964
23,11,3,1618.17,1751.06,0.685097,78.6418
23,12,3,1224.09,1357.45,15.4688,114.772
23,14,3,1069.52,1207.4,49.5793,178.017
23,18,3,816.058,1003.94,16.0457,135.829
23,19,2,688.365,725.481,59.0625,178.774
23,24,0,1949.38,1995.24,6.95913,98.6178
23,31,0,349.495,419.736,162.62,308.149
23,34,3,1131.78,1249.76,0,68.7079
23,36,0,2160.5,2230.26,146.683,292.933
23,41,0,24.8558,108.221,228.389,386.611
24,1,0,2040.53,2088.7,33.0288,134.423
24,2,0,1819.52,1882.02,73.5216,200.373
24,3,0,1971.39,2037.84,91.2981,221.394
24,5,3,414.231,653.462,95.012,221.43
24,6,3,82.5,365.192,272.236,471.995
24,8,0,1743.82,1834.64,291.274,495.072
24,10,0,1853.25,1925.22,82.4639,222.728
24,11,3,1630.58,1766.35,1.04568,75.7572
24,12,3,1224.33,1358.75,18.0649,116.719
24,13,0,2065.7,2106.61,1.11779,86.863
24,14,3,1066.35,1207.5,51.5986,180.613
24,18,3,809.663,1005.72,14.4952,137.812
24,19,0,678.389,725.457,54.4832,158.834
24,24,0,1952.34,1998.43,3.96635,100.024
24,31,0,342.692,413.077,168.029,316.587
24,34,3,1141.59,1247.64,0.144231,67.0673
24,36,0,2162.31,2231.54,147.188,291.562
24,41,0,25.8173,104.952,238.197,394.111
25,1,0,2037.07,2086.01,28.5577,135.433
25,2,0,1818.08,1880.38,72.3317,196.803
25,3,0,1973.27,2035.96,87.4399,219.195
25,5,3,400.481,644.135,97.5,222.115
25,6,3,58.3654,351.635,279.519,473.942
25,8,0,1746.27,1838.34,283.774,488.726
25,10,0,1862.14,1925.55,86.0697,217.68
25,11,3,1640.05,1772.26,0,71.1238
25,12,3,1221.25,1357.21,16.7308,117.548
25,13,0,2062.88,2106.35,0.50481,87.7644
25,14,3,1062.16,1199.37,51.5625,183.245
25,18,3,805.192,997.885,14.4231,139.183
25,19,4,679.639,709.591,68.9423,174.231
25,24,0,1950,1997.69,2.41587,98.8341
25,31,0,332.404,402.981,172.139,319.399
25,34,3,1134.52,1243.94,0,69.5373
25,36,0,2159.4,2228.29,145.889,291.707
25,41,0,25.8173,104.952,238.197,394.111
25,47,1,701.89,961.021,101.948,331.189
26,1,0,2031.15,2079.62,25.8534,132.8
26,2,0,1818,1880.46,69.1947,196.478
26,3,0,1972,2034.16,83.7981,217.356
26,5,3,388.75,631.25,96.6346,223.558
26,6,3,41.0577,344.904,286.298,477.548
26,8,0,1749.54,1841.23,269.712,481.442
26,10,0,1862.21,1925.48,84.375,216.49
26,11,3,1643.37,1775.1,0,66.7969
26,12,3,1220.1,1352.21,15.1442,116.827
26,13,0,2060.37,2102.7,0.46875,87.9447
26,14,3,1059.23,1194.62,54.7716,185.95
26,18,3,794.519,990.096,13.9543,141.094
26,19,0,657.692,708.462,59.8197,156.526
26,24,0,1948.41,1996.2,2.8125,95.2644
26,31,0,324.615,396.154,170.481,321.635
26,34,3,1135.14,1241.78,0,70.2224
26,36,0,2154.86,2226.68,141.851,286.803
26,41,0,16.6587,103.341,246.346,403.846
26,47,1,691.719,950.219,103.115,334.097
26,48,0,2507.43,2560,148.161,277.32
27,1,0,2022.68,2069.63,26.863,126.887
27,2,0,1818.89,1879.57,68.726,193.341
27,3,0,1969.13,2030.87,83.5817,215.841
27,5,3,358.365,605.481,101.394,226.01
27,6,3,16.6346,319.519,290.048,488.798
27,8,0,1754.74,1845.26,263.87,464.207
27,10,0,1868.49,1928.44,78.7139,212.055
27,11,3,1657.79,1776.06,0.198315,60.9555
27,12,3,1211.11,1345.82,17.4519,117.26
27,13,0,2055.3,2095.47,1.40625,80.9495
27,14,3,1050.48,1189.52,54.4832,192.728
27,18,3,784.327,981.827,22.0673,140.481
27,19,0,643.413,697.356,60.8293,167.632
27,24,0,1948.49,1996.13,2.59615,88.774
27,31,0,313.365,382.404,175.168,332.812
27,34,3,1132.21,1238.56,0,69.988
27,36,0,2154.33,2217.98,142.825,280.06
27,41,0,16.6587,103.341,246.346,403.846
27,47,1,676.952,926.536,109.633,342.768
27,48,0,2529.01,2560,148.882,273.426
28,1,0,2018.03,2068.12,26.6106,126.13
28,2,0,1819.95,1881.59,67.5,192.548
28,3,0,1968.94,2031.06,83.7981,215.048
28,5,3,341.923,593.462,103.377,229.507
28,6,3,5.48077,305.096,295.817,500.336
28,8,0,1758.89,1847.26,259.255,455.553
28,10,0,1873.73,1932.43,77.7765,211.983
28,11,3,1650.24,1780.53,0,58.5216
28,12,3,1209.23,1346.15,17.4159,119.459
28,13,0,2054.44,2096.33,0.721153,81.7789
28,14,3,1043.56,1185.67,56.5385,194.423
28,18,3,778.269,983.269,21.9952,143.726
28,19,0,636.178,696.13,62.8846,170.481
28,24,0,1946.63,1994.9,2.30769,89.0625
28,31,0,299.928,372.38,182.091,342.332
28,34,3,1124.28,1232.64,0,78.9664
28,36,0,2151.01,2215.14,142.825,280.349
28,47,1,666.483,920.54,111.857,349.533
28,48,0,2529.01,2560,148.882,273.426
29,1,0,2017.52,2065.55,20.5529,120.433
29,2,0,1824.3,1883.39,63.6418,189.483
29,3,0,1969.74,2033.34,78.2091,211.406
29,5,3,332.5,571.346,106.839,229.796
29,6,3,0.576925,279.038,302.091,515.986
29,8,0,1765.5,1852.96,248.077,442.5
29,10,0,1874.88,1934.35,74.7836,208.63
29,11,3,1667.88,1787.5,1.1899,53.6178
29,12,3,1207.26,1341.97,19.5433,121.442
29,13,0,2054.15,2096.62,0.324519,84.988
29,14,3,1036.83,1181.63,58.2332,196.046
29,18,3,768.846,974.231,21.7428,146.575
29,19,0,625.385,680,66.5625,170.553
29,24,0,1948.29,1996.32,0.108175,82.9688
29,31,0,283.726,358.966,190.889,349.688
29,34,3,1117.36,1233.41,1.76683,77.7764
29,36,0,2146.2,2213.8,136.262,280.565
29,47,1,647.257,914.157,117.929,356.71
30,1,0,2012.37,2061.48,19.4351,119.603
30,2,0,1824.95,1882.74,60.4327,187.788
30,3,0,1970.24,2029.76,75.9736,210.036
30,5,3,307.115,555.192,108.858,234.123
30,6,3,0,266.208,296.795,525.98
30,8,0,1766.25,1855.29,241.731,435.577
30,10,0,1875.89,1936.42,72.0433,205.457
30,11,3,1664.47,1790.91,0.973558,50.5168
30,12,3,1204.95,1339.66,20.8053,121.983
30,13,0,2052.81,2094.88,0.0360596,80.7332
30,14,3,1032.26,1176.97,60,199.471
30,18,3,763.942,972.981,21.1298,147.909
30,19,0,625.385,680,66.5625,170.553
30,24,0,1947.24,1994.3,0,83.8702
30,31,0,272.139,347.861,197.524,355.168
30,34,3,1118.85,1231.92,1.76683,76.1899
30,36,0,2145.48,2214.52,134.171,277.176
30,47,1,624.023,900.676,119.029,361.925
31,1,0,2009.57,2058.12,17.488,116.214
31,2,0,1827.55,1886.3,59.8558,184.038
31,3,0,1969.28,2030.72,75.7572,208.81
31,5,3,291.346,540.962,109.255,235.745
31,6,3,3.56504,253.211,301.61,531.468
31,8,0,1770.14,1857.55,236.178,422.091
31,10,0,1876.37,1935.94,70.0962,202.356
31,11,3,1674.86,1795.91,0.450722,48.5877
31,12,3,1201.88,1338.12,20.4447,122.344
31,13,0,2053.87,2096.9,0,82.7164
31,14,3,1029.47,1172.07,58.5577,199.904
31,18,3,754.231,968.846,19.0745,155.012
31,19,0,606.25,661.442,68.8341,175.06
31,24,0,1948.69,1995.93,0.108172,81.9591
31,31,0,263.606,337.933,199.038,360
31,34,3,1110.48,1229.52,2.37981,76.6586
31,36,0,2140.84,2213,133.846,276.058
31,47,1,613.885,891.417,123.832,366.017
31,50,0,1403.69,1693.26,1439.43,1918.03
31,51,3,956.346,1091.35,21.2019,116.971
32,1,0,2009.35,2058.34,19.5433,116.466
32,2,0,1832.26,1890.82,58.8101,182.632
32,3,0,1974.28,2034.95,72.6923,206.25
32,5,3,246.154,526.154,113.149,239.928
32,6,3,5.1854,237.143,303.968,544.856
32,8,0,1775.24,1864.76,228.606,410.625
32,10,0,1885.87,1944.9,68.4375,199.543
32,11,3,1685.29,1800.87,0,42.8185
32,12,3,1200.29,1338.17,20.625,123.462
32,13,0,2055.72,2101.2,0.721157,79.5433
32,14,3,1023.75,1168.56,65.6971,204.303
32,18,3,748.654,963.654,22.2837,158.293
32,19,0,598.269,660.192,69.0505,177.151
32,24,0,1952.88,1997.88,0,79.4711
32,31,0,246.707,322.909,207.62,370.745
32,34,3,1108.41,1230.05,1.73077,78.1731
32,36,0,2142.36,2214.57,129.591,271.947
32,47,1,605.443,884.811,132.594,371.55
32,50,0,1460.98,1714.54,1323.99,1908.23
32,51,3,953.942,1092.21,21.9231,118.413
33,1,0,2007.02,2054.52,18.6418,108.786
33,2,0,1833.99,1895.24,58.1611,180.108
33,3,0,1973.92,2032.24,71.1418,204.772
33,5,3,232.692,509.231,112.464,244.074
33,6,3,0.862265,221.241,313.474,552.605
33,8,0,1785.38,1870,221.466,406.803
33,10,0,1887.57,1946.27,66.9591,195.541
33,11,3,1693.46,1805,0,39.9519
33,12,3,1199.9,1338.56,19.5433,125.264
33,13,0,2057.31,2099.62,0.793269,77.8125
33,14,3,1023.75,1168.56,65.6971,204.303
33,18,3,740.096,961.442,22.7885,159.375
33,19,0,590.986,649.784,77.2356,180.793
33,24,0,1950.89,1996.8,1.40625,75.8293
33,31,0,235.817,315.337,208.774,376.514
33,34,3,1105.67,1228.17,1.33413,79.363
33,36,0,2140.96,2212.88,129.519,271.154
33,47,1,588.148,872.262,133.95,379.95
33,50,0,1486.09,1736.96,1248.29,1822.36
33,51,3,954.423,1088.65,23.5817,117.62
34,1,0,2004.35,2047.96,16.7308,108.894
34,2,0,1835.38,1896.92,57.3317,180.216
34,3,0,1975.07,2034.16,69.6995,200.877
34,5,3,231.154,478.077,115.601,246.995
34,6,3,3.3173,162.644,337.067,556.01
34,8,0,1786.42,1872.04,213.894,392.452
34,10,0,1894.62,1948.46,66.5625,194.351
34,11,3,1698.7,1808.99,0,37.3107
34,12,3,1189.52,1336.63,26.2139,126.094
34,13,0,2057.51,2099.41,1.15385,77.5961
34,18,3,728.654,952.885,22.4639,163.161
34,19,0,578.534,632.236,73.6659,186.238
34,24,0,1953.53,1997.24,0,68.0409
34,31,0,218.75,293.558,219.375,385.817
34,34,3,1102.16,1227.07,2.05529,78.5697
34,36,0,2141.97,2205.72,132.873,265.204
34,47,1,554.886,859.071,143.451,384.618
34,50,0,1520.82,1760.14,1166.54,1695.52
34,51,3,945.385,1074.62,27.476,124.255
35,1,0,2003.27,2045.96,17.4159,106.839
35,2,0,1836.78,1895.53,53.113,178.377
35,3,0,1974.04,2032.12,70.4928,199.796
35,5,3,235,459.231,114.844,248.618
35,6,3,3.65384,159.808,339.808,563.077
35,8,0,1787.21,1874.33,204.303,382.428
35,10,0,1896.35,1952.88,63.2812,191.719
35,11,3,1701.44,1812.4,0,35.4537
35,12,3,1192.36,1330.72,19.9399,124.94
35,13,0,2056.08,2097.76,0.973556,75.9736
35,14,3,1000.72,1150.05,74.7837,211.947
35,18,3,724.808,952.115,21.8149,165.685
35,19,0,570.793,625.361,78.6418,184.147
35,24,0,1952.97,1994.72,0,69.1586
35,31,0,204.904,279.327,223.702,388.99
35,34,3,1096.92,1223.08,0.576925,78.75
35,36,0,2138.32,2203.22,131.178,263.438
35,47,1,544.421,853.32,142.754,389.174
35,50,0,1541.44,1773.35,1105.34,1618.8
35,51,3,941.827,1070.48,28.4856,124.399
36,1,0,2000.44,2042.63,17.1274,105.757
36,2,0,1837.57,1894.74,51.8149,174.772
36,3,0,1975.6,2033.63,67.8606,195.361
36,5,3,225.288,440.865,123.714,250.998
36,6,3,1.73077,159.038,348.317,567.836
36,8,0,1790.24,1874.38,201.058,378.75
36,10,0,1896.78,1952.45,60.2524,189.411
36,11,3,1706.2,1816.87,0,30.018
36,12,3,1184.23,1328.08,27.2596,127.067
36,13,0,2055.31,2098.53,0.901444,75.7572
36,14,3,992.5,1145.96,75.1442,213.75
36,18,3,716.442,937.404,27.0433,164.351
36,19,0,558.558,616.827,80.8053,189.772
36,24,0,1953.04,1994.65,0,68.2211
36,31,0,204.904,279.327,223.702,388.99
36,34,3,1091.15,1215,1.98317,83.5457
36,36,0,2137.21,2201.25,128.978,262.752
36,47,1,539.321,848.673,143.681,394.378
36,50,0,1565.87,1788.42,1049.09,1552.12
36,51,3,935.769,1070.38,27.5481,127.067
37,1,0,2001.42,2041.66,15.6851,104.603
37,2,0,1840.14,1898.32,48.2452,169.832
37,3,0,1977.69,2034.62,67.6082,192.151
37,5,3,215.288,412.404,127.572,250.889
37,6,3,0.817308,141.683,351.346,587.308
37,8,0,1796.51,1874.25,193.774,368.726
37,10,0,1901.44,1957.02,57.8005,186.815
37,11,3,1710.29,1818.94,0,25.1502
37,12,3,1181.35,1324.81,29.0625,130.168
37,13,0,2056.9,2096.95,0.721153,75.3606
37,14,3,987.788,1142.98,86.2139,218.113
37,18,3,708.077,930.385,28.5938,165.541
37,19,0,558.558,616.827,80.8053,189.772
37,24,0,1956.68,1997.16,0,66.0397
37,34,3,1092.16,1212.45,4.39904,86.3221
37,36,0,2130.96,2198.27,126.31,258.498
37,47,1,508.806,826.889,152.275,399.478
37,50,0,1585.25,1801.78,976.322,1455.62
37,51,3,927.74,1070.72,28.1611,127.464
38,1,0,2001.42,2041.66,15.6851,104.603
38,2,0,1840.19,1898.27,49.5433,163.341
38,3,0,1980.43,2038.03,64.2909,188.978
38,5,3,211.25,390.288,126.995,250.024
38,6,3,0,123.365,357.909,584.784
38,8,0,1798.25,1875.6,188.365,360.577
38,10,0,1904.93,1959.69,54.375,185.625
38,11,3,1725.1,1825.67,0,22.6172
38,12,3,1178.85,1322.69,30.613,131.358
38,13,0,2056.44,2100.48,1.55048,62.6322
38,14,3,980.385,1141.15,85.024,219.303
38,18,3,699.135,927.019,28.5216,166.478
38,24,0,1954.45,1996.32,0,60.4868
38,34,3,1086.06,1210.87,4.4351,84.9159
38,36,0,2130.1,2196.06,123.462,257.019
38,47,1,499.607,822.541,155.283,404.668
38,50,0,1605.45,1814.06,934.019,1392.49
38,51,3,925.865,1067.98,29.0625,125.12
39,1,0,2000.28,2039.72,7.68029,92.1274
39,2,0,1845.43,1905.34,47.3077,165
39,3,0,1982.81,2041.8,61.9111,186.31
39,5,3,90.8654,353.365,116.394,260.913
39,6,3,0,123.365,357.909,584.784
39,8,0,1800.46,1879.54,182.452,351.202
39,10,0,1908.03,1962.74,52.2476,179.675
39,11,3,1725.1,1825.67,0,22.6172
39,12,3,1175,1318.85,29.0625,132.476
39,13,0,2055.87,2097.98,1.17188,63.732
39,14,3,980.385,1141.15,85.024,219.303
39,18,3,689.135,921.635,29.4231,168.462
39,19,0,525.072,587.236,100.817,203.51
39,24,0,1958.05,1998.87,0,60.3786
39,34,3,1081.3,1207.93,5.04808,84.4471
39,36,0,2128.03,2195.05,121.262,254.026
39,47,1,488.594,804.973,159.88,417.747
39,50,0,1631.22,1828.92,870.339,1310.81
39,51,3,920.577,1067.12,28.0529,125.986
39,53,0,6.27404,84.4952,257.127,398.834
40,1,0,1994.03,2039.82,6.45433,81.1659
40,2,0,1846.37,1907.48,44.6755,161.575
40,3,0,1982.98,2041.63,59.6034,182.849
40,5,3,90.6731,334.327,122.019,257.596
40,8,0,1803.65,1879.42,175.745,338.582
40,10,0,1909.33,1964.52,51.887,174.7
40,12,3,1172.07,1315.62,30.3966,132.873
40,13,0,2055.58,2095.19,0.97356,61.9471
40,18,3,683.269,918.269,27.1514,170.156
40,19,0,518.51,579.952,88.9543,196.334
40,24,0,1960.31,2002.76,0,56.3582
40,34,3,1078.46,1206.15,4.32692,83.9423
40,36,0,2127.88,2192.12,113.726,252.043
40,47,1,471.858,792.905,173.185,424.358
40,50,0,1642.28,1831.86,835.555,1262.79
40,51,3,916.106,1063.89,27.2957,129.627
40,53,0,0.552883,73.4375,264.736,416.611
41,1,0,1993.49,2037.28,4.14663,79.5072
41,2,0,1849.66,1907.26,43.5937,159.05
41,3,0,1983.85,2043.85,59.2428,179.748
41,5,3,90.6731,334.327,122.019,257.596
41,8,0,1805.96,1880.19,174.159,335.841
41,10,0,1912.26,1964.66,53.5096,171.635
41,12,3,1172.74,1313.41,28.9543,134.026
41,13,0,2055.97,2097.87,2.46995,56.1599
41,14,3,958.606,1118.32,88.0529,228.101
41,18,3,679.519,908.173,28.4856,171.707
41,19,0,518.51,579.952,88.9543,196.334
41,24,0,1963.46,2002.69,0,56.7728
41,34,3,1073.99,1207.55,0.0721157,90.649
41,36,0,2123.32,2187.45,114.087,248.798
41,47,1,453.963,779.112,174.763,425.078
41,50,0,1656.18,1845.31,799.835,1211.1
41,51,3,908.173,1051.83,29.6034,130.204
41,53,0,0,64.5914,260.986,428.438
42,1,0,1998.73,2041.27,2.63221,80.4447
42,2,0,1852.62,1910.46,43.2692,157.067
42,3,0,1987.48,2046.37,59.0986,175.998
42,8,0,1809.81,1882.5,165.793,328.63
42,10,0,1918.8,1973.51,49.7957,167.127
42,12,3,1166.68,1313.32,34.2548,136.082
42,13,0,2058,2098.92,1.47837,57.1875
42,14,3,945.817,1108.03,88.6659,231.526
42,18,3,668.173,897.212,34.6154,173.942
42,19,0,492.933,557.067,102.512,199.796
42,24,0,1967.36,2008.03,0,56.6827
42,34,3,1073.94,1202.98,4.36298,83.6178
42,36,0,2124.42,2189.42,113.329,248.978
42,47,1,435.353,768.864,176.757,434.844
42,50,0,1676.12,1859.24,751.157,1149.19
42,51,3,900.721,1050.05,29.4231,135.144
42,53,0,0,64.5914,260.986,428.438
43,1,0,1998.73,2041.27,2.63221,80.4447
43,2,0,1855.7,1913.53,42.4399,153.137
43,3,0,1992.76,2053.39,56.3942,173.942
43,8,0,1810.91,1884.47,159.663,322.067
43,10,0,1919.62,1975.77,51.0577,162.981
43,12,3,1165.19,1313.27,33.8221,137.091
43,13,0,2058.99,2097.93,1.47837,58.0529
43,14,3,945.817,1108.03,88.6659,231.526
43,18,3,663.269,896.731,34.9038,176.394
43,19,0,486.779,550.144,100.565,200.589
43,24,0,1968.52,2013.02,1.31611,57.5661
43,31,0,60.7211,148.125,276.562,466.514
43,34,3,1068.41,1205.43,2.41587,90.9014
43,36,0,2120.91,2186.78,111.526,245.3
43,47,1,419.6,769.373,182.833,437.603
43,50,0,1693.4,1869.99,722.839,1110.37
43,51,3,886.587,1053.41,30.0721,136.659
44,2,0,1859.33,1916.06,39.2668,151.118
44,3,0,1997.07,2055.24,54.375,172.644
44,8,0,1812.64,1882.74,155.264,313.774
44,10,0,1923.44,1978.1,48.1731,163.558
44,12,3,1164.86,1307.45,33.3894,136.947
44,13,0,2055.99,2094.78,1.60457,55.9074
44,18,3,647.019,889.904,36.3462,176.683
44,19,0,470.721,535.433,104.928,202.572
44,24,0,1972.4,2012.21,1.04567,54.7716
44,31,0,29.6635,129.952,284.423,479.423
44,34,3,1063.85,1196.15,7.35577,86.7548
44,36,0,2116.88,2181.59,111.851,242.38
44,47,1,392.235,745.182,183.442,453.338
44,50,0,1712.52,1877.16,680.741,1054.02
44,51,3,880.577,1048.65,31.8029,132.62
45,2,0,1860.55,1914.83,38.9423,150.288
45,3,0,1996.2,2053.03,47.488,169.868
45,8,0,1813.65,1881.73,152.236,308.149
45,10,0,1926.88,1980.82,48.5697,163.594
45,12,3,1157.69,1299.23,33.6779,139.976
45,13,2,2054.63,2089.99,2.18149,57.2776
45,18,3,640.481,888.75,34.6514,178.377
45,19,0,463.029,529.279,104.026,203.762
45,24,0,1977.16,2016.68,1.91106,53.5817
45,31,0,11.9712,111.202,286.803,489.736
45,34,3,1059.52,1195.87,8.97837,88.4495
45,36,0,2115.91,2179.47,111.31,240.036
45,47,1,383.311,726.906,187.063,462.375
45,50,0,1723.49,1882.86,657.721,1017.21
45,51,3,873.606,1043.32,32.524,138.389
46,2,0,1862.38,1916.08,35.7692,149.423
46,3,0,1999.52,2055.87,48.1731,168.894
46,8,0,1815.31,1886.23,145.24,295.817
46,10,0,1928.73,1982.04,44.351,161.611
46,12,3,1155.87,1301.06,34.6514,141.31
46,13,2,2054.75,2089.87,1.76683,54.4471
46,18,3,634.808,883.654,35.6971,179.062
46,19,0,451.635,517.596,105.541,206.286
46,24,0,1977.52,2016.32,2.28966,54.357
46,31,0,4.90385,97.5,297.043,497.957
46,34,3,1058.65,1196.73,10.8894,88.8461
46,36,0,2115.24,2177.07,110.481,239.423
46,47,1,366.207,718.293,191.965,466.942
46,50,0,1728.92,1891.4,633.776,983.989
46,51,3,867.115,1039.04,34.5072,136.406
46,57,0,2131.27,2167.19,8.47356,89.6034
47,2,0,1866.3,1918.32,32.6322,147.8
47,3,0,2001.9,2059.64,45.0721,166.947
47,8,0,1817.31,1890.38,142.212,291.923
47,10,0,1932.12,1984.81,41.4663,158.293
47,12,3,1155.1,1301.83,34.6154,142.067
47,13,0,2054.84,2089.77,1.76683,54.375
47,18,3,622.308,869.231,38.6539,179.712
47,19,0,439.375,504.471,106.875,214.471
47,24,0,1977.52,2016.32,2.28966,54.357
47,31,0,0.120194,70.3606,303.894,522.837
47,34,3,1057.16,1193.61,9.375,90.5769
47,36,0,2115.67,2176.63,108.894,235.24
47,47,1,346.039,703.059,197.035,475.354
47,50,0,1747.04,1905.8,600.036,934.6
47,51,3,864.135,1034.33,35.0481,135.577
47,57,0,2131.27,2167.19,8.47356,89.6034
48,2,0,1868.51,1922.26,30.1442,144.663
48,3,0,2006.68,2064.09,47.8125,165.361
48,8,0,1816.51,1891.18,139.543,284.495
48,10,0,1934.5,1991.66,39.5553,154.868
48,12,3,1152.02,1298.75,36.0577,142.788
48,13,0,2056.56,2091.13,2.54207,54.0324
48,18,3,617.308,869.615,38.8702,179.062
48,19,0,428.63,495.216,111.31,214.363
48,31,0,0.384617,53.8462,312.764,525.505
48,34,3,1055.53,1192.16,11.7188,91.1178
48,36,0,2114.04,2175.19,107.957,233.87
48,47,1,340.017,691.244,205.763,477.901
48,50,0,1754.97,1913.8,584.249,904.975
48,51,3,859.327,1029.9,38.0048,137.668
49,2,0,1871.3,1925.63,28.4856,142.861
49,3,0,2008.87,2064.98,41.6466,158.113
49,8,0,1818.53,1892.24,132.62,276.13
49,10,0,1937.96,1994.35,37.0673,151.587
49,12,3,1149.04,1295.58,37.1034,143.618
49,13,0,2056.56,2091.13,2.54207,54.0324
49,18,3,603.462,857.308,36.887,181.767
49,19,0,417.861,479.062,110.048,222.548
49,31,0,1.73077,27.6683,330.288,540.865
49,34,3,1052.88,1190.19,13.0889,92.488
49,36,0,2114.3,2174.93,103.089,230.373
49,47,1,310.639,678.992,210.806,484.576
49,50,0,1773.25,1915.63,555.531,860.229
49,51,3,849.087,1013.99,38.0409,137.344
50,2,0,1870.89,1926.03,29.1346,139.038
50,3,0,2013.77,2069.3,42.3678,158.69
50,8,0,1821.06,1892.79,128.257,270.974
50,10,0,1939.33,1996.06,36.9591,148.522
50,12,3,1150.05,1293.03,38.726,144.591
50,18,3,593.269,852.115,38.762,179.603
50,19,0,403.99,471.394,118.558,223.558
50,31,0,1.73077,27.6683,330.288,540.865
50,34,3,1051.49,1186.97,12.1875,93.4615
50,36,0,2112.81,2173.34,100.168,230.12
50,47,1,298.656,664.053,213.946,491.349
50,50,0,1780.62,1922.19,530.289,834.503
50,51,3,840.288,1012.02,38.5817,136.947
51,1,0,1986.54,2038.08,3.38942,81.9952
51,2,0,1874.66,1928.41,28.0529,137.236
51,3,0,2016.2,2073.03,42.5481,155.913
51,8,0,1820.7,1893.15,126.058,267.404
51,10,0,1944.11,1997.43,38.4014,147.368
51,12,3,1152.31,1292.31,39.0865,146.827
51,18,3,585.385,850,37.4279,180.649
51,19,0,395.12,461.803,121.803,228.966
51,34,3,1049.09,1187.84,8.50962,98.5096
51,36,0,2112.88,2173.27,98.762,227.2
51,47,1,295.924,652.595,218.706,502.134
51,50,0,1782.75,1925.89,511.142,809.181
51,51,3,844.327,1009.52,39.0144,139.111
51,57,0,2133.08,2174.62,16.8029,103.63
51,60,0,1281.07,1328.16,11.6106,111.346
52,1,0,1986.54,2038.08,3.38942,81.9952
52,2,0,1876.92,1929.23,25.7091,134.82
52,3,0,2020.6,2074.78,41.5385,156.923
52,8,0,1827.5,1892.5,127.536,258.426
52,10,0,1948,1999.69,35.2284,143.329
52,12,3,1153.65,1287.88,39.9519,151.298
52,18,3,575.769,838.846,36.1298,182.524
52,19,0,383.245,445.216,123.714,233.978
52,34,3,1043.65,1182.5,7.78846,101.034
52,36,0,2112.21,2170.87,97.1394,225.361
52,47,1,268.25,629.39,221.962,508.8
52,50,0,1807.21,1928.17,489.375,774.087
52,51,3,830.144,1003.7,42.512,140.95
52,57,0,2132.3,2172.32,14.6755,102.007
52,60,0,1278.85,1325.77,12.9447,111.959
53,2,0,1877.67,1931.56,24.1586,133.774
53,3,0,2022.33,2076.13,39.7356,153.389
53,8,0,1824.69,1895.31,119.748,256.695
53,10,0,1949.98,2000.79,34.9038,143.221
53,12,3,1151.06,1287.4,42.7284,152.993
53,18,3,567.212,836.635,40.5289,190.673
53,19,0,383.245,445.216,123.714,233.978
53,34,3,1041.25,1180.29,10.1683,102.332
53,36,0,2110.87,2169.13,94.9039,222.404
53,47,1,272.677,616.523,229.526,519.781
53,50,0,1815.96,1934.81,465.577,755.192
53,51,3,822.692,1000.38,45.5409,141.094
53,57,0,2132.3,2172.32,14.6755,102.007
53,60,0,1274.38,1324.09,13.774,115.024
54,2,0,1880,1932.31,21.5264,131.214
54,3,0,2026.06,2078.56,38.2933,150.072
54,8,0,1828.27,1894.81,114.411,249.627
54,10,0,1952.5,2001.35,30.9375,138.389
54,12,3,1148.17,1285.67,45.2524,154.363
54,18,3,556.635,814.135,43.9904,194.856
54,19,0,355.072,418.005,131.43,245.589
54,34,3,1036.11,1179.28,8.79808,102.404
54,36,0,2107.55,2166.3,93.0288,220.24
54,47,1,232.902,596.874,234.529,532.685
54,50,0,1822.4,1943.75,440.841,721.082
54,51,3,815.385,995.385,46.7308,142.356
54,60,0,1273.51,1324.95,15,115.962
54,63,0,1057.69,1350.39,1442.79,1920
55,2,0,1881.88,1933.51,20.3726,131.07
55,3,0,2025.87,2078.75,38.113,146.358
55,8,0,1829.09,1893.99,109.976,245.986
55,10,0,1957.67,2005.41,32.3437,138.425
55,12,3,1146.06,1284.71,46.0817,156.851
55,18,3,548.077,813.462,48.3534,194.243
55,19,0,341.731,407.885,131.394,248.798
55,34,3,1034.81,1172.88,9.30288,102.909
55,36,0,2103.61,2164.09,91.9832,218.401
55,47,1,221.419,584.238,241.284,541.082
55,50,0,1829.33,1949.13,429.014,698.87
55,51,3,812.067,987.933,46.4423,143.798
55,60,0,1275.62,1324.38,16.1178,112.392
55,63,0,1109.98,1382.54,1376.56,1915.45
56,2,0,1885.46,1936.08,16.2981,127.067
56,3,0,2029.5,2081.27,37.1034,145.925
56,8,0,1832.62,1896.61,104.928,242.38
56,10,0,1959.06,2007.09,29.387,135.757
56,12,3,1149.33,1284.52,48.3173,158.51
56,18,3,535.962,814.038,44.351,196.803
56,19,0,331.25,398.75,130.962,254.135
56,34,3,1027.55,1172.45,9.84375,105.108
56,36,0,2103.7,2160.91,91.6947,216.959
56,47,1,218.175,575.456,249.826,544.616
56,50,0,1832.64,1955.05,413.654,681.346
56,51,3,807.933,982.837,47.2716,148.017
56,60,0,1277.4,1324.13,16.7668,114.195
56,63,0,1159.28,1412.78,1305.53,1886.65
57,2,0,1884.57,1936.97,14.8197,124.796
57,3,0,2032.69,2087.31,31.8029,143.293
57,8,0,1836.11,1899.28,101.358,237.873
57,10,0,1962.14,2010.17,23.7981,132.404
57,12,3,1151.3,1288.7,46.2981,161.25
57,18,3,520.096,802.981,44.9279,199.832
57,19,0,322.043,381.034,135.469,257.416
57,34,3,1028.37,1173.17,10.7452,105.649
57,36,0,2102.84,2161.78,88.9183,214.832
57,47,1,182.619,550.432,252.211,559.568
57,50,0,1842.79,1960.29,392.74,652.067
57,51,3,801.154,977.308,47.0913,148.341
57,60,0,1276.54,1326.54,19.0024,118.882
57,63,0,1212.72,1462.71,1212.69,1763.55
58,2,0,1884.95,1939.66,12.3678,121.983
58,3,0,2033.25,2089.83,30.9014,139.291
58,8,0,1837.09,1901.37,99.4111,232.031
58,10,0,1962.55,2012.84,22.1755,129.988
58,12,3,1149.66,1287.26,47.6322,162.368
58,18,3,507.115,794.423,48.4615,200.769
58,19,0,308.63,368.678,135.361,263.87
58,34,3,1025.19,1171.73,12.1154,106.154
58,36,0,2102.86,2161.75,82.3918,209.964
58,47,1,159.805,533.594,260.247,569.978
58,50,0,1846.25,1966.06,377.38,638.005
58,51,3,799.423,975.962,47.0553,149.964
58,60,0,1275.58,1325.96,17.1274,120.108
58,63,0,1245.55,1495.8,1153.6,1690.26
59,2,0,1886.78,1940.91,11.0697,120.252
59,3,0,2035.41,2090.75,27.3317,137.236
59,8,0,1836.92,1901.54,94.0385,226.154
59,10,0,1962.79,2012.6,23.6899,126.887
59,12,3,1151.06,1288.94,48.9303,162.368
59,18,3,497.596,772.404,49.6875,201.995
59,19,0,291.827,355.481,136.226,266.755
59,34,3,1020.82,1165.34,12.0433,107.524
59,36,0,2099.57,2158.89,82.5,209.135
59,47,1,107.97,514.308,262.79,581.379
59,50,0,1852.07,1972.55,360.938,605.986
59,51,3,787.356,963.413,48.3534,151.262
59,60,0,1276.35,1323.65,15.2885,122.74
59,63,0,1296.72,1535.81,1072.96,1578.7
60,2,0,1886.8,1940.89,11.6466,118.738
60,3,0,2038.22,2091.01,27.6923,136.587
60,8,0,1844.35,1903.34,93.3173,220.24
60,10,0,1966.08,2015.46,23.8702,127.572
60,12,3,1153.12,1291.49,49.1827,166.587
60,18,3,487.115,769.808,49.3269,204.952
60,19,0,275.986,350.553,132.224,274.796
60,34,3,1012.12,1178.65,13.8101,107.344
60,36,0,2098.22,2157.16,81.4183,209.062
60,47,1,102.471,497.848,269.158,590.246
60,50,0,1858.17,1975.67,350.986,591.13
60,51,3,778.029,958.894,49.6154,155.048
60,60,0,1274.71,1323.75,16.226,123.389
60,63,0,1326.78,1557.55,1023.78,1516.49
61,2,0,1890,1940.77,11.6106,118.341
61,3,0,2039.21,2090.02,22.2115,135.144
61,8,0,1843,1904.69,92.4519,217.644
61,10,0,1968.19,2016.43,18.5336,119.712
61,12,3,1153.61,1292.55,49.0385,168.462
61,18,3,475.865,767.212,50.7692,207.115
61,19,0,270.962,335.962,141.707,273.101
61,34,3,1010.77,1178.46,13.9543,109.147
61,36,0,2098.27,2157.12,80.9135,208.99
61,47,1,62.302,483.977,273.386,599.649
61,50,0,1858.12,1975.72,341.466,574.688
61,51,3,770.048,954.567,51.3462,156.058
61,60,0,1274.71,1323.75,16.226,123.389
61,63,0,1351.94,1581.98,980.887,1451.72
62,2,0,1889.04,1941.73,10.4207,117.8
62,3,0,2040.77,2091.54,21.0577,132.26
62,8,0,1843.63,1904.06,88.3413,213.101
62,10,0,1969.95,2017.74,16.0457,119.387
62,12,3,1154.86,1297.45,57.512,169.651
62,18,3,451.827,761.25,52.0673,209.712
62,19,0,251.418,321.659,151.514,279.736
62,34,3,1001.63,1173.75,11.4303,111.887
62,36,0,2093.51,2152.64,80.8053,205.349
62,47,1,34.2862,464.146,292.791,619.373
62,50,0,1871.73,1980.58,322.428,555.649
62,51,3,764.327,951.058,54.4832,156.382
62,63,0,1397.2,1600.83,914.976,1366.01
63,2,0,1889.47,1941.3,8.94231,114.375
63,3,0,2040.34,2091.97,22.2837,130.312
63,8,0,1845.12,1905.65,83.2572,206.07
63,10,0,1970.96,2019.81,13.9904,115.024
63,12,3,1155.05,1298.8,58.8101,171.238
63,18,3,441.538,750.769,51.851,212.668
63,19,0,233.606,308.317,149.459,286.406
63,34,3,998.462,1173.85,12.0072,113.329
63,36,0,2092.91,2150.17,77.5961,204.952
63,47,1,13.2229,440.598,296.392,628.442
63,50,0,1876.88,1978.51,311.971,541.298
63,51,3,755.865,945.673,55.024,159.303
63,63,0,1418.84,1631.2,877.469,1313.87
64,2,0,1889.18,1941.59,6.05769,110.337
64,3,0,2044.57,2096.97,26.25,127.5
64,8,0,1846.59,1907.26,77.7765,201.31
64,10,0,1974.86,2022.07,11.9351,111.959
64,12,3,1156.49,1301.97,60.6851,176.43
64,18,3,428.365,725.481,57.3317,211.226
64,19,0,223.678,289.399,159.952,290.337
64,34,3,1000.87,1149.9,15.3606,112.716
64,36,0,2093.34,2146.66,76.9111,200.445
64,47,1,12.5851,413.552,301.345,646.621
64,50,0,1888.87,1984.98,297.62,523.918
64,51,3,752.115,937.115,56.1418,160.925
64,63,0,1445.86,1644.73,823.946,1239
65,2,0,1889.52,1944.33,3.28125,110.805
65,3,0,2046.11,2098.51,26.0697,126.094
65,8,0,1848.03,1908.89,76.3702,198.389
65,10,0,1975.6,2024.4,9.95192,108.173
65,12,3,1161.35,1310.96,60.5769,176.971
65,18,3,417.885,720.577,58.5577,214.471
65,19,0,220.529,276.779,164.243,292.969
65,34,3,998.558,1146.06,16.0457,113.618
65,36,0,2093.41,2146.59,76.6947,199.507
65,47,1,0.0438309,400.815,307.537,661.26
65,50,0,1893.73,1989.35,292.716,509.207
65,51,3,741.106,929.663,57.5841,161.07
65,63,0,1470.6,1662.98,793.464,1198.46
66,2,0,1891.35,1942.5,3.78606,104.531
66,3,0,2048.34,2096.27,21.887,121.19
66,8,0,1851.44,1911.63,73.9183,194.928
66,10,0,1976.27,2023.73,11.1058,105.793
66,12,3,1161.11,1312.74,60.9375,178.341
66,18,3,402.788,717.981,55.2404,216.202
66,19,0,220.529,276.779,164.243,292.969
66,34,3,994.712,1145.29,15.7933,114.159
66,36,0,2086.97,2143.8,76.5144,192.62
66,47,1,1.06485,374.944,321.492,675.215
66,50,0,1894.18,1991.97,281.25,494.712
66,51,3,736.635,926.442,56.1058,162.837
66,63,0,1491.38,1675.5,754.337,1155.69
67,2,0,1891.06,1942.79,1.69471,99.2668
67,3,0,2047.44,2094.1,17.5601,119.675
67,8,0,1851.63,1911.44,68.113,188.474
67,10,0,1974.99,2021.94,6.38221,103.45
67,12,3,1163.99,1316.01,62.3798,181.659
67,18,3,384.231,687.308,63.6058,217.067
67,34,3,974.808,1148.27,18.1731,113.149
67,36,0,2084.74,2142.96,71.25,191.25
67,47,1,0,344.809,306.579,688.476
67,50,0,1896.92,1995.38,262.5,473.077
67,51,3,727.596,917.019,53.4014,165.829
67,63,0,1511.02,1689.56,713.244,1098.28
68,2,0,1890.38,1940.38,1.6226,95.4447
68,3,0,2048.89,2092.64,17.1635,116.25
68,8,0,1852.33,1910.75,64.0385,183.75
68,10,0,1974.25,2022.67,4.61538,102.332
68,12,3,1164.42,1318.65,62.6683,182.236
68,14,1,631.923,875,180.288,357.404
68,18,3,371.346,678.654,64.1106,217.428
68,34,3,986.202,1135.34,17.9207,116.358
68,36,0,2083.56,2141.06,68.726,188.293
68,47,1,0,326.376,223.768,714.124
68,50,0,1902.14,1993.25,260.986,466.514
68,51,3,720.865,912.981,52.8606,166.659
68,63,0,1525.44,1705.24,688.8,1063.58
69,2,0,1891.73,1939.04,1.98317,93.0649
69,3,0,2049.69,2091.85,16.0457,115.349
69,8,0,1853.15,1913,59.4591,181.118
69,10,0,1974.25,2019.59,4.97596,99.4471
69,12,3,1170.1,1323.75,64.7957,184.868
69,14,1,631.923,875,180.288,357.404
69,18,3,345.385,667.692,62.0192,221.827
69,34,3,980.288,1130.48,15.9736,119.099
69,36,0,2079.25,2136.13,68.0409,184.075
69,47,1,0,298.327,350.941,723.195
69,50,0,1904.35,1997.19,252.332,448.63
69,51,3,711.346,907.115,61.4062,170.373
69,63,0,1547.7,1716.32,648.252,1011.22
70,2,0,1891.61,1939.16,2.05529,93.0649
70,3,0,2049.17,2092.37,15.5769,112.356
70,8,0,1853.46,1912.69,60.0361,177.8
70,10,0,1974.39,2019.46,4.07452,96.1659
70,12,3,1170.48,1324.9,65.7692,187.067
70,18,3,339.615,655.769,63.101,224.062
70,34,3,978.173,1127.98,18.9303,119.531
70,36,0,2079.35,2136.03,66.851,183.245
70,47,1,0,276.194,360.187,723.784
70,50,0,1907.07,2000.62,242.452,439.471
70,51,3,703.462,902.692,62.0553,171.31
70,63,0,1562.29,1729.07,626.66,979.038
71,2,0,1891.56,1939.21,2.23558,93.3173
71,3,0,2051.06,2093.56,15.3606,112.139
71,8,0,1855.38,1913.85,56.2139,174.555
71,10,0,1973.35,2017.42,3.67788,93.1731
71,12,3,1173.03,1330.05,66.6346,189.375
71,18,3,318.077,651.154,73.125,226.01
71,34,3,975.577,1125.96,19.1827,120.288
71,36,0,2077.16,2132.07,66.3101,181.623
71,47,1,0,256.677,358.498,739.347
71,50,0,1912.5,2001.35,236.322,424.255
71,51,3,698.462,900,64.1106,173.005
71,63,0,1570.25,1733.96,606.674,944.479
72,2,0,1894.3,1939.54,1.33413,92.4159
72,3,0,2051.27,2093.34,13.0168,110.156
72,8,0,1858.58,1913.73,59.4591,166.983
72,10,0,1976.23,2020.7,1.51442,88.8461
72,12,3,1177.55,1337.84,66.6346,193.558
72,18,3,298.173,627.981,71.4663,230.553
72,34,3,969.808,1119.42,19.2909,122.055
72,36,0,2074.71,2128.37,66.9952,178.197
72,47,1,0,256.677,358.498,739.347
72,50,0,1918,2008.15,229.111,410.697
72,51,3,686.538,884.231,64.9399,175.349
72,63,0,1587.41,1746.28,573.779,897.693
73,2,0,1896.79,1940.13,0.360578,92.4519
73,3,0,2049.54,2092,11.2861,107.849
73,8,0,1859.66,1915.72,52.9688,164.099
73,10,0,1975.94,2017.91,0.721153,89.4231
73,12,3,1180.38,1345.77,66.851,194.495
73,18,3,295.288,616.25,64.8317,227.091
73,34,3,966.827,1113.17,19.0745,123.353
73,36,0,2074.4,2125.6,62.6683,176.466
73,50,0,1921.37,2007.86,221.971,405.721
73,51,3,683.077,880,65.1562,175.709
73,63,0,1601.37,1753.14,559.047,876.037
74,2,0,1898.77,1944.3,0.612978,90.3966
74,3,0,2048.88,2092.66,11.1779,104.423
74,8,0,1860.67,1917.79,49.7596,161.394
74,10,0,1975.89,2017.96,0.144231,86.25
74,12,3,1183.03,1352.36,69.4832,197.344
74,14,1,527.981,787.404,211.298,398.51
74,18,3,260.385,601.923,72.9808,235.962
74,34,3,958.462,1112.31,16.0096,125.625
74,36,0,2070.58,2123.27,62.6683,172.428
74,50,0,1929.13,2015.48,204.591,384.736
74,51,3,672.5,874.423,67.464,177.296
74,63,0,1613.68,1761.37,531.183,835.323
75,2,0,1896.06,1940.87,0,85.601
75,3,0,2045.72,2086.59,8.04087,99.7716
75,8,0,1863.05,1918.49,48.2812,157.103
75,10,0,1976.2,2017.64,0,84.7356
75,12,3,1184.71,1367.6,74.6394,195.505
75,14,1,513.462,781.154,218.365,403.558
75,18,3,248.846,586.538,77.5962,239.712
75,34,3,950.481,1107.98,27.2957,125.445
75,36,0,2069.01,2121.75,60.8654,172.933
75,50,0,1935.82,2018.03,204.375,382.356
75,51,3,666.923,866.154,67.9688,178.089
75,63,0,1622.77,1764.79,516.569,816.909
76,2,0,1895.79,1941.13,0,81.9952
76,3,0,2043.67,2085.56,7.96875,100.06
76,8,0,1865.87,1918.75,45.3245,155.3
76,10,0,1974.66,2016.11,0,82.0312
76,12,3,1186.39,1370.53,75.4327,197.596
76,14,1,513.462,781.154,218.365,403.558
76,18,3,236.923,574.615,75.649,239.062
76,34,3,946.635,1104.13,26.6466,125.517
76,36,0,2066.15,2118.46,62.4519,170.625
76,50,0,1936.63,2020.29,198.822,372.332
76,51,3,657.981,863.558,69.1947,180.036
76,63,0,1630.29,1774.17,494.776,790.279
77,2,0,1901.06,1945.1,0,79.9399
77,3,0,2042.94,2086.29,5.73318,95.1562
77,8,0,1867.19,1917.43,41.1779,150.216
77,10,0,1974.71,2016.06,0,81.3461
77,12,3,1193.22,1388.32,80.3726,199.579
77,14,1,473.269,734.423,225.649,425.12
77,18,3,243.846,552.308,76.7308,239.712
77,19,0,47.6202,127.091,203.726,364.255
77,34,3,944.327,1097.21,27.512,129.555
77,36,0,2064.09,2117.45,60.5769,171.058
77,50,0,1944.71,2024.52,193.413,361.01
77,51,3,646.058,857.019,71.6466,182.2
77,63,0,1647.5,1770.96,470.192,758.654
78,2,0,1902.36,1943.8,0,82.0673
78,3,0,2041.71,2084.45,5.26442,96.7789
78,8,0,1870.55,1920.22,38.0048,149.207
78,10,0,1973.39,2014.3,0,79.7236
78,12,3,1201.63,1398.37,80.3726,203.329
78,14,1,473.269,734.423,225.649,425.12
78,18,3,222.212,550.096,82.6442,241.587
78,19,0,36.25,115,203.51,367.644
78,34,3,942.404,1092.98,29.9279,131.899
78,36,0,2063.32,2115.14,57.1514,171.166
78,50,0,1948.53,2026.85,185.048,354.087
78,51,3,641.346,850.962,74.9279,185.12
78,63,0,1652.88,1777.88,457.067,734.856
79,2,0,1906.75,1945.55,0,81.3101
79,3,0,2041.3,2081.78,3.60577,92.2356
79,8,0,1874.34,1922.58,35.9495,145.349
79,10,0,1974.78,2015.99,0,78.8221
79,12,3,1212.31,1416.92,82.3558,208.99
79,14,1,435.481,712.212,239.279,436.875
79,18,3,220.288,517.404,81.274,246.707
79,19,0,20.1202,93.726,220.889,380.841
79,34,3,935,1088.08,31.0817,135.072
79,36,0,2061.42,2117.04,56.2861,169.579
79,50,0,1955.46,2035.31,176.25,338.654
79,51,3,627.885,842.115,74.7476,188.041
79,63,0,1663.8,1788.51,433.702,715.529
80,2,0,1909.21,1949.25,0.108172,80.5168
80,3,0,2042.28,2083.87,2.59616,91.7308
80,8,0,1875.41,1924.59,33.5697,145.421
80,10,0,1974.11,2016.66,0.649037,77.4519
80,12,3,1219.42,1426.73,81.8149,210.541
80,14,1,435.481,712.212,239.279,436.875
80,18,3,210.192,507.885,83.0769,247.212
80,19,0,15.3606,87.2356,227.019,384.519
80,34,3,934.712,1085.29,34.3269,135.865
80,36,0,2060.72,2114.66,48.3894,168.245
80,50,0,1960.07,2036.85,173.726,336.851
80,51,3,622.308,836.923,76.9111,190.925
80,63,0,1668.56,1789.9,423.173,690.288
81,2,0,1910.17,1951.37,0,77.5961
81,3,0,2041.84,2084.31,5.26443,88.9183
81,8,0,1876.59,1926.49,33.137,139.651
81,10,0,1974.62,2016.15,2.03726,74.8377
81,12,3,1222.02,1431.83,82.6442,209.856
81,18,3,175.769,494.231,87.9087,250.745
81,19,0,3.00481,73.2452,224.928,393.534
81,34,3,927.933,1081.3,33.7139,137.776
81,36,0,2059.38,2112.93,49.5793,167.632
81,50,0,1961.06,2038.94,169.615,331.731
81,51,3,613.75,830.865,77.0553,192.079
81,63,0,1678.56,1795.29,409.976,679.832
82,2,0,1913.46,1954.23,1.28005,68.9964
82,3,0,2039.88,2080.12,5.69712,89.4952
82,8,0,1876.9,1926.18,32.1635,134.567
82,10,0,1976.35,2014.42,0,68.8341
82,12,3,1236.15,1454.62,88.9904,215.913
82,14,1,368.942,664.135,255.288,468.173
82,18,3,156.635,471.058,86.0337,247.428
82,19,0,3.00481,73.2452,224.928,393.534
82,34,3,924.038,1074.42,37.3558,140.481
82,36,0,2055.31,2107.76,51.851,163.63
82,50,0,1967.72,2041.51,162.332,319.399
82,51,3,602.981,820.865,80.9495,194.243
82,63,0,1682.84,1797.16,392.74,653.221
82,71,0,867.416,911.046,24.6995,111.454
83,2,0,1914.35,1956.42,0.883412,68.6358
83,3,0,2038.17,2078.75,3.64183,86.6466
83,8,0,1877.14,1925.94,28.6659,133.594
83,10,0,1973.68,2014.01,0,68.3113
83,12,3,1240.87,1469.9,88.774,218.149
83,14,1,368.942,664.135,255.288,468.173
83,18,3,163.269,444.423,85.1683,250.024
83,19,0,0,44.0745,243.534,402.043
83,34,3,918.51,1070.72,37.3558,143.221
83,36,0,2055.91,2107.16,52.5,162.692
83,50,0,1967.16,2042.07,158.077,316.442
83,51,3,596.154,811.538,81.851,195.649
83,63,0,1683.99,1805.24,381.707,642.332
83,71,0,859.087,905.529,28.0889,111.454
84,2,0,1913.8,1953.89,1.38822,67.8786
84,3,0,2037.14,2076.71,4.21875,85.1322
84,8,0,1879.23,1926.92,28.5577,130.962
84,10,0,1973.15,2011.47,0,67.1394
84,12,3,1251.54,1490,91.8029,219.736
84,14,1,317.806,621.472,262.254,496.623
84,18,3,47.4058,433.813,88.1011,261.929
84,19,0,0,44.0745,243.534,402.043
84,34,3,908.99,1064.86,39.0505,146.286
84,36,0,2051.83,2105.1,51.3822,158.041
84,50,0,1973.56,2044.9,151.731,303.75
84,51,3,574.135,801.25,85.0962,197.74
84,63,0,1685.91,1803.32,368.582,615.649
84,71,0,852.945,896.286,27.2236,112.248
85,2,0,1919.95,1956.97,1.80288,65.6611
85,3,0,2037.79,2076.06,2.74038,81.6346
85,8,0,1883.62,1928.69,26.3221,126.995
85,10,0,1973.91,2010.71,0.396634,65.4808
85,12,3,1253.94,1499.9,91.3702,221.899
85,14,1,298.227,610.158,268.117,502.028
85,18,3,28.1121,415.181,91.1974,262.623
85,34,3,906.49,1058.12,40.0962,148.558
85,36,0,2052.09,2101.75,52.2837,154.832
85,50,0,1973.44,2045.02,146.466,292.284
85,51,3,568.75,794.327,86.3582,198.93
85,63,0,1686.35,1802.88,355.817,599.567
85,71,0,847.728,893.81,26.2139,115.853
86,2,0,1920.97,1955.95,0,64.1466
86,3,0,2035.99,2074.78,2.27163,80.0841
86,8,0,1885.46,1929.93,19.5433,123.678
86,10,0,1969.19,2006.19,0,63.137
86,12,3,1271.15,1518.08,93.5336,224.062
86,14,1,280.157,586.129,274.593,511.898
86,18,3,53.9423,390.673,99.8798,247.716
86,34,3,904.519,1058.56,40.8894,150.938
86,36,0,2050.72,2103.12,50.7692,154.183
86,50,0,1978.73,2048.97,142.284,290.12
86,51,3,559.904,788.558,86.7548,200.553
86,63,0,1691.88,1806.59,347.38,588.389
86,71,0,840.036,886.118,30.9375,120.361
87,2,0,1920.48,1956.44,0.108175,63.137
87,3,0,2035.94,2074.83,2.5601,78.2091
87,8,0,1888.77,1932.76,19.2188,120.974
87,10,0,1970.3,2008.16,0,61.1719
87,12,3,1280.96,1540.58,97.536,225.252
87,14,1,251.604,561.788,283.603,521.516
87,18,3,64.0385,360.192,99.7356,253.053
87,34,3,900,1052.31,43.774,151.659
87,36,0,2050.12,2100.65,50.1562,149.459
87,50,0,1978.65,2052.12,135.505,281.899
87,51,3,540.673,779.327,87.7644,203.726
87,63,0,1691.97,1809.57,337.067,567.548
87,71,0,833.594,880.252,30.8293,122.2
88,2,0,1922,1961.08,0,58.0168
88,3,0,2034.59,2076.18,1.83894,78.4255
88,8,0,1888.65,1935.96,14.8918,119.387
88,10,0,1968.89,2009.57,0,59.7837
88,12,3,1296.35,1565.19,97.2837,227.524
88,14,1,222.968,540.431,288.099,529.841
88,18,3,10.8654,360.481,96.851,261.418
88,34,3,896.731,1052.5,47.2356,154.976
88,36,0,2047.93,2099.76,47.8486,150.325
88,50,0,1978.94,2051.83,132.332,276.13
88,51,3,531.635,771.442,88.7019,204.231
88,63,0,1694.33,1807.21,325.385,555.577
88,71,0,829.495,876.659,30.5409,124.363
89,2,0,1925.34,1963.89,0.883414,57.1334
89,3,0,2033.17,2074.52,1.47837,78.8582
89,8,0,1894.33,1939.52,15.1442,115.962
89,10,0,1967.72,2007.67,0,58.5216
89,12,3,1312.21,1590.87,102.512,231.238
89,14,1,186.581,519.198,297.929,539.656
89,18,3,22.6923,323.077,97.7885,255.865
89,34,3,889.327,1046.06,47.524,156.707
89,36,0,2050.41,2100.36,43.738,148.089
89,50,0,1980.82,2053.03,125.12,268.341
89,51,3,519.231,767.692,90.2885,210.865
89,63,0,1697.98,1809.71,309.952,541.587
89,71,0,819.928,869.303,32.0192,126.346
90,2,0,1924.69,1964.54,0,57.1154
90,3,0,2034.33,2076.44,1.94712,78.3894
90,8,0,1895.99,1940.94,15.6851,113.978
90,10,0,1967.45,2007.93,0,57.9627
90,12,3,1321.63,1609.13,102.656,232.536
90,14,1,153.308,499.512,303.802,554.072
90,18,3,4.61538,246.731,134.135,284.135
90,34,3,888.75,1042.02,52.1394,159.447
90,36,0,2048.49,2099.21,43.7019,148.413
90,50,0,1990.79,2055.36,126.635,259.327
90,51,3,510.673,753.173,91.6947,211.767
90,63,0,1700.29,1813.56,306.202,533.798
90,71,0,814.519,863.942,34.399,126.707
91,2,0,1926.79,1965.52,1.38822,55.2584
91,3,0,2032.07,2072.55,1.64062,65.8233
91,8,0,1895.62,1941.3,11.7187,110.589
91,10,0,1966.9,2008.49,0,55.9075
91,12,3,1331.25,1617.98,100.637,236.575
91,14,1,134.571,478.837,306.285,563.806
91,18,3,2.21154,260.673,121.01,283.99
91,34,3,883.846,1036.15,52.3558,159.952
91,36,0,2047.84,2096.78,39.9159,147.44
91,50,0,1988.94,2054.13,121.37,255.072
91,51,3,497.115,743.654,92.5962,212.308
91,63,0,1701.3,1812.55,302.308,522.115
91,71,0,804.808,855.192,36.274,129.88
92,2,0,1931.63,1969.9,0.108173,53.2572
92,3,0,2029.78,2068.68,2.92067,77.5601
92,8,0,1899.82,1946.33,15.8293,108.498
92,10,0,1966.54,2005.77,0,54.5192
92,12,3,1358.08,1654.23,105.649,239.639
92,14,1,114.975,442.434,328.197,577.019
92,18,3,1.82693,186.058,133.125,281.683
92,34,3,868.942,1037.21,60.1082,163.594
92,36,0,2047.52,2094.01,43.738,145.637
92,50,0,1989.83,2053.25,114.772,248.978
92,51,3,482.115,730.962,95.8053,215.445
92,63,0,1701.59,1806.11,293.149,504.736
92,71,0,798.197,846.418,38.4014,132.8
93,2,0,1933.31,1971.31,2.14543,53.5637
93,3,0,2031.32,2070.22,3.10096,77.6683
93,8,0,1901.51,1947.72,12.2957,103.738
93,10,0,1961.78,2001.3,0.576923,50.3365
93,12,3,1368.27,1671.73,104.171,242.849
93,14,1,91.9867,424.684,329.296,589.376
93,18,3,1.44231,222.596,119.856,282.26
93,34,3,862.452,1029.86,58.9904,165
93,36,0,2046.47,2095.07,38.8341,143.906
93,50,0,1985.38,2048.46,113.005,239.495
93,51,3,465.385,712.308,94.7236,218.834
93,63,0,1702.69,1805,285.865,495.289
93,71,0,792.837,841.01,36.274,133.053
94,2,0,1939.9,1980.1,1.73077,47.9928
94,3,0,2030.02,2071.51,2.09135,65.2644
94,8,0,1903.99,1951.39,10.9255,100.998
94,10,0,1961.78,2001.3,0.576923,50.3365
94,12,3,1392.6,1704.33,109.002,245.805
94,14,1,54.7518,392.112,354.139,609.594
94,18,3,1.44231,222.596,119.856,282.26
94,34,3,861.394,1021.68,58.4135,170.048
94,36,0,2043.8,2094.66,36.4543,142.825
94,50,0,1985.58,2048.27,106.587,232.933
94,51,3,449.808,703.269,96.0216,220.132
94,63,0,1703.27,1804.42,274.399,481.947
94,71,0,782.668,834.255,39.5553,134.82
95,2,0,1945.12,1984.11,2.77644,48.4976
95,3,0,2026.92,2068.46,2.32572,64.9219
95,8,0,1905.22,1953.25,8.97837,96.4543
95,12,3,1410.38,1728.08,109.615,246.635
95,14,1,29.0766,375.112,349.085,617.831
95,34,3,851.202,1016.49,63.101,168.389
95,36,0,2044.42,2094.04,35.2284,141.454
95,50,0,1990.65,2052.43,101.538,228.75
95,51,3,437.308,692.692,97.1394,221.899
95,63,0,1702.55,1805.14,268.846,467.308
95,71,0,778.269,827.885,42.7284,137.704
96,2,0,1944.82,1984.41,2.57812,48.1911
96,3,0,2024.56,2067.75,3.80409,57.2416
96,8,0,1908.58,1956.03,7.89663,96.5264
96,12,3,1424.42,1747.88,109.832,249.014
96,14,1,8.57,348.659,374.461,625.51
96,34,3,855.144,1011.01,58.5937,172.752
96,36,0,2044.06,2094.4,32.8125,138.101
96,50,0,1990.22,2049.78,95.4808,222.404
96,51,3,425.481,685.288,98.7981,223.99
96,63,0,1701.39,1803.22,266.394,460.529
96,71,0,772.284,823.101,45.4327,140.048
97,2,0,1942.98,1989.33,0,46.226
97,3,0,2023.61,2068.7,2.57812,59.0445
97,8,0,1909.9,1957.79,5.01202,96.6707
97,12,3,1453.27,1789.81,112.175,251.863
97,14,1,0,318.86,365.142,644.346
97,34,3,843.702,1007.07,61.7308,176.106
97,36,0,2044.81,2096.73,31.3341,133.666
97,50,0,1991.2,2051.87,88.5216,216.382
97,51,3,404.038,668.269,101.358,225.18
97,63,0,1704.52,1803.17,254.062,450.361
97,71,0,764.375,815.625,44.5312,139.507
97,75,3,1275.38,1403.08,0.43269,78.6779
97,76,0,279.856,366.298,85.5649,179.243
98,2,0,1950.07,1997.62,0,42.1334
98,3,0,2024.17,2065.06,3.24519,57.7284
98,8,0,1911.11,1956.59,4.93991,92.488
98,12,3,1475.77,1810.38,110.589,255.469
98,14,1,0,292.083,347.138,667.434
98,34,3,834.952,1000.43,64.4351,177.873
98,36,0,2044.52,2093.94,29.7476,133.81
98,50,0,1989.57,2050.43,86.7548,212.957
98,51,3,390,660,103.305,226.983
98,63,0,1701.32,1797.14,244.615,441.346
98,71,0,756.274,806.803,47.0913,143.293
98,75,3,1270.1,1400.67,0,82.9327
98,76,0,280.889,365.264,86.7548,179.495
99,2,0,1941.75,1987.48,0,42.2776
99,3,0,2026.85,2065.46,1.67668,57.2776
99,8,0,1911.97,1955.72,3.71394,87.2236
99,12,3,1492.5,1845.96,112.572,261.274
99,14,1,1.48943,243.307,400.498,688.804
99,34,3,826.587,990.337,66.3101,182.055
99,36,0,2038.58,2087.57,25.637,130.709
99,50,0,1982.48,2042.14,81.4183,207.043
99,51,3,366.442,641.25,108.858,229.219
99,63,0,1698,1791.23,240.577,431.538
99,71,0,747.572,793.966,51.274,144.736
99,75,3,1262.5,1386.73,1.37019,85.1683
99,76,0,274.519,361.635,93.8942,177.837
100,2,0,1941.68,1987.55,0,40.1863
100,3,0,2023.32,2062.84,0.378606,51.3281
100,8,0,1911.09,1956.6,3.42548,85.0601
100,12,3,1510.48,1886.44,115.529,261.202
100,14,1,0.691757,214.355,410.355,702.202
100,34,3,814.231,993.461,71.2861,181.695
100,36,0,2038.15,2084.93,28.5577,130.962
100,50,0,1978.63,2039.83,79.6514,203.329
100,51,3,350.769,624.615,110.12,233.726
100,63,0,1696.25,1792.98,239.062,419.784
100,71,0,739.231,788.462,52.9327,148.99
100,75,3,1245.58,1386.73,0,89.7476
100,76,0,274.519,361.635,93.8942,177.837
101,2,0,1940.19,1985.96,0,38.8161
101,3,0,2019.32,2057.61,1.22596,53.9423
101,8,0,1911.74,1955.95,3.17307,82.5
101,12,3,1539.13,1894.71,116.502,262.248
101,14,1,0.691757,214.355,410.355,702.202
101,34,3,805.288,985.481,70.9615,184.471
101,36,0,2034.86,2082.07,28.3413,127.572
101,50,0,1975.77,2036.54,77.9928,199.651
101,51,3,329.808,617.115,111.815,233.762
101,63,0,1697.6,1788.56,234.808,410.192
101,71,0,728.822,781.947,50.3365,149.712
101,75,3,1240.29,1376.63,0,92.3077
101,77,0,1524.23,1641.92,77.7764,192.224
102,2,0,1936.63,1983.37,0,35.643
102,3,0,2018.22,2055.62,0.234375,53.1671
102,8,0,1915.22,1955.55,1.83894,78.6418
102,12,3,1584.04,1942.12,122.019,265.673
102,34,3,792.885,976.346,75.0721,187.139
102,36,0,2034.11,2079.74,28.5216,123.353
102,50,0,1973.32,2032.84,73.0529,193.486
102,51,3,305.481,596.058,115.06,234.555
102,63,0,1693.87,1786.13,227.308,400.385
102,71,0,721.106,772.74,55.0962,153.606
102,75,3,1233.56,1366.44,0,96.2019
102,77,0,1549.81,1662.5,88.6659,199.651
103,2,0,1936.2,1983.8,0,37.482
103,3,0,2019.17,2057.75,0,54.0685
103,8,0,1914.59,1956.18,2.37981,77.2356
103,12,3,1605,1973.46,121.37,272.668
103,34,3,785.865,966.442,75.1082,190.565
103,36,0,2034.64,2079.21,27.6202,123.822
103,50,0,1971.92,2031.15,70.0962,188.365
103,51,3,291.346,580.962,117.476,241.947
103,63,0,1695.41,1781.51,221.683,390.433
103,71,0,710.457,760.312,55.2764,155.156
103,75,3,1224.95,1361.2,0,97.3197
103,77,0,1568.75,1665.1,82.9688,204.483
104,2,0,1936.2,1983.8,0,37.482
104,3,0,2019.04,2054.81,0,47.5962
104,8,0,1916.9,1960.02,2.59616,74.2067
104,10,0,1927.12,1974.42,2.07332,48.1551
104,12,3,1628.94,2004.9,127.103,269.82
104,34,3,776.106,957.74,77.1635,196.01
104,36,0,2033.03,2077.74,24.2308,117.764
104,50,0,1968.12,2025.72,65.5889,178.161
104,51,3,264.135,565.096,114.123,243.281
104,63,0,1697.16,1776.68,209.784,377.236
104,71,0,698.125,749.567,55.7452,157.716
104,75,3,1215.24,1353.99,0,101.178
104,77,0,1597.26,1701.2,85.4207,204.627
105,3,0,2019.04,2054.81,0,47.5962
105,8,0,1916.9,1960.02,2.59616,74.2067
105,10,0,1922.72,1969.59,1.46034,58.0349
105,12,3,1651.35,2050.19,129.519,272.596
105,34,3,765.721,954.279,76.6226,197.704
105,36,0,2028.8,2075.82,31.262,119.603
105,50,0,1962.91,2021.71,63.7139,173.834
105,51,3,245.673,551.25,115.204,245.95
105,63,0,1697.28,1773.49,204.303,373.486
105,71,0,692.212,742.404,55.9976,158.329
105,75,3,1204.57,1349.28,0,107.127
105,77,0,1618,1708.15,81.7789,208.702
106,10,0,1921.3,1967.93,2.32572,56.6286
106,12,3,1710.58,2074.04,131.25,274.615
106,34,3,755.769,945.769,78.8582,201.815
106,36,0,2029.92,2074.7,25.7091,115.06
106,50,2,1959.62,2015.77,60.5769,167.308
106,51,3,237.212,535.096,114.267,248.041
106,63,0,1695.07,1772.62,196.947,366.13
106,71,0,683.413,733.51,56.5385,159.087
106,75,3,1196.44,1338.94,0,108.894
106,77,0,1637.6,1734.71,91.226,210.793
107,10,0,1920.31,1965.84,1.42428,53.5276
107,12,3,1744.42,2117.12,132.548,281.106
107,34,3,740,930.769,84.8437,202.897
107,36,0,2029.62,2071.92,23.8341,113.113
107,50,0,1957.86,2011.37,55.1322,149.531
107,51,3,227.019,504.135,114.303,250.601
107,63,0,1691.06,1767.4,187.5,354.519
107,71,0,668.846,721.923,57.0793,160.565
107,75,3,1185.77,1331.15,0.685097,112.248
107,77,0,1669.86,1763.99,90.2885,215.769
108,10,0,1920.3,1962.78,3.26322,56.4123
108,12,3,1766.15,2147.69,136.298,282.548
108,34,3,735.481,929.135,88.8461,208.269
108,36,0,2030.22,2071.32,23.9062,111.238
108,50,0,1957.86,2011.37,55.1322,149.531
108,51,3,226.827,486.25,124.399,252.332
108,63,0,1688.05,1767.33,183.029,346.298
108,71,0,657.62,711.611,62.1995,167.704
108,75,3,1176.25,1325.29,3.4976,117.007
108,77,0,1687.69,1795.38,91.7308,210
109,10,0,1920.3,1962.78,3.26322,56.4123
109,12,3,1820.58,2194.81,137.308,288.75
109,34,3,720.577,917.885,91.3341,210.397
109,36,0,2028.39,2070.07,22.1034,107.704
109,50,0,1956.01,2007.07,50.9135,137.452
109,51,3,209.327,461.058,127.284,254.928
109,63,0,1686.71,1771.75,171.49,335.625
109,71,0,645.841,698.774,61.7668,173.185
109,75,3,1168.41,1311.59,4.72356,122.055
109,77,0,1723.8,1842.36,98.0769,224.712
110,12,3,1845.58,2231.35,142.5,291.058
110,34,3,712.115,912.5,89.0264,215.012
110,36,0,2028.71,2069.75,24.0505,107.055
110,50,0,1954.74,2002.19,46.226,138.389
110,51,3,214.231,444.231,129.05,253.449
110,63,0,1686.44,1768.94,172.284,330.793
110,71,0,637.885,692.885,62.1995,176.07
110,75,3,1164.66,1304.57,5.04808,124.615
110,77,0,1740.96,1871.35,99.5914,225.793
111,12,3,1875.58,2250.58,145.781,289.796
111,34,3,706.058,906.25,92.3438,218.618
111,36,0,2028.77,2069.69,19.7236,107.344
111,50,0,1951.92,2001.92,44.5312,146.863
111,51,3,221.538,426.538,132.043,251.322
111,63,0,1691.25,1764.13,165.505,325.457
111,71,0,627.115,682.885,65.9856,178.63
111,75,3,1149.38,1302.93,10.3125,126.058
111,77,0,1769.33,1892.21,105.036,233.618
112,10,0,1925.34,1966.97,0.216345,56.6827
112,12,3,1941.54,2332.31,148.053,303.389
112,34,3,683.365,888.942,96.9591,222.656
112,36,0,2026.68,2068.7,15.6851,106.911
112,50,0,1951.08,1996.61,37.3918,144.483
112,51,3,133.269,399.038,130.457,256.947
112,63,0,1693.17,1768.37,156.49,314.567
112,71,0,615.625,668.221,67.6442,180.721
112,75,3,1141.06,1288.17,15.7933,134.784
112,77,0,1807.12,1928.27,104.639,236.322
113,10,0,1925.34,1966.97,0.216345,56.6827
113,12,3,1967.4,2355.67,148.63,302.236
113,34,3,679.712,881.827,101.142,221.935
113,36,0,2022.9,2069.41,9.95192,107.236
113,50,0,1947.97,1996.65,28.9904,138.894
113,51,3,72.4039,372.212,120.361,263.87
113,63,0,1692.07,1769.47,150.505,308.149
113,71,0,605.625,660.529,67.4279,185.986
113,75,3,1128.85,1283.46,15.7572,136.695
113,77,0,1833.03,1960.82,100.637,240.325
114,12,3,2038.85,2416.54,156.635,304.904
114,34,3,667.885,872.115,105.036,228.425
114,36,0,2021.2,2068.03,8.76202,105.757
114,50,2,1947.04,1994.5,29.7836,133.486
114,51,3,59.3269,356.442,125.913,263.221
114,63,0,1695.46,1772.24,143.077,296.538
114,71,0,587.476,645.601,69.5553,189.772
114,75,3,1115.1,1274.13,18.7139,143.546
114,77,0,1873.99,1999.86,104.82,243.065
115,12,3,2062.31,2439.23,158.654,305.192
115,34,3,658.077,861.923,107.452,232.644
115,36,0,2022.91,2069.4,6.67067,104.026
115,50,2,1947.04,1994.5,29.7836,133.486
115,51,3,28.1731,327.019,126.995,276.851
115,63,0,1696.78,1773.99,143.51,292.644
115,71,0,577.909,635.937,71.7548,189.159
115,75,3,1108.89,1266.49,21.4543,147.873
115,77,0,1898.32,2030.91,105.288,247.788
116,12,3,2107.5,2446.35,159.736,308.438
116,34,3,649.712,855.673,107.668,237.909
116,36,0,2023.29,2069.01,6.23798,102.224
116,50,0,1938.85,1990.38,25.637,129.555
116,51,3,28.1731,327.019,126.995,276.851
116,63,0,1699.47,1777.45,137.885,287.596
116,71,0,569.087,626.298,79.5072,190.781
116,75,3,1102.55,1255.91,22.9688,153.57
116,77,0,1928.41,2056.2,123.389,251.034
117,12,3,2165.48,2440.67,166.803,306.274
117,18,3,1.4423,236.25,179.351,289.399
117,34,3,628.077,844.231,111.923,240.865
117,36,0,2022.39,2069.92,5.66106,98.9784
117,50,0,1936.88,1989.28,28.125,123.029
117,63,0,1704.16,1782,134.387,278.69
117,71,0,555.529,613.702,79.9399,196.262
117,75,3,1089.18,1244.66,25.4928,159.7
117,77,0,1968.32,2099.38,111.815,252.224
118,12,3,2199.33,2499.13,170.409,302.668
118,18,3,0.480766,184.519,180.288,289.615
118,34,3,622.596,836.635,114.772,245.517
118,36,0,2022.28,2070.02,4.54327,99.1587
118,50,0,1937.09,1985.99,19.2188,120.108
118,63,0,1706.61,1785.7,129.736,272.957
118,71,0,544.76,603.702,82.8606,200.697
118,75,3,1078.27,1237.12,28.738,164.387
118,77,0,1990.53,2129.47,112.536,253.81
119,12,3,2262.31,2550,169.543,309.88
119,18,3,4.375,178.99,181.37,296.322
119,34,3,611.346,824.039,110.553,252.909
119,36,0,2023.39,2072,5.26442,93.3894
119,50,0,1936.11,1983.89,19.3269,119.567
119,63,0,1712.88,1785.58,122.596,262.212
119,71,0,527.188,590.505,82.8606,200.697
119,75,3,1064.18,1226.59,33.137,170.084
119,77,0,2033.08,2173.08,121.118,261.094
119,80,0,599.567,661.202,60.5409,174.267
120,12,3,2309.04,2558.65,170.481,318.462
120,18,3,4.27884,174.952,177.8,296.142
120,34,3,599.135,814.712,110.12,255.649
120,36,0,2021.81,2070.49,4.97596,94.1827
120,50,0,1935.55,1981.37,17.524,115.168
120,63,0,1716.25,1788.37,119.062,257.668
120,71,0,517.74,579.183,96.2019,204.375
120,75,3,1052.64,1218.12,36.1298,177.043
120,77,0,2064.42,2200.19,125.048,266.394
120,80,0,599.567,661.202,60.5409,174.267
121,12,3,2309.04,2558.65,170.481,318.462
121,18,3,4.27884,174.952,177.8,296.142
121,34,3,573.846,802.308,117.079,259.94
121,36,0,2023.4,2068.91,4.83173,93.8221
121,50,0,1934.86,1978.99,13.5577,109.76
121,63,0,1721.88,1791.97,115.637,250.709
121,71,0,506.971,565.337,96.0577,209.135
121,75,3,1036.06,1213.17,42.2596,181.298
121,77,0,2088.08,2228.85,128.618,266.286
122,18,3,0,141.346,171.094,299.675
122,34,3,570.769,790.769,127.139,262.284
122,36,0,2022.93,2069.38,3.38942,92.5961
122,50,0,1933.58,1977.19,9.30288,107.596
122,63,0,1728.65,1794.42,108.317,246.779
122,71,0,488.173,550.288,92.2356,210.938
122,75,3,1019.71,1200.29,50.1923,183.75
122,77,0,2130.77,2272.31,128.041,272.344
123,18,3,0,141.25,169.651,294.195
123,34,3,557.981,778.942,129.087,265.529
123,36,0,2022.52,2069.78,3.13702,90.9736
123,50,0,1931.89,1975.81,7.39182,106.118
123,63,0,1728.73,1797.43,106.334,241.839
123,71,0,476.611,540.312,96.3101,212.632
123,75,3,1010.72,1192.36,51.5625,189.88
123,76,0,275.337,352.74,78.9664,178.486
123,77,0,2160.67,2303.94,133.63,275.409
123,81,3,1410.19,1532.88,0,30.3696
124,18,3,0,120.577,165.865,299.135
124,34,3,540.481,765.673,132.837,272.163
124,36,0,2025.23,2070.16,3.02885,89.9279
124,50,0,1928.85,1972.69,6.09375,100.637
124,63,0,1734.45,1804.01,106.118,232.825
124,71,0,464.399,530.216,101.538,219.231
124,75,3,992.019,1178.75,57.2596,200.913
124,76,0,275.048,350.337,78.4976,178.81
124,77,0,2206.35,2344.42,139.688,280.312
124,81,3,1410.19,1532.88,0,30.3696
125,18,3,0,86.6586,173.654,302.885
125,34,3,526.635,758.75,133.954,277.68
125,36,0,2022.19,2073.2,1.91106,87.512
125,50,0,1926.72,1974.82,2.99279,98.113
125,63,0,1743.17,1807.6,100.276,226.55
125,71,0,453.389,515.841,104.387,219.844
125,75,3,979.76,1163.32,62.3798,205.601
125,76,0,275.529,349.856,76.8029,179.062
125,77,0,2232.45,2373.7,138.389,281.034
126,18,3,0,86.6586,173.654,302.885
126,34,3,513.846,747.692,139.291,281.286
126,36,0,2024.18,2071.2,1.69471,88.3053
126,50,0,1926.95,1974.59,1.37019,97.7164
126,63,0,1746.83,1810.1,94.363,222.368
126,71,0,445.673,548.942,91.5144,214.255
126,75,3,965.096,1157.98,65.9135,210
126,76,0,275.529,349.856,76.8029,179.062
126,77,0,2263.94,2403.75,140.337,282.26
127,34,3,497.019,729.904,145.06,286.767
127,36,0,2023.99,2071.39,1.40625,88.3053
127,50,0,1926.47,1975.07,1.58654,92.4519
127,63,0,1747.74,1812.26,89.4591,216.599
127,71,0,425.433,496.875,103.738,223.954
127,75,3,942.596,1142.02,70.4567,218.87
127,77,0,2304.47,2437.07,147.8,284.315
128,34,3,482.212,719.327,150.721,294.375
128,36,0,2026.12,2072.34,2.01923,88.125
128,50,0,1926.86,1974.68,1.29807,93.75
128,63,0,1753.08,1819.23,79.8317,213.101
128,71,0,418.678,486.707,102.548,226.01
128,75,3,930.385,1128.08,72.9087,226.803
128,77,0,2335.38,2443.08,151.875,283.413
129,34,3,466.635,704.135,152.019,299.423
129,36,0,2027.81,2073.73,0.865384,83.3654
129,50,0,1927.88,1976.73,0.901444,87.6562
129,63,0,1760.58,1824.04,80.9495,206.214
129,71,0,393.077,465.385,111.202,232.644
129,75,3,911.731,1114.42,79.976,234.159
129,77,0,2335.38,2443.08,151.875,283.413
130,34,3,450.385,692.692,155.841,304.255
130,36,0,2027.98,2076.63,0.432694,83.149
130,50,0,1927.69,1976.92,0.504806,83.0048
130,63,0,1766.68,1827.16,78.2452,203.149
130,71,0,380.312,448.918,110.3,234.123
130,75,3,896.731,1103.27,84.5192,240.288
131,34,3,437.596,681.635,162.296,309.339
131,36,0,2028.27,2076.35,0.0721157,83.5817
131,50,0,1930.94,1976.75,0.324519,81.8149
131,63,0,1768.56,1831.44,75.9375,200.12
131,71,0,369.471,438.221,114.339,237.584
131,75,3,884.904,1088.94,87.2596,248.221
132,34,3,414.712,663.75,162.981,316.731
132,36,0,2030.38,2077.31,0.576925,80.625
132,50,0,1931.92,1975.77,0.50481,78.0289
132,63,0,1772.5,1836.73,72.7644,192.188
132,71,0,364.832,426.707,124.651,249.195
132,75,3,858.173,1067.98,97.2115,257.019
132,76,0,325.264,387.043,110.661,225.397
132,85,4,2224.19,2246.58,1.1899,102.368
133,34,3,404.231,655,168.173,321.058
133,36,0,2032.63,2078.14,1.51442,80.1202
133,50,0,1932.76,1978,0.865384,77.0192
133,63,0,1778.05,1843.49,69.3389,187.103
133,71,0,351.202,412.644,124.724,249.988
133,75,3,843.269,1053.65,101.538,269.135
133,76,0,301.274,369.111,107.344,223.522
133,85,4,2223.21,2247.56,0.649037,101.755
133,86,0,1070.6,1110.94,1.80288,74.5673
134,34,3,383.654,636.346,173.87,328.053
134,36,0,2034.95,2078.89,2.09135,79.976
134,50,0,1934.54,1976.23,2.45193,75.1442
134,63,0,1785.36,1848.49,64.2548,182.236
134,71,0,326.418,393.966,128.546,249.916
134,75,3,817.404,1036.44,106.442,275.481
134,76,0,270.649,335.505,115.312,225.938
134,85,4,2219.77,2244.84,0,98.5096
134,86,0,1060.18,1101.36,1.51442,75.8654
135,34,3,371.154,621.923,182.163,337.356
135,36,0,2035.28,2081.65,1.98317,77.8486
135,50,0,1936.37,1980.55,1.69471,68.0048
135,63,0,1784.47,1852.45,63.2812,179.026
135,71,0,321.106,385.817,127.897,255.469
135,75,3,799.231,1022.31,111.418,282.909
135,76,0,238.894,339.567,111.887,232.825
135,85,4,2221.51,2246.18,0,100.601
135,86,0,1055.43,1096.88,2.90265,75.7752
136,34,3,349.038,610.962,178.125,336.202
136,36,0,2037.86,2082.14,2.1274,77.4159
136,50,0,1937.52,1979.4,2.16346,67.2115
136,63,0,1788.1,1851.9,58.738,172.031
136,71,0,307.885,369.808,134.207,258.101
136,75,3,780.096,1002.98,112.933,291.202
136,76,0,238.894,339.567,111.887,232.825
136,85,4,2223.93,2246.84,0.721153,99.7356
136,86,0,1045.99,1086.32,2.34375,77.4159
136,91,3,1335.58,1469.04,0,54.5733
137,34,3,331.346,589.423,184.543,349.688
137,36,0,2038.65,2081.35,1.33413,76.9832
137,50,0,1940,1980,2.19952,64.399
137,63,0,1793.37,1858.94,52.1034,165.974
137,71,0,290.481,359.519,135.288,262.788
137,75,3,746.058,980.096,123.317,305.625
137,85,4,2223.1,2247.67,0,99.1947
137,86,0,1034.7,1077.61,1.83894,84.8438
137,91,3,1319.9,1457.02,0,57.8005
137,92,0,898.462,955.385,40.024,124.976
138,34,3,310.385,571.154,185.841,356.755
138,36,0,2040.17,2082.91,0.97356,76.7668
138,50,0,1940.87,1979.13,1.26202,62.3798
138,63,0,1796.2,1859.18,50.1202,163.053
138,71,0,269.663,349.952,132.043,269.784
138,75,3,723.654,962.5,124.471,315.433
138,85,4,2221.85,2245.84,0.721153,100.601
138,86,0,1027.79,1072.21,2.27164,86.7188
138,91,3,1317.79,1446.83,0,62.2716
138,92,0,886.659,947.188,42.8365,134.856
138,94,3,2032.69,2158.08,0,25.1052
139,34,3,286.635,562.596,198.317,363.317
139,36,0,2041.01,2088.22,1.37019,76.0817
139,50,0,1943.38,1985.85,0.811298,58.5757
139,63,0,1801.2,1866.49,42.512,157.392
139,71,0,260.601,324.014,145.06,270.901
139,75,3,690.673,946.25,138.029,328.413
139,85,4,2220.96,2246.73,0.252403,100.132
139,86,0,1019.47,1062.07,2.77644,90.5409
139,91,3,1310.1,1431.44,0,63.3714
139,92,0,871.731,931.346,51.7428,148.017
139,94,3,2051.35,2148.65,0,28.9994
140,34,3,270.865,547.596,204.303,368.582
140,36,0,2042.08,2087.15,2.16346,74.5673
140,50,0,1945.24,1987.07,0.522834,59.5493
140,63,0,1805.38,1868.46,42.6202,152.957
140,71,0,251.37,317.091,145.962,272.308
140,75,3,673.75,920.096,143.365,339.231
140,85,4,2218.33,2243.21,0.46875,99.3389
140,86,0,1010.48,1054.13,1.69471,91.7668
140,91,3,1301.2,1429.57,0,64.1827
140,92,0,863.149,919.928,55.4207,151.695
140,94,3,2055.29,2144.71,0,29.9099
141,34,3,249.615,530.385,205.817,375.433
141,36,0,2041.68,2087.55,1.51443,75
141,50,0,1946.13,1986.18,0,57.6743
141,63,0,1811.11,1868.89,39.6274,150.18
141,71,0,224.615,310.385,142.248,277.464
141,75,3,642.788,904.135,145.529,351.49
141,85,4,2220.39,2244.22,0.793269,98.4375
141,86,0,1003.34,1045.89,3.13702,91.0457
141,91,3,1294.04,1422.88,0,66.1478
141,92,0,852.091,910.986,54.4832,158.834
141,94,3,2055.29,2144.71,0,29.9099
142,34,3,227.5,510.962,211.514,388.486
142,36,0,2045.12,2087.19,3.91226,73.3954
142,50,0,1951.56,1989.98,0,56.8269
142,63,0,1813.8,1869.28,35.9856,144.303
142,71,0,218.365,292.404,164.748,285.252
142,75,3,606.442,876.635,157.356,365.337
142,85,4,2220.39,2244.22,0.793269,98.4375
142,86,0,992.38,1032.24,2.37981,95.6971
142,91,3,1285.87,1412.6,0,69.1406
142,92,0,836.947,895.361,56.9712,169.327
143,34,3,221.346,496.731,215.481,392.596
143,36,0,2044.34,2087.97,3.26322,73.3954
143,50,0,1951.01,1990.53,0,55.1683
143,63,0,1816.15,1873.08,32.8125,140.409
143,71,0,216.851,280.841,171.058,289.327
143,75,3,582.308,852.308,164.712,376.442
143,86,0,982.981,1026.25,3.93029,97.3918
143,91,3,1280.24,1408.99,0,73.2873
143,92,0,825.769,883.462,61.4423,174.087
144,34,3,215.385,478.077,224.423,402.692
144,36,0,2051.27,2090.26,2.9387,73.0709
144,50,0,1953.31,1991.31,0,52.8065
144,63,0,1822.43,1876.03,33.2091,133.377
144,71,0,216.851,280.841,171.058,289.327
144,75,3,540.577,819.423,177.26,393.606
144,86,0,973.149,1013,6.09375,101.358
144,91,3,1268.85,1403.46,0,72.2416
144,92,0,805.192,865.577,65.012,178.305
145,34,3,193.365,461.635,226.587,406.298
145,36,0,2051.2,2090.34,2.70433,73.0889
145,50,0,1954.77,1992.92,0,42.7464
145,63,0,1827.21,1877.4,31.0457,130.349
145,75,3,513.926,799.501,179.513,404.595
145,86,0,966.226,1007.62,5.26443,102.981
145,91,3,1258.75,1393.56,0,78.8582
145,92,0,798.221,858.702,67.7163,183.101
146,34,3,181.058,440.865,233.726,414.736
146,36,0,2053.02,2091.6,2.63221,73.3053
146,50,0,1955.84,1991.85,0,42.8726
146,63,0,1829.04,1878.65,28.2332,127.103
146,75,3,482.091,776.845,190.982,421.238
146,86,0,956.154,999.231,10.4567,104.495
146,91,3,1250.29,1394.33,0,78.9303
146,92,0,786.418,847.428,69.8798,188.726
147,34,3,129.808,424.038,241.082,427.572
147,36,0,2055.17,2101.75,4.0024,56.9712
147,50,0,1959.12,1994.72,0,41.1058
147,63,0,1833.08,1883.85,21.851,121.082
147,75,3,435.426,736.581,205.213,435.245
147,86,0,942.031,985.661,17.7764,107.993
147,91,3,1241.15,1386.54,0,84.5192
147,92,0,767.74,830.721,72.8005,194.315
148,34,3,106.538,407.308,248.942,432.981
148,36,0,2058.92,2104.16,3.35336,58.5938
148,50,0,1959.19,1994.65,0,39.1226
148,63,0,1835.7,1884.3,20.4087,116.755
148,75,3,404.257,712.629,214.11,449.31
148,86,0,935.385,975.385,18.7861,110.228
148,91,3,1234.76,1376.01,0,87.7644
148,92,0,755.24,816.298,76.4423,197.885
