45.0,26.0,0.0,1327.85,1540.36,1382.26,1920.0
46.0,26.0,0.0,1327.33,1525.87,1338.89,1920.0
47.0,26.0,0.0,1329.8,1515.81,1296.53,1920.0
48.0,26.0,0.0,1291.35,1529.91,1267.97,1920.0
49.0,26.0,0.0,1302.55,1524.8,1232.13,1920.0
50.0,26.0,0.0,1335.08,1501.69,1192.79,1875.18
51.0,26.0,0.0,1328.26,1505.8,1160.15,1837.22
52.0,26.0,0.0,1335.2,1499.31,1142.3,1790.26
53.0,26.0,0.0,1316.88,1495.46,1123.53,1755.87
54.0,26.0,0.0,1321.04,1496.25,1091.58,1736.39
55.0,26.0,0.0,1329.13,1491.05,1077.34,1697.45
56.0,26.0,0.0,1314.26,1486.71,1068.73,1677.44
57.0,26.0,0.0,1314.42,1479.38,1055.65,1676.97
58.0,26.0,0.0,1309.56,1478.51,1035.24,1651.72
59.0,26.0,0.0,1301.39,1483.66,1033.13,1647.81
60.0,26.0,0.0,1304.6,1475.75,1030.16,1616.11
61.0,26.0,0.0,1311.49,1468.55,1025.18,1614.01
62.0,26.0,0.0,1291.82,1441.53,1007.22,1623.1
63.0,26.0,0.0,1306.22,1480.1,1012.53,1611.21
64.0,26.0,0.0,1301.69,1482.64,1013.86,1610.21
65.0,26.0,0.0,1310.98,1483.85,1010.7,1615.26
66.0,26.0,0.0,1318.25,1486.3,1011.59,1614.97
67.0,26.0,0.0,1323.33,1488.56,1004.62,1621.1
68.0,26.0,0.0,1325.56,1490.79,998.368,1623.95
69.0,26.0,0.0,1329.64,1495.89,1002.33,1617.01
70.0,26.0,0.0,1331.84,1500.34,1002.49,1620.18
71.0,26.0,0.0,1336.28,1496.2,999.429,1628.07
72.0,26.0,0.0,1335.6,1497.99,1002.59,1625.12
73.0,26.0,0.0,1334.09,1493.97,1001.27,1626.24
74.0,26.0,0.0,1332.04,1497.4,1001.85,1623.77
75.0,26.0,0.0,1332.53,1498.91,1002.19,1623.51
76.0,26.0,0.0,1332.17,1500.26,1005.56,1618.44
77.0,26.0,0.0,1335.23,1495.54,1005.03,1622.11
78.0,26.0,0.0,1329.05,1492.48,1006.72,1617.81
79.0,26.0,0.0,1330.23,1484.17,1011.36,1610.04
80.0,26.0,0.0,1324.59,1486.91,1008.06,1610.27
81.0,26.0,0.0,1319.0,1482.99,1016.58,1612.35
82.0,26.0,0.0,1316.96,1478.48,1018.71,1611.58
83.0,26.0,0.0,1313.44,1481.52,1016.82,1609.1
84.0,26.0,0.0,1313.71,1481.55,1015.64,1610.82
85.0,26.0,0.0,1315.68,1482.91,1017.48,1613.25
86.0,26.0,0.0,1318.13,1484.3,1012.8,1617.36
87.0,26.0,0.0,1316.71,1482.75,1016.4,1615.67
88.0,26.0,0.0,1321.07,1483.27,1015.48,1614.75
89.0,26.0,0.0,1320.86,1483.1,1013.1,1614.71
90.0,26.0,0.0,1318.71,1482.06,1013.98,1615.0
91.0,26.0,0.0,1318.31,1483.47,1012.28,1612.72
92.0,26.0,0.0,1317.92,1484.61,1010.24,1610.68
93.0,26.0,0.0,1318.82,1482.53,1014.67,1608.12
94.0,26.0,0.0,1318.63,1481.22,1015.13,1608.29
95.0,26.0,0.0,1318.97,1479.08,1019.34,1607.02
96.0,26.0,0.0,1320.02,1481.39,1018.12,1608.1
97.0,26.0,0.0,1321.23,1486.71,1014.57,1608.01
98.0,26.0,0.0,1323.9,1483.12,1017.79,1607.48
99.0,26.0,0.0,1322.8,1481.82,1019.4,1605.36
100.0,26.0,0.0,1317.51,1483.27,1020.92,1612.63
101.0,26.0,0.0,1318.37,1482.24,1022.97,1608.93
102.0,26.0,0.0,1310.27,1486.42,1015.71,1614.98
103.0,26.0,0.0,1318.93,1485.34,1019.78,1617.88
104.0,26.0,0.0,1316.87,1486.49,1017.96,1623.11
105.0,26.0,0.0,1313.22,1484.79,1017.67,1626.38
106.0,26.0,0.0,1313.48,1484.0,1019.51,1625.55
107.0,26.0,0.0,1313.44,1486.9,1017.66,1627.56
108.0,26.0,0.0,1313.37,1487.21,1017.3,1626.0
109.0,26.0,0.0,1314.7,1486.68,1016.89,1626.19
110.0,26.0,0.0,1317.49,1486.07,1016.87,1625.58
111.0,26.0,0.0,1316.43,1485.63,1017.52,1625.04
112.0,26.0,0.0,1317.21,1483.5,1017.18,1624.99
113.0,26.0,0.0,1315.29,1481.62,1019.05,1624.2
114.0,26.0,0.0,1314.66,1482.75,1019.68,1623.65
115.0,26.0,0.0,1315.79,1483.34,1017.74,1623.48
116.0,26.0,0.0,1315.85,1481.5,1018.6,1623.75
117.0,26.0,0.0,1313.97,1485.88,1016.74,1624.86
118.0,26.0,0.0,1313.89,1487.06,1017.19,1624.12
119.0,26.0,0.0,1315.41,1491.22,1024.34,1620.69
120.0,26.0,0.0,1314.65,1490.97,1028.52,1619.08
121.0,26.0,0.0,1319.57,1491.51,1027.54,1619.82
122.0,26.0,0.0,1318.95,1494.46,1023.86,1621.96
123.0,26.0,0.0,1319.17,1493.44,1023.75,1622.43
124.0,26.0,0.0,1317.61,1492.82,1027.23,1620.09
125.0,26.0,0.0,1318.59,1492.65,1026.65,1621.26
126.0,26.0,0.0,1314.35,1493.37,1026.1,1621.28
127.0,26.0,0.0,1313.48,1483.88,1025.96,1620.57
128.0,26.0,0.0,1305.36,1485.69,1037.26,1638.87
129.0,26.0,0.0,1305.89,1475.12,1035.48,1613.48
130.0,26.0,0.0,1305.31,1486.35,1034.83,1640.58
131.0,26.0,0.0,1272.1,1450.59,1025.06,1624.62
132.0,26.0,0.0,1308.25,1483.29,1038.57,1636.67
133.0,26.0,0.0,1275.45,1453.51,1025.11,1624.97
134.0,26.0,0.0,1304.98,1482.51,1025.66,1622.01
135.0,26.0,0.0,1312.83,1487.61,1019.88,1625.62
136.0,26.0,0.0,1319.3,1489.08,1018.49,1626.31
137.0,26.0,0.0,1320.98,1485.57,1014.36,1625.44
138.0,26.0,0.0,1321.72,1487.08,1014.12,1627.6
139.0,26.0,0.0,1320.25,1491.86,1013.89,1628.57
140.0,26.0,0.0,1322.25,1489.47,1012.88,1631.17
141.0,26.0,0.0,1313.71,1492.12,1012.73,1628.61
142.0,26.0,0.0,1313.0,1489.02,1017.88,1624.8
143.0,26.0,0.0,1318.95,1491.48,1013.07,1628.35
144.0,26.0,0.0,1317.63,1496.38,1015.78,1627.47
145.0,26.0,0.0,1313.92,1495.13,1015.81,1627.49
146.0,26.0,0.0,1317.36,1492.87,1016.43,1626.92
147.0,26.0,0.0,1319.15,1491.39,1020.05,1624.61
148.0,26.0,0.0,1320.96,1489.74,1021.48,1620.75
