2,1,0,2265.52,2438.18,710.552,1098.46
2,2,3,1928.02,2324.75,393.164,745.25
2,3,3,2217.06,2553.76,214.457,510.979
2,4,3,0,238.078,499.747,930.279
2,5,5,540.938,1346.25,306.418,1231.9
2,6,5,0,1040,784.924,1920
2,7,3,1354.77,1667.54,39.8998,259.773
2,10,4,1910.7,1978.53,23.2212,221.538
2,11,3,1709.47,2256.26,986.093,1478.73
2,12,5,142.188,1210,83.0503,657.219
2,13,0,2344.47,2433.99,1.83894,97.2476
3,1,0,2271.28,2432.73,681.341,1058.08
3,2,3,1945.14,2341.97,370.84,713.764
3,3,3,2246.76,2560,194.849,491.907
3,4,3,0,192.891,515.268,980.047
3,5,5,540,1347.5,302.437,1231.09
3,6,5,0,1033.75,784.18,1920
3,7,3,1295.38,1617.37,44.557,266.751
3,10,4,1910.99,1978.25,12.1154,222.981
3,11,3,1716.47,2242.06,940.169,1433.41
3,12,1,78.125,886.875,85.4384,690.919
3,13,0,2344.47,2433.99,1.83894,97.2476
3,16,0,1145.77,1271.15,17.0914,223.918
3,17,3,1723.46,2076.54,2.30769,110.625
4,1,0,2271.05,2437.55,655.159,1022.48
4,2,3,1964.56,2373.18,352.264,692.685
4,3,3,2290.75,2557.52,165.679,465.323
4,4,3,0,160.66,533.246,1009.98
4,5,5,539.062,1351.25,307.548,1232.69
4,6,5,0,1032.5,780.817,1920
4,7,3,1244.27,1572.05,50.8822,276.162
4,10,0,1897.6,1994.71,5.69711,228.678
4,11,3,1716.59,2233.02,899.255,1370.83
4,12,1,42.5,724.375,168.585,682.96
4,13,0,2298.87,2371.9,0,97.7885
4,16,0,1078.85,1207.31,14.1346,233.365
4,17,3,1679.42,2034.42,0.288463,118.413
5,1,0,2273.89,2427.3,623.046,984.265
5,2,3,1989.27,2383.78,329.467,655.651
5,3,3,2332.61,2556.7,150.187,452.514
5,4,3,0.828528,123.054,544.985,1025.57
5,5,5,542.5,1346.25,308.932,1232.39
5,6,5,0.9375,1035,779.791,1920
5,7,3,1190.53,1521.36,61.3089,291.369
5,10,0,1897.6,1994.71,5.69711,228.678
5,11,3,1718.87,2232.03,849.148,1307.77
5,12,1,21.875,690,161.4,696.289
5,13,0,2289.3,2350.7,0,102.26
5,16,0,1010.77,1141.54,29.8558,242.74
5,17,3,1637.12,1981.35,0,121.01
6,1,0,2275.65,2428.06,596.995,953.005
6,2,3,2016.08,2403.91,309.149,633.546
6,3,3,2374.04,2559.46,136.005,431.365
6,4,3,1.44487,77.6336,575.369,1104.09
6,5,5,542.812,1343.75,309.362,1233.49
6,6,5,0,1030,778.259,1920
6,7,3,1141.68,1461.09,75.5333,306.494
6,11,3,1734.28,2220.85,814.837,1270.34
6,12,1,35.625,653.75,192.221,708.854
6,13,0,2232.6,2312.02,0,107.38
6,16,0,943.99,1076.01,51.9231,262.788
6,17,3,1605.1,1988.75,0.973556,132.512
6,18,1,676.591,1171.81,2.59166,209.648
7,1,0,2278.96,2427.04,573.148,923.596
7,2,3,2041.71,2429.72,275.899,600.93
7,3,3,2417.35,2560,128.776,410.747
7,4,3,1.44487,77.6336,575.369,1104.09
7,5,5,546.25,1341.25,308.531,1231.42
7,6,5,0,1033.12,777.8,1920
7,7,3,1086.44,1417.11,80.5147,324.465
7,10,4,1905.58,1980.58,12.6923,222.981
7,11,3,1741.66,2217.77,777.934,1217.27
7,12,1,0,630.237,63.8081,739.796
7,13,0,2209.42,2282.88,1.00962,108.317
7,16,0,874.567,1011.59,67.2115,267.115
7,17,3,1558.71,2006.02,0,159.626
7,18,1,599.715,1121.69,1.30217,226.692
7,19,0,2337.68,2552.73,1332.32,1906.1
8,1,0,2277.71,2427.58,548.565,904.336
8,2,3,2070.95,2451.18,269.242,579.692
8,3,3,2458.32,2560,115.24,388.99
8,5,5,551.875,1342.5,312.001,1229.61
8,6,5,0,1039.38,774.778,1920
8,7,3,1034.98,1364.92,104.203,343.026
8,10,4,1908.94,1977.21,15.9375,223.053
8,11,3,1745.22,2206.91,741.693,1167.62
8,12,1,0,571.281,169.378,763.61
8,13,0,2187.96,2267.43,0,110.589
8,16,0,807.212,938.942,46.0096,280.24
8,17,3,1505.4,1999.59,0,159.383
8,18,1,551.846,1083.11,3.00897,214.459
8,19,0,2322.81,2528.01,1255.55,1808.03
9,1,0,2285.71,2426.7,524.28,861.817
9,2,3,2103.09,2477.97,242.19,562.104
9,3,3,2506.11,2558.51,102.692,377.596
9,5,5,554.375,1342.5,311.704,1227.52
9,6,5,0.3125,1038.75,776.033,1920
9,7,3,983.878,1318.86,101.629,350.603
9,10,0,1896.49,1983.51,17.2356,222.909
9,11,3,1751.99,2203.75,702.692,1136.38
9,12,1,0,553.392,150.118,796.964
9,13,0,2169.33,2246.06,0,108.425
9,16,0,739.087,865.529,57.2596,296.971
9,17,3,1454.66,1958.6,0.73519,159.821
9,18,1,551.846,1083.11,3.00897,214.459
9,19,0,2287.36,2508.64,1183.92,1717.84
10,1,0,2286.34,2430.68,505.372,836.563
10,2,3,2137.7,2513.23,226.678,539.181
10,3,3,2506.11,2558.51,102.692,377.596
10,5,5,555.938,1343.75,303.972,1226.75
10,6,5,0.625,1038.12,771.421,1920
10,7,3,935.161,1269.81,117.672,352.155
10,10,0,1896.49,1983.51,17.2356,222.909
10,11,3,1760.8,2207.11,682.686,1052.21
10,12,1,4.62734,523.966,0,820.215
10,13,0,2144.57,2227.74,2.74038,116.106
10,16,0,666.875,800.048,81.9231,313.846
10,17,3,1412.35,1874.43,0.88043,164.057
10,19,0,2286.26,2468.85,1116.75,1631.72
11,1,0,2298.3,2442.85,476.309,813.99
11,2,3,2171.44,2539.97,214.409,509.128
11,5,5,555.312,1343.75,308.365,1235.55
11,6,5,3.75,1041.25,774.665,1920
11,7,3,883.738,1218.88,131.501,364.784
11,10,4,1897.02,1967.6,19.4711,224.567
11,11,3,1764.7,2198.73,649.089,1009.17
11,12,1,0,490.931,251.496,835.658
11,13,0,2132.16,2209.38,0.108172,118.522
11,16,0,599.327,727.596,89.9279,328.63
11,17,3,1397.49,1776.24,0.0141478,172.195
11,19,0,2253.16,2444.98,1055.49,1556.45
12,1,0,2309.33,2454.65,460.257,781.415
12,2,3,2209.89,2555.17,200.829,487.248
12,5,5,561.25,1340,304.409,1236.81
12,6,5,5.9375,1046.25,775.733,1920
12,7,3,833.234,1170.68,136.516,377.168
12,10,4,1897.79,1966.83,19.1106,226.226
12,11,3,1775.17,2197.85,621.806,971.921
12,12,1,0,472.96,262.952,852.847
12,13,0,2096.73,2198.65,0,133.233
12,16,0,526.779,669.375,110.481,344.712
12,17,3,1350.65,1754.03,4.78133,173.302
12,18,1,0,1442.5,9.05641,241.495
12,19,0,2241.56,2422.95,1004.02,1483.43
12,24,3,2344.9,2559.71,3.33534,58.3954
13,1,0,2321.86,2456.5,444.117,756.993
13,2,3,2240.82,2560,172.097,471.997
13,5,5,559.062,1341.25,309.347,1236.87
13,6,5,4.0625,1043.75,774.866,1920
13,7,3,785.626,1118.08,155.215,380.083
13,10,4,1893.94,1964.52,18.3894,227.524
13,11,3,1783.04,2199.27,588.544,942.873
13,12,1,0,500.025,230.06,886.691
13,13,0,2083.85,2180.77,0,174.591
13,16,0,461.827,594.327,132.043,355.168
13,17,3,1329.21,1708.8,6.21889,184.822
13,18,1,0,1445,14.753,240.04
13,19,0,2231.3,2402.45,946.693,1409.55
13,24,3,2314.42,2547.12,1.1899,63.0289
14,1,0,2332.36,2473.9,428.812,737.215
14,2,3,2279.19,2558.97,166.933,450.077
14,5,5,556.25,1340,306.483,1236.27
14,6,5,4.6875,1042.5,774.228,1920
14,7,3,735.771,1069.12,164.41,397.381
14,10,4,1889.81,1959.42,17.8846,225
14,11,3,1787.75,2203.73,557.259,906.095
14,12,1,4.24692,467.399,54.3071,912.39
14,13,0,2075.19,2164.81,0.649037,176.034
14,16,0,393.99,522.933,141.779,384.375
14,17,3,1291.03,1675.18,4.45182,196.815
14,18,1,13.75,1321.25,0,312.81
14,19,0,2219.21,2377.35,899.291,1352.64
14,24,3,2300.87,2557.6,0,68.4916
15,1,0,2356.31,2486.6,404.004,711.729
15,2,3,2317.55,2559.61,146.956,427.554
15,5,5,557.5,1342.5,312.221,1234.1
15,6,5,6.25,1043.12,763.476,1920
15,7,3,679.402,1019.57,178.81,434.32
15,10,4,1892.31,1956.92,22.5,221.394
15,11,3,1799.92,2203,538.02,878.525
15,12,1,0,494.24,119.446,964.639
15,13,0,2050.19,2146.73,0,191.178
15,16,0,393.99,522.933,141.779,384.375
15,17,3,1253.29,1625.35,8.28024,200.549
15,18,5,0,1406.25,27.5349,249.871
15,19,0,2206.03,2363.7,854.043,1290.02
15,24,3,2223.85,2557.69,0.612981,87.8005
16,1,0,2373.01,2505.75,382.376,691.532
16,2,3,2356.33,2557.29,138.706,417.053
16,5,5,558.125,1340,311.233,1235.81
16,6,5,6.25,1041.88,766.734,1920
16,7,3,626.657,974.471,197.655,474.957
16,10,4,1892.04,1954.11,21.3461,222.692
16,11,3,1811.39,2210.6,515.223,846.058
16,12,1,0,459.697,255.274,989.59
16,13,0,2039.04,2130.19,0.649037,186.995
16,17,3,1217.7,1614.34,5.5157,208.865
16,18,5,29.375,1305,0,335.662
16,19,0,2195.47,2350.4,809.192,1236.01
16,24,3,2199.23,2551.54,0.829325,92.9928
16,29,0,1049.83,1144.01,0,161.899
16,30,0,920.192,1030.58,28.8461,251.25
17,1,0,2386.06,2532.45,364.153,662.41
17,2,3,2395.93,2560,125.739,395.851
17,5,5,565,1340,308.773,1234.03
17,6,5,8.125,1039.38,762.826,1920
17,7,3,578.139,924.766,208.324,489.718
17,10,4,1882.76,1948,22.5721,223.918
17,11,3,1829.37,2218.05,487.487,808.928
17,12,1,0,459.697,255.274,989.59
17,13,0,2029.13,2121.63,0,193.774
17,17,3,1171.71,1560.2,4.38375,217.284
17,18,5,29.375,1305,0,335.662
17,19,0,2178.63,2334.43,772.623,1177.02
17,24,3,2153.46,2517.31,0,98.3293
17,29,0,973.269,1082.12,0,167.524
17,30,0,870.481,981.827,54.0144,260.409
18,1,0,2412.27,2551.96,352.037,639.78
18,2,3,2435.14,2560,114.952,376.875
18,5,5,563.438,1340,309.45,1235.27
18,6,5,7.8125,1037.5,763.144,1920
18,7,3,523.503,876.45,212.204,504.843
18,10,4,1882.76,1948,22.5721,223.918
18,11,3,1840.36,2217.72,464.341,783.164
18,13,0,2020.17,2105.99,0,189.014
18,17,3,1148.92,1513.78,9.25038,230.713
18,19,0,2175.36,2325.34,729.152,1125.87
18,24,3,2119.52,2471.25,0,103.197
18,29,0,936.178,1019.21,0.504806,176.611
18,30,0,816.731,929.423,73.2692,274.327
18,31,3,1773.75,2542.5,1482.29,1920
19,1,0,2443.94,2556.06,319.615,623.077
19,2,3,2480.22,2559.78,94.5433,374.495
19,5,5,555.625,1342.5,313.17,1235.72
19,6,5,9.0625,1037.5,758.416,1920
19,7,3,464.577,840.012,234.453,519.547
19,10,4,1875.24,1937.07,25.024,225.361
19,11,3,1858.82,2227.44,442.134,754.408
19,13,0,2012.69,2095,0.865381,190.817
19,17,3,1112.54,1468.43,7.08836,239.775
19,19,0,2178.07,2309.07,696.216,1083.82
19,24,3,2087.69,2395.38,0,106.37
19,29,0,885.385,966.923,2.8125,186.995
19,30,0,769.038,883.269,99.8798,282.043
19,31,3,1778.75,2537.5,1391.95,1920
20,1,0,2467.09,2560,322.716,599.207
20,2,3,2523.57,2559.51,66.7789,352.067
20,5,5,551.562,1340,314.235,1234.76
20,6,5,7.5,1039.38,759.142,1920
20,7,3,422.908,782.903,255.366,539.799
20,10,4,1868.85,1934.23,26.3942,226.298
20,11,3,1872.52,2236.14,421.132,718.743
20,13,0,2008.25,2093.29,7.21154,200.192
20,17,3,1078.25,1434.4,6.97097,249.23
20,19,0,2174.2,2308.11,658.05,1042.75
20,24,3,2063.37,2318.17,0.721153,100.817
20,29,0,828.942,914.135,2.95673,200.264
20,30,0,726.394,825.144,107.885,295.673
20,31,3,1790,2517.5,1314.66,1916.53
21,1,0,2492.07,2560,287.74,586.298
21,2,3,2523.57,2559.51,66.7789,352.067
21,5,5,549.375,1340,312.305,1238.35
21,6,5,5.625,1038.12,759.431,1920
21,7,3,380.886,741.409,272,544.769
21,10,4,1859.76,1931.01,26.9712,228.029
21,11,3,1888.56,2252.97,395.553,690.344
21,13,0,2003.7,2091.68,12.9808,213.462
21,17,3,1049.69,1391.11,17.0135,259.08
21,19,0,2176.98,2301.01,623.36,995.773
21,24,3,2048.27,2314.81,0.612981,105.325
21,29,0,828.942,914.135,2.95673,200.264
21,30,2,669.038,762.5,104.712,306.058
21,31,3,1795.94,2481.86,1234.9,1910.81
22,1,0,2523.65,2559.42,269.279,569.567
22,5,5,556.875,1340,307.415,1236.75
22,6,5,3.75,1036.88,762.098,1920
22,7,3,388.653,688.152,284.812,574.848
22,10,4,1862.28,1922.33,27.6202,221.899
22,11,3,1905.93,2268.4,376.737,651.009
22,13,0,2004.4,2090.99,13.9904,213.894
22,17,3,1012.57,1362.17,30.9953,270.388
22,19,0,2168.89,2310.02,594.253,957.995
22,24,3,2030,2339.23,0,105.938
22,29,0,701.779,793.606,28.9904,228.029
22,30,2,669.038,762.5,104.712,306.058
22,31,3,1796.21,2446.89,1163.57,1824.46
23,1,0,2523.65,2559.42,269.279,569.567
23,5,5,556.562,1343.75,308.912,1234.85
23,6,5,5.9375,1035,760.73,1920
23,7,3,265.769,655.018,293.509,605.326
23,10,4,1862.28,1922.33,27.6202,221.899
23,11,3,1927.84,2279.93,354.616,636.492
23,13,0,2006.18,2089.21,22.8606,205.024
23,17,3,975.666,1333.38,30.817,281.285
23,19,0,2172.44,2302.36,570.355,914.529
23,24,3,1970.38,2315.77,0.288463,114.519
23,29,0,701.779,793.606,28.9904,228.029
23,30,0,576.202,675.337,131.394,333.029
23,31,3,1792.69,2434.53,1093.42,1735.62
24,5,5,561.562,1343.75,312.717,1231.45
24,6,5,4.6875,1037.5,766.915,1920
24,7,3,220.476,601.451,311.333,628.913
24,11,3,1956.06,2295.73,334.406,612.013
24,13,0,2010,2094.62,19.399,209.928
24,17,3,943.758,1302.88,55.387,287.648
24,19,0,2172.08,2306.72,544.297,883.466
24,24,3,1962.21,2302.4,2.16346,109.038
24,30,0,527.764,622.236,144.663,347.163
24,31,3,1803.63,2413.69,1046.72,1645.06
25,5,5,563.438,1345,313.339,1233.87
25,6,5,4.6875,1037.5,768.531,1920
25,7,3,179.061,553.855,321.556,647.063
25,11,3,1979.85,2320.19,321.067,583.796
25,13,0,2015.41,2098.44,21.3462,217.644
25,17,3,908.842,1267.52,73.493,306.919
25,19,0,2177.42,2302.73,516.56,845.214
25,24,3,1977.98,2289.71,1.76682,117.8
25,30,2,478.365,580.096,142.139,357.188
25,31,3,1809.85,2397.97,979.758,1572.11
26,5,5,563.438,1345,308.296,1229.84
26,6,5,5.625,1035.62,765.016,1920
26,7,3,127.659,514.35,337.317,675.007
26,11,3,2000.13,2345.83,301.868,565.497
26,13,0,2024.21,2120.41,32.2356,221.899
26,17,3,875.411,1234.88,61.0637,325.062
26,19,0,2183.66,2310.38,494.011,817.016
26,24,3,1896.83,2213.94,0,131.358
26,30,2,478.365,580.096,142.139,357.188
26,31,3,1812.18,2388.94,922.73,1497.84
27,5,5,558.438,1347.5,310.258,1231.01
27,6,5,5.625,1036.25,765.364,1920
27,7,3,85.3689,460.437,380.893,691.494
27,10,4,1849.64,1907.28,31.0096,222.692
27,11,3,2033.35,2360.57,279.134,546.179
27,13,0,2036.61,2129.54,29.9279,225.938
27,17,3,838.645,1201.91,78.5916,326.278
27,19,0,2192.27,2320.74,462.782,782.844
27,24,3,1875.96,2237.88,1.44231,123.029
27,31,3,1817.76,2371.13,887.291,1417.56
27,41,0,2313.28,2558.3,1548.23,1918.43
28,5,5,561.25,1347.5,306.824,1232.31
28,6,5,6.5625,1038.75,760.289,1920
28,7,3,33.6146,434.239,388.871,723.933
28,10,4,1845.99,1907.86,32.0192,228.75
28,11,3,2061.97,2383.02,259.67,521.663
28,13,0,2038.37,2149.33,22.6442,227.74
28,17,3,798.848,1179.92,67.9449,350.233
28,19,0,2206.67,2332.84,446.494,753.994
28,24,3,1873.65,2200.19,0,142.644
28,31,3,1833.92,2373.55,846.881,1348.5
28,41,0,2266.89,2552.81,1470.12,1916.55
29,5,5,552.812,1347.5,311.04,1231.12
29,6,5,5.625,1040,767.631,1920
29,7,3,0,374.817,412.743,741.485
29,10,4,1825,1907.31,36.6346,222.26
29,11,3,2090.42,2415.73,245.689,504.345
29,13,0,2030.87,2175.29,22.7885,230.192
29,17,3,762.775,1142.08,94.6927,370.341
29,19,0,2217.79,2347.33,430.467,729.746
29,24,3,1798.24,2193.62,0,165.61
29,31,3,1834.1,2356.87,797.063,1307.2
29,41,0,2250.34,2524.37,1391.63,1920
30,5,5,558.75,1347.5,309.671,1231.55
30,6,5,4.375,1041.25,765.853,1920
30,7,3,0,337.807,427.573,767.343
30,10,4,1835.48,1893.75,27.1875,221.034
30,11,3,2129.75,2440.16,233.256,481.184
30,13,0,2043.61,2196.39,24.3029,231.707
30,17,3,729.239,1108.91,96.3526,386.219
30,19,0,2235.98,2369.3,393.921,701.045
30,24,3,1766.4,2154.6,0,169.746
30,31,3,1835.59,2348.63,758.396,1245.17
30,41,0,2209.61,2502.9,1326.5,1895.11
31,5,5,561.25,1346.25,307.684,1229.79
31,6,5,4.6875,1042.5,765.276,1920
31,7,3,0,294.813,442.416,793.549
31,10,4,1830.7,1895.46,28.6298,223.341
31,11,3,2164.02,2476.86,216.092,468.294
31,13,0,2051.64,2215.91,8.74504,244.859
31,17,3,697.478,1080.5,104.05,396.012
31,19,0,2260.21,2399.22,383.16,669.781
31,24,3,1734.66,2138.23,0,168.309
31,31,3,1848.59,2336.35,718.38,1188.92
31,41,0,2189.01,2452.03,1247.2,1801.57
31,48,0,1038.12,1138.8,28.4856,215.986
31,50,3,2413.17,2560,0,55.3846
32,5,5,562.188,1343.75,307.21,1230.21
32,6,5,6.5625,1040,764.603,1920
32,7,3,0,251.802,468.129,824.476
32,10,4,1832.64,1893.51,18.101,223.486
32,11,3,2191.52,2511.32,193.607,450.72
32,13,0,2057.88,2239.89,12.873,240.497
32,17,3,655.897,1043.44,122.649,406.458
32,19,0,2286.54,2429.5,353.24,647.915
32,24,3,1698.11,2109.69,0,176.874
32,31,3,1844.49,2340.77,679.667,1155.63
32,41,0,2175.42,2429.48,1179.9,1714.08
32,48,0,1038.12,1138.8,28.4856,215.986
32,50,3,2413.17,2560,0,55.3846
33,5,5,564.062,1346.25,308.76,1232.21
33,6,5,6.5625,1036.25,760.095,1920
33,7,3,0,206.97,487.759,854.779
33,10,4,1833.87,1892.28,22.7164,222.62
33,11,3,2227.09,2554.31,184.205,433.636
33,13,0,2065.83,2258.73,19.1012,245.727
33,17,3,616.221,1006.09,117.629,429.522
33,19,0,2309.69,2456.51,344.236,628.211
33,24,3,1674.34,2077.91,0,183.741
33,31,3,1854.19,2328.09,646.047,1104.45
33,41,0,2159.12,2399.32,1123.71,1641.58
34,5,5,560.938,1348.75,309.158,1232.95
34,6,5,6.875,1037.5,759.711,1920
34,7,3,0,163.286,504.338,885.07
34,10,4,1829.25,1887.67,25.0962,223.558
34,11,3,2273.52,2554.46,165.397,412.6
34,13,0,2088.86,2278.21,21.0548,243.297
34,17,3,579.09,963.897,132.421,440.606
34,19,0,2346.69,2491.48,315.448,603.051
34,24,3,1641.56,2054.3,0.338666,178.506
34,31,3,1859.86,2333.65,616.164,1061.88
34,41,0,2143.9,2394.13,1068.89,1577.98
34,55,0,1219.66,1318.8,20.4087,215.697
35,5,5,548.125,1345,316.253,1233.98
35,6,5,5.625,1041.88,761.127,1920
35,7,3,0,120.43,535.496,917.346
35,10,4,1829.42,1884.42,19.4711,222.548
35,11,3,2306.86,2558.94,149.11,402.671
35,13,0,2096.62,2294.18,24.7941,240.831
35,17,3,539.831,924.967,149.117,457.715
35,19,0,2386.09,2528.01,291.417,583.513
35,24,3,1603.84,2026.16,0,186.816
35,31,3,1877.79,2323.36,581.03,1025.98
35,41,0,2122.74,2368.73,1016.67,1509.13
35,55,0,1163.32,1264.37,27.7644,233.438
35,56,0,428.606,546.779,137.236,352.572
35,57,0,2193.91,2433.18,1387.66,1920
36,5,5,547.188,1345,315.03,1232.75
36,6,5,5.625,1041.88,762.198,1920
36,7,3,0,83.0163,551.41,972.535
36,10,4,1829.25,1887.67,19.4711,222.548
36,11,3,2347.37,2560,135.387,385.688
36,13,0,2103.72,2313.4,23.6002,243.683
36,17,3,495.091,876.344,160.924,480.213
36,19,0,2414.1,2557.24,274.968,562.01
36,24,3,1568.14,2002.99,0,194.67
36,31,3,1880.85,2329.32,552.153,986.266
36,41,0,2113.8,2338.46,969.457,1421.26
36,55,0,1104.81,1213.65,29.9279,242.957
36,56,0,383.462,491.923,154.832,375.649
36,57,0,2166.53,2399.37,1309.31,1892.41
36,59,3,2230,2554.62,0,100.962
37,5,5,548.438,1346.25,315.234,1229.49
37,6,5,4.0625,1045,761.842,1920
37,7,3,0,83.0163,551.41,972.535
37,10,4,1831.97,1888.03,21.7067,220.745
37,11,3,2385.99,2560,132.147,379.592
37,13,0,2112.13,2322.48,20.0589,246.574
37,17,3,449.162,845.7,187.981,494.552
37,19,0,2457.36,2558.03,258.75,534.519
37,24,3,1549.95,1946.68,1.0981,204.299
37,31,3,1896.11,2326.18,531.642,971.839
37,41,0,2107.27,2337.73,924.663,1348.47
37,55,0,1048.94,1158.75,66.7788,271.01
37,56,0,383.462,491.923,154.832,375.649
37,57,0,2139.74,2364.31,1234.49,1790.49
37,59,3,2217.21,2530.48,1.76683,101.502
38,5,5,547.5,1346.25,314.137,1228.17
38,6,5,5.625,1050.62,767.357,1920
38,10,4,1828.65,1891.35,17.1635,223.125
38,11,3,2427.79,2559.9,114.375,358.125
38,13,0,2120.38,2353.46,36.7067,240.505
38,17,3,361.861,811.28,206.222,513.242
38,19,0,2500.22,2558.25,236.971,536.106
38,24,3,1516.07,1947.22,0.696001,210.04
38,31,3,1903.87,2335.44,506.761,901.657
38,41,0,2106.24,2314.88,880.34,1287.36
38,55,0,987.74,1103.03,75.5048,271.803
38,57,0,2125.55,2342.15,1175.17,1705.96
38,59,3,2174.13,2493.56,0.0721157,109.327
39,5,5,550,1348.75,314.716,1229.2
39,6,5,5.3125,1051.25,768.295,1920
39,10,4,1828.65,1891.35,17.1635,223.125
39,11,3,2470.43,2557.26,103.341,357.62
39,13,0,2138.71,2371,23.7146,244.12
39,17,3,349.48,769.383,213.077,537.316
39,19,0,2500.22,2558.25,236.971,536.106
39,24,3,1488.22,1926.59,0.16413,207.575
39,31,3,1919.67,2342.42,477.658,875.165
39,41,0,2096.28,2307.53,834.262,1216.51
39,55,0,932.26,1047.74,94.3269,285.577
39,57,0,2106.35,2319.28,1102.7,1629.23
39,59,3,2145.96,2454.04,0,102.512
40,5,5,552.5,1348.75,317.288,1230.65
40,6,5,5.3125,1048.75,764.468,1920
40,11,3,2518.09,2558.83,67.5721,343.197
40,13,0,2153.27,2391.35,42.3317,235.457
40,17,3,359.265,732.962,235.227,552.458
40,24,3,1456.11,1875.7,0,214.509
40,31,3,1930.72,2343.35,460.649,830.263
40,41,0,2088.8,2311.79,796.889,1163
40,55,0,881.346,998.654,96.9231,301.731
40,57,0,2096.22,2290.21,1050.47,1559.19
40,59,3,2111.54,2439.23,0.396634,113.546
41,5,5,548.125,1347.5,314.932,1232.43
41,6,5,3.125,1051.25,765.472,1920
41,10,4,1831.66,1888.34,21.2019,226.01
41,11,3,2518.09,2558.83,67.5721,343.197
41,13,0,2187.88,2404.38,20.809,253.036
41,17,3,240.032,697.379,245.845,602.952
41,24,3,1422.48,1889.29,0,217.642
41,31,3,1944.89,2358.36,434.171,808.417
41,41,0,2085.65,2305,759.434,1109.78
41,55,0,822.5,937.5,104.712,322.788
41,56,0,119.76,235.625,233.51,473.798
41,57,0,2079.99,2280.66,990.865,1485.62
41,59,3,2082.5,2409.81,0,107.272
42,5,5,545,1348.75,317.325,1232.47
42,6,5,3.4375,1047.5,767.13,1920
42,10,4,1828.25,1894.83,21.851,229.399
42,13,0,2207.54,2428.64,21.493,243.735
42,17,3,221.197,664.689,260.86,618.316
42,24,3,1394.18,1838.17,1.54388,224.716
42,31,3,1967.8,2372.06,418.798,777.303
42,41,0,2087.79,2300.57,726.26,1068.63
42,55,0,768.99,880.24,115.096,338.654
42,56,0,60.4808,182.212,241.587,504.375
42,57,0,2077.45,2276.92,929.307,1427.58
42,59,3,2040.87,2356.06,0.288463,112.212
43,5,5,548.438,1345,318.53,1231
43,6,5,1.875,1045,770.765,1920
43,10,4,1827.07,1892.93,19.6875,229.111
43,13,0,2237.5,2450.44,17.5753,242.327
43,17,3,175.99,622.238,285.745,647.415
43,24,3,1368.47,1773.71,0,233.578
43,31,3,1990.68,2381.07,396.905,749.335
43,41,0,2103.85,2293.94,690.232,1025.35
43,55,0,706.683,824.856,119.856,351.779
43,56,0,3.99038,124.76,251.899,529.255
43,57,0,2077.19,2278.99,885.423,1365.89
43,59,3,2010.96,2284.42,0,117.692
44,5,5,548.75,1348.75,318.027,1229.39
44,6,5,1.5625,1046.25,770.993,1920
44,10,4,1824.35,1892.57,19.8317,224.784
44,13,0,2255.57,2491.23,12.1408,243.011
44,17,3,129.675,577.246,294.067,674.392
44,24,3,1334.47,1749.53,2.00028,240.408
44,31,3,2008.7,2393.98,373.788,723.305
44,41,0,2108.05,2305.56,663.747,983.809
44,55,0,643.798,772.356,142.5,366.346
44,56,0,1.08173,66.0337,268.558,578.365
44,57,0,2073.98,2275.98,846.868,1311.42
44,59,3,1981.35,2286.35,0.108172,117.44
45,5,5,556.875,1345,313.232,1229.72
45,6,5,2.5,1043.75,769.133,1920
45,10,4,1827.55,1886.3,19.7596,227.019
45,13,0,2289.13,2510.87,33.8942,241.875
45,17,3,75.0285,539.336,319.036,695.941
45,24,3,1305.9,1723.88,2.55844,245.632
45,31,3,2029.68,2408.62,356.915,700.426
45,41,0,2111.61,2306.55,637.391,939.385
45,55,0,587.404,715.673,155.409,382.861
45,56,0,1.08173,66.0337,268.558,578.365
45,57,0,2078.76,2272.79,813.642,1264.34
45,59,3,1946.15,2269.23,0,123.389
46,5,5,564.062,1342.5,308.925,1231.03
46,6,5,3.125,1043.75,770.717,1920
46,10,4,1829.09,1890.91,22.7885,225.865
46,13,0,2332.91,2548.98,20.3315,240.199
46,17,3,25.1777,494.758,351.765,727.383
46,24,3,1267.33,1678.06,0.780988,256.891
46,31,3,2046.93,2424.66,334.306,679.414
46,41,0,2125.71,2307.9,606.071,909.84
46,55,0,525.385,652.308,163.99,402.837
46,57,0,2078.45,2273.24,781.514,1212.94
46,59,3,1911.06,2242.79,0,133.63
47,5,5,561.562,1345,311.683,1236.15
47,6,5,3.75,1041.25,768.86,1920
47,10,4,1826.35,1893.65,23.2212,223.558
47,13,0,2358.32,2557.31,16.1296,237.181
47,17,3,1.02903,452.771,369.211,742.727
47,24,3,1241.15,1644.43,3.22815,268.389
47,31,3,2072.86,2442.75,314.724,641.147
47,41,0,2131.65,2320.45,588.114,850.491
47,55,0,467.212,598.173,180.216,424.399
47,57,0,2087.93,2280.82,744.419,1167.09
47,59,3,1878.27,2195.58,0,142.788
48,5,5,557.5,1346.25,314.299,1235.5
48,6,5,3.4375,1040,767.826,1920
48,10,4,1824.3,1889.54,25.2404,221.683
48,13,0,2412.5,2559.81,36.9952,239.351
48,17,3,0,426.586,382.483,772.112
48,24,3,1208.66,1606.7,2.9919,281.006
48,31,3,2094.27,2466.78,300.206,618.096
48,41,0,2141.23,2320.55,558.988,835.843
48,55,0,403.606,539.471,194.784,437.524
48,57,0,2104.3,2279.21,713.915,1123.18
48,59,3,1854.23,2167.31,1.94712,149.207
48,61,3,2294.71,2508.37,0,87.2236
49,5,5,556.562,1345,311.581,1235.94
49,6,5,4.0625,1038.75,766.554,1920
49,10,4,1823.32,1890.53,27.4039,219.808
49,13,0,2455.29,2560,30.2885,236.538
49,17,3,6.20501,336.105,403.695,814.712
49,24,3,1165.24,1573.46,17.1141,286.5
49,31,3,2118.7,2485.53,275.742,592.547
49,41,0,2154.76,2328.9,532.014,826.401
49,55,0,354.856,482.067,212.452,469.471
49,57,0,2107.34,2294.04,680.006,1077.46
49,59,3,1831.35,2131.73,0,153.894
49,61,3,2255.1,2538.75,0,96.851
50,5,5,556.25,1346.25,313.894,1234.31
50,6,5,2.8125,1036.25,767.115,1920
50,10,4,1832.5,1887.5,27.1875,222.332
50,13,0,2455.29,2560,30.2885,236.538
50,17,3,0,319.566,430.683,845.937
50,24,3,1130.23,1546.46,20.1273,295.742
50,31,3,2140.45,2515.15,259.89,574.575
50,41,0,2160.73,2334.66,515.667,773.158
50,55,0,354.856,482.067,212.452,469.471
50,57,0,2131.04,2282.48,649.517,1039.33
50,59,3,1780.38,2090.38,1.875,154.471
50,61,3,2226.92,2520.77,0,99.1226
50,63,0,1565.82,1658.8,0,90.9736
51,5,5,555.312,1346.25,312.435,1235.66
51,6,5,4.0625,1036.25,765.23,1920
51,10,0,1822.12,1894.81,25.8173,222.548
51,17,3,0,282.922,458.619,885.801
51,24,3,1095.54,1506.61,16.7465,308.352
51,31,3,2172.54,2532.27,240.379,556.604
51,41,0,2169.72,2345.96,483.62,743.067
51,57,0,2138.42,2289.79,625.385,1008.12
51,59,3,1741.92,2067.31,0.432694,160.096
51,61,3,2184.23,2483.46,0.324519,99.988
51,63,0,1536.01,1620.91,0,98.2572
52,5,5,555,1345,309.975,1236.14
52,6,5,4.375,1035.62,764.487,1920
52,10,4,1827.43,1886.42,28.8462,219.231
52,17,3,0,228.978,468.837,911.575
52,24,3,1059.59,1475.61,27.8415,320.552
52,31,3,2193.87,2558.64,227.675,544.867
52,41,0,2197.15,2363.72,460.849,741.926
52,57,0,2154.98,2294.06,600.402,975.278
52,59,3,1717.5,2008.65,10.6731,164.279
52,61,3,2153.85,2440,0.108175,104.243
52,63,0,1493.89,1576.88,1.1899,98.4736
53,5,5,557.5,1342.5,310.123,1234.7
53,6,5,5,1037.5,765.071,1920
53,10,4,1827.24,1883.53,24.4471,219.303
53,17,3,0,228.978,468.837,911.575
53,24,3,1016.18,1433.18,40.8845,326.187
53,31,3,2226.43,2556.45,210.34,512.637
53,41,0,2204.62,2379.15,448.89,691.668
53,55,0,87.5,232.5,288.245,537.909
53,57,0,2156.99,2320.7,574.493,945.228
53,59,3,1686.15,1984.62,12.6923,163.413
53,61,3,2124.33,2324.9,0,96.6346
53,63,0,1442.79,1529.52,0,112.68
54,5,5,558.438,1341.25,308.592,1233.96
54,6,5,4.0625,1038.75,761.879,1920
54,10,0,1819.23,1894.62,27.476,221.322
54,9,3,772.019,1176.67,1.96564,174.23
54,24,3,977.545,1395.76,45.6295,342.768
54,31,3,2251.99,2560,195.005,498.552
54,41,0,2221.63,2388.94,423.468,681.904
54,55,0,22.1154,161.346,309.447,557.091
54,57,0,2163.23,2315.86,559.297,902.883
54,59,3,1646.15,1969.23,1.29807,170.337
54,61,3,2094.62,2397.69,0,107.055
54,63,0,1387.43,1484.88,0.180287,122.704
55,5,5,557.5,1341.25,308.587,1233.62
55,6,5,3.75,1040.62,762.738,1920
55,10,4,1823.7,1890.14,21.4183,219.303
55,9,3,704.544,1159.08,3.02802,184.046
55,24,3,937.264,1353.64,66.2664,353.736
55,31,3,2279.26,2559.37,187.323,476.122
55,41,0,2235.61,2405.38,404.904,670.504
55,55,0,3.3173,100.721,322.428,589.688
55,57,0,2184.93,2314.85,534.381,877.967
55,59,3,1587.38,1939.99,0,191.333
55,61,3,2059.42,2315.96,1.29808,106.01
55,63,0,1340.22,1438.25,2.41586,132.728
56,5,5,557.812,1343.75,306.469,1232.52
56,6,5,3.4375,1042.5,765.077,1920
56,10,4,1828.37,1885.48,31.5865,218.365
56,9,3,634.082,1057.17,8.00757,186.785
56,24,3,887.688,1310.65,67.4061,346.304
56,31,3,2316.69,2556.25,169.061,458.496
56,41,0,2246.42,2415.74,383.299,680.938
56,55,0,3.3173,100.721,322.428,589.688
56,57,0,2205.37,2333.52,505.376,849.676
56,59,3,1551.1,1919.1,4.3352,191.418
56,61,3,2025.96,2284.81,1.6226,121.767
56,63,0,1299.71,1397.21,3.42548,131.286
57,5,5,556.562,1342.5,296.172,1233.82
57,6,5,4.0625,1041.25,768.724,1920
57,10,4,1828.37,1885.48,31.5865,218.365
57,9,3,557.353,951.478,4.30752,194.615
57,24,3,847.134,1271.68,74.5485,375.961
57,31,3,2340.96,2558.07,150.158,453.112
57,41,0,2272.05,2438.67,372.828,649.548
57,57,0,2208.27,2346.81,486.408,815.141
57,59,3,1513.1,1899.93,7.6666,196.125
57,61,3,1994.9,2288.17,1.15385,122.812
57,63,0,1246.63,1345.67,2.52404,137.812
58,5,5,556.25,1346.25,302.565,1236.9
58,6,5,3.75,1042.5,769.911,1920
58,9,3,474.853,885.128,2.89072,202.429
58,24,3,799.574,1233.04,76.2722,385.965
58,31,3,2377.44,2558.56,128.041,433.521
58,41,0,2305.17,2455.47,353.067,633.254
58,57,0,2227.55,2362.74,464.43,791.303
58,59,3,1499.74,1897.58,7.27832,210.653
58,61,3,1957.02,2264.52,0,125.986
58,63,0,1200.96,1312.88,5.625,156.346
59,5,5,554.375,1345,311.571,1237.96
59,6,5,5,1040.62,768.401,1920
59,10,4,1823.53,1884.16,27.9087,226.226
59,9,3,399.645,812.786,3.37263,205.51
59,24,3,754.997,1185.51,83.3761,384.458
59,31,3,2404.72,2560,134.391,408.222
59,41,0,2329.96,2482.37,328.962,614.049
59,57,0,2244.32,2378.5,447.309,763.14
59,59,3,1455.45,1804.03,11.0794,211.301
59,61,3,1926.54,2233.46,1.18991,133.45
59,63,0,1144.62,1260,0.576925,166.154
60,5,5,556.25,1346.25,307.988,1236.08
60,6,5,3.75,1040,769.52,1920
60,10,4,1818.89,1891.88,30.7933,225.505
60,9,3,399.645,812.786,3.37263,205.51
60,24,3,702.515,1148.41,102.588,397.919
60,31,3,2436.35,2560,123.173,409.615
60,41,0,2358.79,2505.72,320.166,596.144
60,57,0,2254.36,2390.61,431.202,741.114
60,59,3,1446.27,1778.56,9.56377,223.35
60,61,3,1889.13,2206.25,0,139.688
60,63,0,1102.84,1217.16,2.45192,163.558
61,5,5,556.875,1347.5,302.889,1235.86
61,6,5,4.375,1038.75,771.732,1920
61,10,4,1818.89,1891.88,30.7933,225.505
61,24,3,658.171,1102.63,107.063,430.747
61,31,3,2453.22,2560,115.673,411.923
61,41,0,2387.21,2514.33,298.846,568.269
61,57,0,2276.05,2413.64,413.016,720.366
61,59,3,1410.42,1759.09,17.7964,233.549
61,61,3,1846.35,2181.35,0,152.163
61,63,0,1047.69,1163.08,5.26443,175.312
61,69,3,1225.14,1662.33,0,180.627
61,71,3,2397.55,2559.38,0,61.4964
62,5,5,558.75,1343.75,298.328,1236.55
62,6,5,4.375,1040.62,769.757,1920
62,10,4,1822.55,1888.22,29.9279,222.043
62,24,3,605.135,1061.42,124.334,437.525
62,31,3,2492.21,2560,87.5481,390.721
62,41,0,2418.75,2541.25,279.952,556.586
62,57,0,2296.62,2438.23,386.82,702.498
62,59,3,1367.44,1714.06,27.6032,235.065
62,61,3,1837.21,2135.1,0,161.178
62,63,0,995.865,1111.83,1.22596,183.966
62,69,3,1167.44,1634.48,0,178.807
62,71,3,2397.55,2559.38,0,61.4964
63,5,5,561.562,1343.75,298.487,1236.71
63,6,5,5,1041.88,767.288,1920
63,10,4,1824.98,1888.87,23.5096,221.683
63,24,3,559.581,1007.34,126.403,452.348
63,31,3,2523.67,2559.41,82.7885,323.654
63,41,0,2441.49,2558.51,265.817,528.606
63,57,0,2319.83,2460.93,374.028,669.315
63,59,3,1344,1675.16,35.1432,248.564
63,61,3,1774.42,2099.42,2.09135,156.562
63,63,0,946.346,1061.35,6.34616,191.106
63,69,3,1126.76,1551.82,0,189.152
64,5,5,550.312,1346.25,304.895,1235.59
64,6,5,4.0625,1042.5,765.684,1920
64,10,4,1815,1889.62,22.2837,222.62
64,24,3,512.146,966.058,136.035,485.126
64,31,3,2523.67,2559.41,82.7885,323.654
64,41,0,2474.33,2559.52,249.808,514.615
64,57,0,2343.14,2482.14,359.341,645.753
64,59,3,1308.13,1638.16,38.4357,263.084
64,61,3,1736.54,2066.54,0,164.351
64,63,0,890.288,1008.17,7.86057,196.226
64,69,3,1085.22,1533.14,0,184.118
65,5,5,553.438,1346.25,309.126,1233.03
65,6,5,4.6875,1041.25,768.608,1920
65,10,4,1823.97,1883.73,32.0192,226.731
65,24,3,462.482,922.194,152.082,489.689
65,41,0,2504.59,2560,237.188,489.159
65,57,0,2372.79,2485.67,329.639,622.861
65,59,3,1281.72,1604.49,46.4752,261.912
65,61,3,1703.65,2016.35,5.48077,169.904
65,63,0,833.462,952.692,29.2789,214.904
65,69,3,1020.85,1463.74,2.38988,202.416
66,5,5,557.5,1343.75,306.848,1234.03
66,6,5,5,1040.62,768.357,1920
66,10,4,1820.36,1878.1,21.4183,223.486
66,24,3,399.087,870.62,172.918,500.698
66,41,0,2504.59,2560,237.188,489.159
66,57,0,2397.93,2509.76,319.832,606.707
66,59,3,1241.47,1570.46,54.5925,271.136
66,61,3,1654.78,1997.54,1.62953,184.022
66,63,0,777.356,888.798,49.1106,218.005
66,69,3,970.025,1366.47,4.9003,211.755
67,5,5,555.625,1345,316.307,1232.8
67,6,5,4.0625,1043.75,766.292,1920
67,10,4,1819.4,1879.06,17.3798,228.101
67,24,3,376.221,826.959,185.91,514.011
67,57,0,2429.86,2551.68,298.558,592.212
67,59,3,1206.92,1540.11,60.4073,284.426
67,61,3,1608.05,1968.75,3.94801,189.077
67,63,0,720.913,830.625,87.4039,241.154
67,69,3,919.384,1373.7,4.31189,226.587
67,76,0,2332.09,2558.06,1420.77,1920
68,5,5,555.938,1343.75,317.488,1234.2
68,6,5,4.0625,1045,766.524,1920
68,10,4,1824.33,1886.44,22.0673,225.577
68,24,3,375.752,777.258,191.552,558.379
68,57,0,2451.11,2555.05,283.125,563.221
68,59,3,1171.56,1504.83,72.1121,295.175
68,61,3,1582.08,1929.64,1.02865,199.474
68,63,0,666.683,776.394,83.8702,236.322
68,69,3,883.517,1368.24,6.00737,234.277
68,76,0,2318.1,2550.28,1362.48,1915.91
68,77,3,2117.88,2368.27,0.685097,104.026
69,5,5,561.875,1342.5,305.368,1237.09
69,6,5,3.75,1045,767.249,1920
69,10,4,1824.33,1886.44,22.0673,225.577
69,24,3,276.828,740.824,203.03,595.14
69,57,0,2483.97,2556.03,265.745,556.37
69,59,3,1130.16,1467.28,77.2224,309.398
69,61,3,1543.23,1895.23,8.33071,206.873
69,63,0,609.038,720.962,92.9567,243.389
69,69,3,821.158,1287.6,2.62017,243.236
69,76,0,2291.54,2541.03,1303.12,1865.95
69,77,3,2077.88,2386.73,0,108.642
70,5,5,558.75,1342.5,309.39,1238.5
70,6,5,3.75,1041.25,765.012,1920
70,24,3,213.319,696.86,227.77,610.797
70,57,0,2508.53,2559.16,249.591,532.716
70,59,3,1090.93,1429.45,84.1542,321.865
70,61,3,1509.12,1902.86,5.35086,213.345
70,63,0,540.913,662.933,71.6106,252.043
70,69,1,774.895,1241.19,2.94325,251.098
70,76,0,2265.1,2521.21,1248.06,1796.63
70,77,3,2044.42,2327.88,0.252403,104.171
70,80,3,1491.25,2403.75,1574.44,1915.03
71,5,5,553.438,1343.75,309.375,1230.58
71,6,5,3.125,1041.25,764.561,1920
71,10,4,1818.8,1888.89,16.5144,228.245
71,24,3,163.559,654.924,240.542,620.774
71,57,0,2532.3,2556.94,229.327,552.404
71,59,3,1051.16,1394.34,90.6155,329.024
71,61,3,1474.76,1810.4,7.91403,217.744
71,63,0,478.75,593.558,72.6923,263.654
71,69,1,745.944,1237.31,7.12453,255.219
71,76,0,2239.1,2476.53,1193.37,1735.69
71,77,3,2011.63,2283.75,1.26202,114.627
71,80,3,1498.75,2387.5,1501.15,1918.15
72,5,5,551.562,1343.75,311.152,1231.01
72,6,5,2.1875,1036.25,767.098,1920
72,10,4,1816.88,1890.82,20.9135,225.577
72,24,3,115.491,606.377,240.692,639.463
72,57,0,2532.3,2556.94,229.327,552.404
72,59,3,1012.79,1356.97,97.9268,335.319
72,61,3,1435.35,1770.25,19.5561,228.9
72,63,0,415.192,535.577,125.697,278.726
72,69,1,658.22,1192.99,0.44446,271.29
72,76,0,2222.74,2449.71,1149.5,1673.08
72,77,3,2042.6,2338.94,1.47837,108.425
72,80,3,1501.25,2351.25,1426.46,1920
73,5,5,547.812,1345,305.412,1231.12
73,6,5,3.125,1035,767.894,1920
73,10,4,1814.4,1890.22,21.4183,227.524
73,24,3,66.6014,559.409,260.418,662.121
73,59,3,970.286,1321.51,107.558,356.684
73,61,3,1399.9,1723.94,29.8539,236.507
73,63,0,368.702,472.837,99.5192,287.019
73,69,1,624.527,1190.19,0,283.982
73,76,0,2202.67,2432.01,1103.48,1610.46
73,77,3,1927.6,2281.63,1.58654,119.567
73,80,3,1503.75,2328.75,1372.07,1920
74,5,5,558.438,1345,303.747,1231.04
74,6,5,2.5,1036.25,769.337,1920
74,10,4,1814.33,1893.37,23.0769,225.865
74,24,3,12.6549,518.85,269.106,708.658
74,59,3,927.638,1279.04,115.727,361.635
74,61,3,1362.43,1687.81,27.334,242.166
74,63,0,368.702,472.837,99.5192,287.019
74,69,1,575.75,1070.67,0,291.925
74,76,0,2189.7,2414.57,1066.13,1563.06
74,77,3,1876.35,2286.73,1.94711,130.889
74,80,3,1506.25,2300,1312.59,1920
75,5,5,561.25,1345,308.013,1229.55
75,6,5,4.0625,1036.25,767.837,1920
75,10,4,1815.36,1889.25,23.7981,233.221
75,24,3,2.19446,485.681,286.618,723.069
75,59,3,877.394,1240.57,127.787,367.67
75,61,3,1328.11,1645.42,33.6676,251.085
75,69,1,539.764,1044.87,11.419,316.907
75,76,0,2184.15,2397.14,1017.33,1513.05
75,77,3,1828.75,2268.3,0,148.614
75,80,3,1497.5,2267.5,1266.99,1914.44
76,5,5,561.562,1345,307.521,1229.06
76,6,5,2.1875,1038.75,767.931,1920
76,10,4,1814.25,1884.21,29.9279,230.697
76,24,3,1.89569,442.38,330.363,724.297
76,59,3,841.231,1202.46,141.761,375.815
76,61,3,1278.17,1607.39,51.7616,264.402
76,63,0,160.433,291.875,137.812,345.649
76,69,1,473.869,988.439,12.6474,320.23
76,76,0,2172.9,2389.16,981.025,1462.9
76,77,3,1825,2264.23,0.540869,129.123
76,80,3,1500,2240,1206.1,1920
77,5,5,560,1343.75,309.064,1231.62
77,6,5,4.0625,1036.25,769.922,1920
77,10,4,1812.12,1883.27,27.476,226.514
77,24,3,0,435.777,329.147,763.048
77,59,3,797.899,1160.01,153.812,377.995
77,61,3,1236.78,1572.91,57.1745,273.718
77,63,0,89.9519,223.51,153.317,349.76
77,69,1,452.392,930.182,13.0299,334.784
77,76,0,2175.12,2377.81,940.734,1409.62
77,77,3,1787.09,2189.28,0,173.229
77,80,3,1505,2226.25,1158.36,1863.91
78,5,5,560.938,1343.75,313.679,1235.11
78,6,5,1.5625,1036.25,772.364,1920
78,10,4,1809.83,1885.55,25.9615,225.288
78,24,3,0,382.945,337.841,781.165
78,59,3,760.358,1118.77,169.069,387.364
78,61,3,1196.49,1531.96,62.8127,284.113
78,63,0,89.9519,223.51,153.317,349.76
78,69,1,384.928,866.848,20.5691,354.733
78,76,0,2172.95,2375.32,907.635,1361.76
78,77,3,1733.86,2148.52,0,170.497
78,80,3,1502.5,2217.5,1117.95,1773.83
79,5,5,562.5,1341.25,311.563,1235.69
79,6,5,3.125,1030.62,769.411,1920
79,10,4,1812.16,1873.99,26.8269,222.981
79,24,3,0,299.702,364.462,801.401
79,59,3,713.841,1079.15,172.05,401.857
79,61,3,1159.61,1492.31,69.2595,295.007
79,69,1,359.92,832.115,14.0193,367.57
79,76,0,2170.57,2377.31,868.428,1318.14
79,77,3,1688.6,2119.45,0,175.425
79,80,3,1508.75,2202.5,1070.18,1719.13
80,5,5,559.688,1337.5,309.527,1236.48
80,6,5,4.6875,1028.75,768.269,1920
80,10,4,1808.63,1874.45,25.8894,222.62
80,24,3,0,256.764,379.355,831.597
80,59,3,669.527,1031.99,189.315,430.07
80,61,3,1120.31,1452.03,76.8593,308.384
80,69,1,309.245,776.709,13.4947,383.741
80,76,0,2178.32,2372.55,838.35,1272.63
80,77,3,1640.46,2070.08,0.0372577,180.922
80,80,3,1522.44,2189.85,1036.02,1665
81,5,5,555.312,1340,306.542,1234.63
81,6,5,7.1875,1026.25,772.18,1920
81,10,4,1806.68,1873.32,17.5961,228.317
81,24,3,0,213.124,399.584,856.041
81,59,3,620.983,992.497,202.521,462.125
81,61,3,1074.73,1417.07,83.0316,318.03
81,69,1,246.9,746.613,8.7458,407.517
81,76,0,2184.27,2367.1,806.464,1232.66
81,77,3,1601.59,2042.91,0,181.294
81,80,3,1522.5,2186.25,998.473,1593.4
82,5,5,552.5,1342.5,309.506,1232.06
82,6,5,2.5,1030.62,766.915,1920
82,10,4,1805.43,1871.49,13.9904,222.548
82,24,3,0,170.967,416.044,878.333
82,59,3,579.789,951.575,216.774,477.919
82,61,3,1035.45,1374.55,93.2534,330.269
82,69,1,187.946,667.988,58.9237,410.924
82,76,0,2189.97,2364.2,779.064,1188.43
82,77,3,1563.78,2003.95,0,192.327
82,80,3,1552.36,2163.32,964.876,1557.8
83,5,5,551.562,1337.5,307.037,1238.3
83,6,5,2.5,1036.88,767.025,1920
83,10,4,1807.5,1869.42,16.2981,221.827
83,24,3,0,170.967,416.044,878.333
83,59,3,525.764,912.55,226.072,494.769
83,61,3,988.931,1332.61,102.709,351.653
83,69,1,138.519,615.324,9.15326,450.641
83,76,0,2193.62,2374.43,750.253,1155.74
83,77,3,1536.84,1940.36,2.17476,206.27
83,80,3,1547.75,2168.33,922.963,1503.93
84,5,5,552.188,1340,309.143,1239.27
84,6,5,1.875,1040,759.807,1920
84,10,4,1804.54,1869.3,19.7596,218.798
84,24,3,1.96756,89.361,459.433,970.515
84,59,3,482.7,871.758,240.577,514.314
84,61,3,942.55,1293.09,111.608,361.908
84,69,1,52.0567,580.09,9.462,452.678
84,76,0,2197.97,2371.69,723.265,1128.5
84,77,3,1493.62,1885.53,1.80783,209.777
84,80,3,1548.17,2153.19,895.658,1451.44
84,82,0,2525.9,2560,700.421,1153.22
84,83,3,1722.35,2550.02,1647.02,1917.33
85,5,5,548.75,1337.5,318.291,1239.16
85,6,5,4.375,1042.5,756.72,1920
85,10,4,1804.54,1869.3,19.7596,218.798
85,24,3,1.12576,43.9055,530.755,1035.76
85,59,3,446.428,822.413,258.731,539.439
85,61,3,902.435,1245.11,127.515,362.256
85,69,1,16.4201,523.11,15.6582,476.755
85,76,0,2208.69,2371.48,698.714,1090.96
85,77,3,1459.71,1862.5,1.82438,219.907
85,80,3,1570.6,2145.67,853.866,1412.91
85,82,0,2517.98,2560,679.426,1133.66
85,83,3,1725,2530,1581.42,1916.32
85,84,3,2115.96,2477.88,0.288459,100.529
86,5,5,534.688,1338.75,314.648,1241.49
86,6,5,4.6875,1042.5,763.307,1920
86,24,3,1.12576,43.9055,530.755,1035.76
86,59,3,416.746,781.341,273.751,551.222
86,61,3,849.88,1202.48,140.772,383.045
86,69,1,1.65337,466.731,23.8179,492.176
86,76,0,2211.11,2374.38,680.358,1058.4
86,77,3,1419.18,1832.85,1.71467,229.539
86,80,3,1561.75,2142.46,829.323,1357.71
86,82,0,2514.62,2559.98,632.292,1062.88
86,83,3,1732.5,2515,1515.97,1917.29
86,84,3,2087.4,2414.13,0.540866,100.998
87,5,5,544.688,1341.25,316.4,1237.94
87,6,5,1.5625,1038.75,767.402,1920
87,59,3,380.283,733.057,282.603,573.675
87,61,3,803,1158.02,147.669,372.564
87,69,3,7.16881,420.309,149.548,501.634
87,76,0,2220.51,2372.95,649.921,1025.09
87,77,3,1385.81,1818.28,1.51824,235.801
87,80,3,1569.75,2137.5,792.593,1312.54
87,82,0,2504.07,2559.38,592.014,1001.33
87,83,3,1735,2480,1459.01,1916.58
87,84,3,2064.71,2421.44,0.504806,103.774
88,5,5,539.375,1345,314.59,1234.78
88,6,5,2.1875,1041.25,767.418,1920
88,10,4,1809.81,1873.27,21.5625,224.062
88,59,3,375.998,691.021,302.672,596.484
88,61,3,758.171,1113.02,163.053,386.416
88,69,3,7.16881,420.309,149.548,501.634
88,76,0,2222.2,2372.98,629.175,990.317
88,77,3,1347.49,1761.77,2.25905,246.82
88,80,3,1574.32,2139.16,766.462,1271.03
88,82,0,2494.72,2556.97,571.492,981.958
88,83,3,1737.5,2452.5,1395.08,1920
88,84,3,2032.12,2330.96,0,106.082
89,5,5,542.812,1346.25,309.15,1234.41
89,6,5,3.4375,1038.75,767.895,1920
89,10,4,1809.74,1867.19,27.1875,219.591
89,59,3,240.675,647.062,318.473,623.551
89,61,3,710.662,1070.04,172.111,400.855
89,69,1,0.364914,335.962,26.7867,533.45
89,76,0,2224.95,2374.45,606.063,966.831
89,77,3,1310.26,1725.32,4.7191,253.526
89,80,3,1589.83,2134.89,734.929,1234.71
89,82,0,2484.92,2558.4,527.687,922.38
89,83,3,1746.25,2443.75,1346,1918.21
89,84,3,2005.48,2296.06,0.865388,105.938
90,5,5,548.438,1345,313.799,1238.49
90,6,5,3.4375,1038.75,768.922,1920
90,10,4,1803.25,1885.99,25.0961,215.769
90,59,3,189.125,616.787,337.657,652.496
90,61,3,660.363,1022.12,186.243,433.574
90,69,1,0.364914,335.962,26.7867,533.45
90,76,0,2237.36,2377.05,586.166,930.676
90,77,3,1274.8,1689.43,7.17412,265.514
90,80,3,1590.03,2131.51,704.712,1192.44
90,82,0,2477.02,2559.36,516.514,873.112
90,83,3,1767.95,2405.74,1284.67,1914.11
90,84,3,1982.02,2304.13,0,109.543
91,5,5,553.438,1345,311.571,1237.96
91,6,5,2.1875,1041.25,764.602,1920
91,10,4,1804.04,1882.12,23.5096,215.625
91,59,3,139.677,570.904,355.595,668.633
91,61,3,608.928,981.805,204.198,464.659
91,76,0,2242.96,2382.51,562.226,909.417
91,77,3,1239.76,1651.39,9.16041,276.157
91,80,3,1598.94,2132.02,673.913,1162.12
91,82,0,2469.79,2559.61,501.67,848.691
91,83,3,1750,2398.75,1240.46,1810.33
91,84,3,1958.85,2324.23,0,107.704
92,5,5,558.438,1341.25,309.717,1235.31
92,6,5,0.625,1043.12,765.24,1920
92,10,4,1804.09,1878.99,20.625,215.769
92,59,3,89.7944,518.188,362.774,702.2
92,61,3,561.941,934.181,216.465,484.147
92,76,0,2251.34,2386.7,547.738,883.836
92,77,3,1197.18,1607.51,15.0021,289.844
92,80,3,1599.36,2133.62,650.501,1134.67
92,82,0,2461.74,2556.7,474.289,815.701
92,83,3,1763.75,2387.5,1198.48,1741.89
92,84,3,1909.71,2293.37,0,116.178
93,5,5,560,1341.25,311.917,1241.48
93,6,5,3.4375,1042.5,762.583,1920
93,10,4,1793.82,1867.72,15.1442,216.202
93,59,3,38.7574,464.336,384.892,726.646
93,61,3,515.787,889.941,223.628,500.626
93,76,0,2263.51,2393.49,527.261,858.29
93,77,3,1153.66,1579.18,25.2991,300.242
93,80,3,1618.61,2133.53,623.734,1096
93,82,0,2453.06,2559.51,454.629,771.967
93,83,3,1758.75,2371.25,1151.25,1686.16
93,84,3,1894.9,2277.4,0,118.017
94,5,5,555,1340,307.565,1239.17
94,6,5,3.125,1041.88,767.833,1920
94,10,4,1789.83,1844.01,25.5289,215.048
94,59,3,0.163193,446.493,407.449,757.051
94,61,3,467.053,854.405,243.182,520.687
94,76,0,2274.82,2401.92,507.252,839.982
94,77,3,1115.19,1533.63,31.6027,312.894
94,80,3,1634.16,2129.71,597.114,1060.69
94,82,0,2448.94,2560,435.288,734.135
94,83,3,1762.5,2360,1097.34,1623.42
94,84,3,1835.96,2250.19,2.23557,126.779
95,5,5,519.062,1345,312.218,1236.46
95,6,5,8.125,1045,765.463,1920
95,10,4,1784.57,1840.05,28.3414,217.716
95,59,3,2.85349,326.531,436.1,770.337
95,61,3,427.948,800.097,257.785,541.421
95,76,0,2276.75,2409.36,492.978,808.964
95,77,3,1071.8,1498.21,46.0701,329.187
95,80,3,1637.82,2129.76,578.179,1019.56
95,82,0,2447.93,2558.22,400.096,702.981
95,83,3,1767.5,2362.5,1067.61,1561.36
95,84,3,1825.96,2241.73,2.77644,129.267
96,5,5,525.625,1345,310.108,1234.46
96,6,5,3.75,1043.75,763.936,1920
96,10,4,1785.87,1844.9,23.726,217.428
96,59,3,0,321.633,455.361,804.229
96,61,3,391.515,754.157,274.18,549.459
96,76,0,2287.04,2417.02,474.579,788.297
96,77,3,1026.76,1459.73,54.8376,340.036
96,80,3,1643.05,2134.99,548.024,997.122
96,82,0,2443.41,2559.66,379.255,667.284
96,83,3,1775,2343.75,1027.42,1510.93
96,84,3,1841.92,2210.38,0.9375,136.226
97,5,5,541.25,1343.75,309.727,1235.66
97,6,5,5.625,1037.5,761.437,1920
97,10,4,1780.07,1844.54,20.8413,215.553
97,59,3,0,274.571,479.683,830.174
97,61,3,388.134,726.98,292.08,572.172
97,76,0,2292.61,2424.44,459.045,764.935
97,77,3,985.409,1417.16,66.961,354.396
97,80,3,1656.4,2136.12,531.454,977.056
97,82,0,2447.4,2560,356.034,639.159
97,83,3,1772.5,2341.98,977.389,1465.83
97,84,3,1771.85,2185.29,0,158.622
98,5,5,538.125,1345,305.746,1234.4
98,6,5,4.0625,1036.25,766.524,1920
98,10,4,1788.12,1842.64,19.4712,211.442
98,59,3,0.183105,221.033,499.469,866.12
98,61,3,394.167,676.897,303.106,598.971
98,76,0,2306.54,2434.13,442.214,745.576
98,77,3,943.09,1377.09,73.0968,359.271
98,80,3,1670.47,2138.74,506.989,938.565
98,82,0,2452.69,2559.62,331.298,614.279
98,83,3,1793.07,2323.3,938.507,1412.62
98,84,3,1734.87,2143.29,0,162.683
99,5,5,545.625,1342.5,313.22,1238.25
99,6,5,5.3125,1041.25,765.132,1920
99,10,4,1787.62,1843.15,22.6442,220.24
99,59,3,0.74338,167.195,520.829,907.7
99,61,3,224.293,638.368,323.666,629.042
99,76,0,2309.52,2437.8,429.661,730.552
99,77,3,894.261,1340.22,83.8273,371.332
99,80,3,1676.47,2142.05,493.696,891.787
99,82,0,2457.88,2557.5,310.962,585
99,83,3,1782.4,2342.29,903.845,1377.26
99,84,3,1702.83,2110.16,0,163.791
99,88,3,1810.88,2559.53,1716.59,1920
100,5,5,545.625,1342.5,313.773,1233.85
100,6,5,1.875,1037.5,766.464,1920
100,10,4,1783.17,1841.44,19.1106,229.111
100,59,3,0,119.851,537.811,975.497
100,61,3,186.104,606.828,344,655.741
100,76,0,2327.84,2438.32,409.904,705.865
100,77,3,848.777,1295.58,91.2509,377.111
100,80,3,1694.36,2145.02,473.294,867.805
100,82,0,2482.57,2560,291.346,558.461
100,83,3,1809.16,2334.62,870.215,1322.17
100,84,3,1641.35,2072.74,0,167.094
100,88,3,1797.78,2558.22,1657.17,1917.77
101,5,5,555.312,1343.75,309.234,1235.85
101,6,5,2.8125,1037.5,766.991,1920
101,10,4,1781.13,1840.41,22.7885,223.846
101,59,3,0,119.851,537.811,975.497
101,61,3,130.17,556.737,344.751,677.206
101,76,0,2332.64,2442.74,393.894,686.683
101,77,3,798.224,1255.19,105.164,381.756
101,80,3,1704.94,2145.97,448.536,839.786
101,82,0,2504.09,2560,267.692,522.692
101,83,3,1794.84,2323.39,832.45,1287.06
101,84,3,1623.31,2041.73,0,171.916
101,88,3,1797.5,2548.75,1583.73,1919.71
102,5,5,560.312,1343.75,305.389,1238.02
102,6,5,3.125,1039.38,769.204,1920
102,10,4,1780.14,1838.32,22.5721,218.726
102,61,3,89.5851,507.493,366.45,707.287
102,76,0,2336.39,2445.14,375.433,671.106
102,77,3,749.41,1209.46,116.203,390.81
102,80,3,1717.81,2149.93,423.599,812.468
102,82,0,2529.64,2559.59,252.404,502.789
102,83,3,1795.68,2322.43,796.811,1237.44
102,84,3,1596.81,2019.18,0,177.309
102,88,3,1780,2538.75,1528.98,1920
103,5,5,557.5,1342.5,305.582,1236.28
103,6,5,5.625,1038.75,764.052,1920
103,10,4,1778.08,1834.23,20.625,219.087
103,61,3,26.5399,459.93,397.145,729.276
103,76,0,2344.23,2449.62,358.99,644.856
103,77,3,701.7,1169.11,124.037,414.682
103,80,3,1732.58,2157.98,407.485,789.484
103,82,0,2529.64,2559.59,252.404,502.789
103,83,3,1809.12,2309.3,762.42,1199.4
103,84,3,1563.34,1990.79,0,180.216
103,88,3,1777.5,2532.5,1472.15,1920
104,5,5,555.625,1340,301.161,1238.36
104,6,5,5.3125,1038.75,766.987,1920
104,10,4,1778.08,1834.23,20.625,219.087
104,61,3,0,436.061,413.02,755.609
104,76,0,2350.77,2458.46,340.024,629.784
104,77,3,648.208,1117.24,131.37,426.233
104,80,3,1747.2,2167.18,392.221,761.745
104,83,3,1813.47,2314.02,725.998,1156.21
104,84,3,1533.36,1939.69,1.90002,186.083
104,88,3,1785,2511.25,1427.13,1920
104,89,0,2477.5,2557.58,940.575,1483.82
105,5,5,550,1340,303.953,1236.24
105,6,5,5,1039.38,770.789,1920
105,10,4,1779.52,1832.79,16.9471,219.303
105,61,3,0,421.988,431.136,785.465
105,76,0,2346.12,2481.64,330.691,612.593
105,77,3,598.725,1075.06,134.007,441.89
105,80,3,1762.85,2181.43,370.826,736.581
105,83,3,1835.34,2308.95,706.411,1107.04
105,84,3,1501.79,1913.27,1.40541,187.805
105,88,3,1783.75,2493.75,1369.63,1919.25
105,89,0,2462.69,2559.61,901.891,1428.94
106,5,5,554.375,1342.5,306.296,1234.04
106,6,5,3.75,1040.62,772.515,1920
106,10,4,1781.18,1840.36,18.5336,220.889
106,61,3,0,313.522,461.901,807.379
106,76,0,2366.59,2479.57,315.216,595.745
106,77,3,552.713,1030.88,151.499,477.922
106,80,3,1772.34,2190.71,354.566,703.997
106,83,3,1840.18,2308.01,680.698,1063.82
106,84,3,1465.41,1861.6,4.11712,193.313
106,88,3,1782.5,2471.25,1322.52,1917.46
106,89,0,2467.15,2560,871.882,1370.27
107,5,5,551.25,1340,309.489,1241.55
107,6,5,8.4375,1041.25,770.394,1920
107,10,4,1781.18,1840.36,18.5336,220.889
107,61,3,0,271.156,492.479,843.098
107,76,0,2370.76,2508.76,295.185,582.647
107,77,3,493.916,970.077,176.377,500.299
107,80,3,1789.68,2201.21,333.533,684.418
107,83,3,1852.68,2304.65,650.426,1025.86
107,84,3,1438.86,1842.04,1.98593,202.623
107,88,3,1776.25,2448.75,1275.11,1896.31
107,89,0,2448.8,2559.11,841.677,1309.3
108,5,5,552.5,1341.25,312.68,1240.88
108,6,5,6.5625,1045,770.261,1920
108,61,3,0,218.824,504.508,874.316
108,76,0,2394.04,2504.42,291.058,557.019
108,77,3,432.706,921.379,193.116,522.984
108,80,3,1802.27,2208.56,321.82,668.363
108,83,3,1851.8,2304.23,622.845,991.648
108,84,3,1401.93,1835.22,1.44272,211.068
108,88,3,1770,2435,1226.33,1841.64
108,89,0,2446.95,2560,807.196,1249.83
109,5,5,554.688,1341.25,311.958,1237.89
109,6,5,4.6875,1050,769.15,1920
109,61,3,0.786877,168.708,528.094,909.617
109,76,0,2405.62,2511.3,281.683,542.164
109,77,3,390.201,876.138,206.011,550.193
109,80,3,1821.1,2218.46,302.016,640.118
109,83,3,1873.27,2292.1,603.783,974.029
109,84,3,1368.14,1822.97,0,213.766
109,88,3,1788.61,2410.71,1198.69,1790.75
109,89,0,2449.02,2560,784.709,1214.19
110,5,5,551.25,1341.25,308.868,1236.16
110,6,5,4.6875,1050,769.545,1920
110,61,3,0,118.716,551.051,964.08
110,76,0,2428.85,2534.23,271.154,525
110,77,3,362.169,811.341,220.776,559.291
110,80,3,1841.8,2232.67,289.475,620.31
110,83,3,1886.32,2303.74,572.646,924.132
110,84,3,1346.91,1743.74,5.21104,220.753
110,88,3,1789.48,2399.25,1154.63,1728.61
110,89,0,2440.78,2560,755.071,1180.22
111,5,5,547.188,1343.75,308.268,1239.99
111,6,5,2.8125,1046.25,764.685,1920
111,10,4,1763.29,1824.4,16.6586,217.861
111,61,3,0,75.1434,565.466,1005.72
111,76,0,2448.22,2548.7,252.548,517.644
111,77,3,330.809,779.364,237.111,594.044
111,80,3,1860.54,2240.31,265.788,604.8
111,83,3,1875.96,2311.15,557.903,887.288
111,84,3,1318,1710.21,6.4213,229.403
111,88,3,1772.5,2390,1112.75,1659.79
111,89,0,2445.28,2560,725.945,1136.11
112,5,5,551.875,1347.5,305.382,1238.13
112,6,5,2.1875,1043.75,771.341,1920
112,10,4,1763.29,1824.4,16.6586,217.861
112,61,3,0,75.1434,565.466,1005.72
112,76,0,2463.08,2552.31,239.928,492.188
112,77,3,210.305,731.512,249.276,628.117
112,80,3,1880.45,2262.83,256.997,596.34
112,83,3,1887.02,2299.75,532.013,858.197
112,84,3,1289.58,1670.37,4.60402,237.689
112,88,3,1790.08,2365.7,1073.28,1634.38
112,89,0,2443.75,2559.76,698.627,1103.03
113,5,5,550.938,1347.5,307.483,1237.5
113,6,5,4.6875,1042.5,770.046,1920
113,76,0,2485.24,2557.84,230.769,482.308
113,77,3,153.78,685.04,272.519,649.699
113,80,3,1903.81,2276.23,238.049,561.971
113,83,3,1888.18,2304.36,510.704,830.267
113,84,3,1256.22,1635.43,8.12862,246.923
113,88,3,1790.07,2361.22,1040.67,1571.45
113,89,0,2441.99,2560,670.639,1069.64
113,91,3,1526.25,2328.75,1540.7,1915.14
113,92,3,2399.9,2560,0,59.1346
114,5,5,549.062,1348.75,310.509,1240.64
114,6,5,4.6875,1042.5,772.051,1920
114,76,0,2513.63,2560,225.865,472.788
114,77,3,91.6064,626.641,292.795,680.526
114,80,3,1919.88,2295.23,224.819,545.084
114,83,3,1900.23,2306.47,497.396,809.213
114,84,3,1222.53,1601.37,10.9911,256.225
114,88,3,1779.33,2346.11,1000.26,1523.01
114,89,0,2443.89,2558.66,646.487,1033.5
114,91,3,1533.75,2307.5,1487.69,1917.04
114,92,3,2377.12,2555.19,0,81.4904
115,5,5,553.75,1342.5,314.422,1241.04
115,6,5,3.125,1041.25,775.183,1920
115,76,0,2536.78,2558.61,213.101,486.707
115,77,3,21.6901,560.264,311.661,702.911
115,80,3,1947.03,2311.45,206.479,519.211
115,83,3,1917.17,2314.92,470.634,779.912
115,84,3,1190.88,1577,12.6352,269.372
115,88,3,1779.59,2342.37,969.759,1466.38
115,89,0,2452.14,2559.43,623.326,1012.64
115,91,3,1536.25,2285,1441.24,1915.5
115,92,3,2344.13,2557.4,0,84.8798
116,5,5,561.25,1342.5,309.979,1239.77
116,6,5,5.3125,1045,769.243,1920
116,76,0,2536.78,2558.61,213.101,486.707
116,77,3,0,510.15,336.398,727.839
116,80,3,1972.41,2325.44,196.894,513.776
116,83,3,1923.16,2318.73,455.394,754.424
116,84,3,1157.07,1540.1,28.3537,277.663
116,88,3,1779.01,2336.86,935.526,1439.23
116,89,0,2451.42,2559.23,603.138,969.263
116,91,3,1532.5,2272.5,1386.13,1920
116,92,3,2308.46,2559.23,0,88.0529
117,5,5,561.25,1340,310.949,1237.68
117,6,5,5,1045,769.243,1920
117,77,3,4.37763,466.706,349.874,741.411
117,80,3,1997.39,2353.01,175.883,483.428
117,83,3,1943.36,2336.62,431.556,728.586
117,84,3,1130.05,1506.13,43.6553,281.933
117,88,3,1783.07,2323.23,897.619,1372.08
117,89,0,2449.96,2559.15,571.421,952.665
117,91,3,1537.5,2248.75,1343.15,1915.85
117,92,3,2306.35,2555.19,0,91.0817
118,5,5,558.75,1340,309.973,1235.57
118,6,5,3.125,1046.88,763.845,1920
118,10,4,1703.08,1764.62,11.6827,201.49
118,77,3,0.10643,423.927,359.062,786.758
118,80,3,2019.9,2372.5,162.708,464.232
118,83,3,1962.33,2336.21,408.771,703.993
118,84,3,1094.27,1480.59,46.0067,296.322
118,88,3,1784.01,2320.88,855.952,1325.91
118,89,0,2448.89,2560,552.211,937.761
118,91,3,1537.5,2241.25,1289.72,1912.82
118,92,3,2252.21,2544.71,0,98.6178
119,5,5,556.875,1337.5,306.286,1236.87
119,6,5,4.6875,1042.5,770.97,1920
119,10,4,1683.65,1737.88,12.8365,193.558
119,77,3,2.3958,325.047,388.936,809.29
119,80,3,2047.47,2404.32,158.044,448.76
119,83,3,1979.04,2359.09,390.637,669.365
119,84,3,1063.47,1440.84,51.1607,313.905
119,88,3,1790.59,2310.06,825.482,1289.51
119,89,0,2451.87,2558.11,533.312,882.692
119,91,3,1548.75,2212.5,1244.58,1825.66
119,92,3,2221.73,2532.12,0,107.236
119,94,1,1442.99,2041.76,0,168.62
120,5,5,554.688,1340,305.844,1235.18
120,6,5,4.6875,1038.75,770.318,1920
120,10,0,1660.41,1748.82,13.8462,197.308
120,77,3,0,298.622,410.271,840.751
120,80,3,2073.33,2429.56,140.87,414.206
120,83,3,1995.56,2371.82,370.235,647.266
120,84,3,1024.29,1418.51,66.8315,321.415
120,88,3,1789.19,2303.23,789.943,1244
120,89,0,2450.36,2557.91,509.289,850.617
120,91,3,1552.5,2205,1202.48,1772.18
120,92,3,2189.33,2502.98,0,109.183
120,94,1,1404.86,2050.71,0,186.867
121,5,5,553.438,1338.75,305.803,1235.02
121,6,5,4.0625,1037.5,762.232,1920
121,10,0,1660.41,1748.82,13.8462,197.308
121,77,3,0,234.014,434.932,871.338
121,80,3,2107.06,2459.67,124.927,411.381
121,83,3,2016.74,2380.8,351.67,625.14
121,84,3,991.577,1387.44,67.186,334.052
121,88,3,1797.66,2304.1,763.099,1213.84
121,89,0,2450.83,2560,498.729,821.932
121,91,3,1552.5,2193.75,1171.4,1709.89
121,92,3,2153.08,2465.38,0,111.238
121,94,5,1346.65,1888.26,0,179.842
122,5,5,557.812,1340,310.408,1236.12
122,6,5,4.0625,1040,763.484,1920
122,77,3,0,234.014,434.932,871.338
122,80,3,2138.89,2492.61,125.205,378.765
122,83,3,2038.03,2394.79,333.952,604.302
122,84,3,953.595,1348.59,77.2044,343.696
122,88,3,1802.51,2307.11,733.016,1158.52
122,89,0,2459.03,2559.76,468.498,800.66
122,91,3,1560,2183.75,1127.07,1663.93
122,92,3,2126.44,2445.87,1.44231,117.837
122,94,5,1346.65,1888.26,0,179.842
123,5,5,560.625,1340,310.634,1236.57
123,6,5,7.1875,1043.75,762.447,1920
123,10,4,1640.02,1698.44,8.00481,189.591
123,80,3,2167.97,2534.35,102.026,366.977
123,83,3,2062.69,2410.68,315.813,585.907
123,84,3,915.356,1313.35,86.7035,368.785
123,88,3,1815.46,2299.89,703.592,1132.23
123,89,0,2459.45,2559.95,452.893,775.386
123,91,3,1563.75,2171.25,1086.83,1608.83
123,92,3,2087.4,2475.67,3.13702,120.613
124,5,5,559.375,1340,308.976,1235.14
124,6,5,3.75,1044.38,759.676,1920
124,10,4,1622.64,1688.13,6.34616,201.058
124,80,3,2213.18,2551.86,99.0442,355.922
124,83,3,2081.85,2424.35,301.157,563.021
124,84,3,871.954,1277.35,89.3542,373.544
124,88,3,1823.8,2302.73,675.427,1080.48
124,89,0,2466.98,2559.97,434.685,763.921
124,91,3,1572.5,2175,1052.36,1552.6
124,92,3,2078.85,2398.08,1.51442,127.644
125,5,5,560.625,1340,308.688,1237.11
125,6,5,5.625,1046.88,768.082,1920
125,10,4,1622.64,1688.13,6.34616,201.058
125,80,3,2250.7,2554.81,92.816,332.15
125,83,3,2108.48,2453.17,279.703,546.439
125,84,3,840.795,1244.17,104.666,367.732
125,88,3,1839.02,2305.31,650.34,1047.56
125,89,0,2477.12,2559.81,405.721,740.048
125,91,3,1578.75,2162.5,1017.57,1507.68
125,92,3,2052.69,2362.69,0.360582,124.255
126,5,5,560.312,1342.5,307.041,1238.76
126,6,5,3.75,1048.12,765.881,1920
126,80,3,2284.81,2560,87.9086,300.938
126,83,3,2133.68,2465.72,263.038,524.12
126,84,3,797.529,1201.15,114.091,382.394
126,88,3,1852.69,2301.77,628.466,1010.84
126,89,0,2486.13,2560,386.683,706.01
126,91,3,1580,2158.75,974.316,1465.95
126,92,3,2026.15,2343.08,2.74038,124.904
126,94,5,923.578,1602.24,2.60632,209.714
127,5,5,557.188,1341.25,308.753,1239.45
127,6,5,4.0625,1043.75,764.055,1920
127,80,3,2342.12,2555.47,32.804,308.917
127,83,3,2160.29,2525.06,246.92,505.134
127,84,3,753.456,1167.23,126.431,399.834
127,88,3,1863.96,2305.41,605.186,985.325
127,89,0,2491.35,2560,363.75,688.558
127,91,3,1596,2153.98,928.632,1418.27
127,92,3,2005.58,2299.04,1.08173,135.072
127,94,5,869.961,1642.94,8.60699,218.156
128,5,5,556.562,1342.5,305.976,1237.58
128,6,5,4.6875,1046.25,765.186,1920
128,80,3,2380.17,2558.62,32.1416,288.754
128,83,3,2183.94,2507.42,227.12,481.859
128,84,3,708.898,1137.06,135.432,418.549
128,88,3,1877.27,2303.45,575.082,960.925
128,89,0,2506.42,2558.2,344.856,660.144
128,91,3,1601.75,2146.94,898.063,1380.11
128,92,3,1983.94,2283.75,0.973556,136.983
128,94,5,788.576,1655.54,2.10232,239.625
129,5,5,555.625,1340,306.923,1236.94
129,6,5,5.625,1045.62,763.714,1920
129,80,3,2422.45,2556.01,28.6298,297.332
129,83,3,2214.79,2538.36,221.086,463.551
129,84,3,662.181,1093.99,155.496,421.752
129,88,3,1886.61,2319.47,553.475,901.29
129,89,0,2519.87,2557.06,299.712,626.25
129,91,3,1605.68,2150.34,861.502,1325.65
129,92,3,1944.04,2283.65,0,152.74
129,94,5,756.3,1546.07,4.47484,251.331
130,5,5,558.125,1340,303.375,1237.94
130,6,5,5.625,1047.5,763.412,1920
130,80,3,2467.98,2559.71,20.7692,299.135
130,83,3,2242.16,2526.34,202.217,454.051
130,84,3,619.01,1057.75,170.858,465.721
130,88,3,1906.88,2323.18,529.051,875.003
130,89,0,2532.97,2559.34,298.269,630
130,91,3,1620.03,2148.71,829.163,1289.81
130,92,3,1922.79,2249.52,0,154.038
130,94,5,718.926,1379.77,0.318761,272.556
131,5,5,555.625,1340,308.447,1238.24
131,6,5,3.75,1047.5,768.465,1920
131,80,3,2467.98,2559.71,20.7692,299.135
131,83,3,2270.69,2539.49,196.9,444.043
131,84,3,572.856,1013.38,190.077,485.588
131,88,3,1920.79,2333.43,502.493,850.818
131,89,0,2532.97,2559.34,298.269,630
131,91,3,1635.45,2153.15,796.98,1239.44
131,92,3,1898.27,2224.81,0,161.611
131,94,5,658.75,1886.25,14.5829,261.53
132,5,5,553.438,1342.5,307.907,1234.75
132,6,5,3.4375,1050,771.147,1920
132,83,3,2310.88,2554.48,176.764,423.245
132,84,3,524.919,955.725,194.358,509.197
132,88,3,1929.1,2339.13,481.708,817.179
132,91,3,1643.01,2161.08,762.553,1201.14
132,92,3,1874.23,2190.38,1.73077,165.865
132,94,5,588.075,1286.74,0,280.834
132,96,3,1739.94,2560,1666.48,1917.79
133,5,5,562.5,1341.25,306.897,1239.53
133,6,5,2.8125,1048.75,774.01,1920
133,83,3,2341.26,2557.65,152.274,402.697
133,84,3,472.504,924.178,211.959,536.515
133,88,3,1950.62,2348.81,461.762,786.555
133,91,3,1660.97,2163.07,743.556,1146.24
133,92,3,1838.56,2167.6,1.80289,172.572
133,94,5,533.84,1187.3,16.1798,287.588
133,96,3,1728.75,2537.5,1589.56,1916.8
134,5,5,565.312,1340,308.053,1239.2
134,6,5,3.75,1048.12,773.659,1920
134,83,3,2375.28,2560,141.437,386.597
134,84,3,429.268,871.463,224.74,552.681
134,88,3,1969.7,2368.28,441.928,764.509
134,91,3,1667.72,2164.15,709.165,1113.62
134,92,3,1804.76,2140.23,0,192.743
134,94,5,444.062,1283.75,13.349,306.462
134,96,3,1720,2495,1515.77,1917.29
135,5,5,559.062,1341.25,299.756,1240.39
135,6,5,4.375,1047.5,770.103,1920
135,83,3,2402.86,2560,135.627,379.593
135,84,3,393.556,833.422,237.733,576.994
135,88,3,1999.05,2379.56,417.734,733.882
135,91,3,1684.94,2172.31,677.814,1079.52
135,92,3,1769.94,2104.27,0,197.209
135,94,5,137.5,1101.25,9.19275,385.925
135,96,3,1708.75,2471.25,1441.59,1919.21
136,5,5,557.188,1340,300.615,1235.41
136,6,5,3.75,1040,771.648,1920
136,83,3,2444.57,2560,121.659,360.361
136,84,3,409.304,792.845,252.412,595.755
136,88,3,2018.62,2389.5,399.224,703.298
136,91,3,1702.2,2181.27,648.62,1044.38
136,92,3,1730.86,2067.15,4.62065,199.537
136,94,5,63.4375,1041.25,9.73053,406.863
136,96,3,1703.75,2431.25,1373.1,1920
137,5,5,530.938,1343.75,303.163,1233.75
137,6,5,2.8125,1041.25,774.931,1920
137,83,3,2483.75,2559.33,107.524,361.803
137,84,3,299.95,747.07,272.277,635.008
137,88,3,2039.98,2404.13,375.704,677.043
137,91,3,1715.56,2184.02,614.216,1002.8
137,92,3,1685.22,2030.66,2.48244,206.478
137,94,5,173.75,955.625,15.5538,413.851
137,96,3,1691.25,2395,1309.21,1920
138,5,5,550.938,1342.5,305.451,1236.26
138,6,5,2.8125,1041.25,772.619,1920
138,10,4,1377.36,1433.41,13.5577,177.692
138,83,3,2524.27,2558.81,68.2211,341.971
138,84,3,217.25,707.777,288.551,653.058
138,88,3,2062.71,2423.06,352.806,651.581
138,91,3,1737.63,2188.53,602.298,979.387
138,92,3,1639.8,1985.5,6.4248,214.495
138,94,5,116.562,1220,31.5011,367.721
138,96,3,1687.5,2365,1250.86,1873.96
139,5,5,551.25,1337.5,302.086,1236.43
139,6,5,2.5,1041.88,773.797,1920
139,10,4,1352.28,1413.87,9.95193,182.452
139,83,3,2524.27,2558.81,68.2211,341.971
139,84,3,159.166,666.501,309.244,676.968
139,88,3,2084.84,2435.29,336.713,635.014
139,91,3,1753.88,2197.11,568.16,938.407
139,92,3,1591.94,1941.54,10.1035,230.703
139,94,5,57.1875,813.75,17.4348,432.155
139,96,3,1685,2332.5,1192.25,1785.29
140,5,5,542.188,1336.25,307.9,1236.21
140,6,5,1.25,1037.5,773.797,1920
140,10,4,1352.28,1413.87,9.95193,182.452
140,84,3,111.79,611.016,320.622,705.055
140,88,3,2112.42,2459.64,317.124,610.228
140,91,3,1769.76,2209.06,548.602,905.361
140,92,3,1540.12,1895.84,19.2172,236.927
140,94,5,33.4375,778.75,9.90456,437.894
140,96,3,1676.25,2307.5,1153.75,1709.1
141,5,5,549.688,1336.25,307.074,1236.64
141,6,5,0.625,1035.62,774.401,1920
141,10,0,1286.27,1361.42,3.60578,183.75
141,84,3,52.22,560.608,343.611,740.344
141,88,3,2136.72,2490.44,295.345,581.519
141,91,3,1792.57,2220.18,527.638,861.231
141,92,3,1488.48,1850.77,23.8986,249.014
141,94,5,22.8125,690,11.2218,468.095
141,96,3,1681.25,2283.75,1100.89,1638.56
142,5,5,559.688,1337.5,302.343,1237.37
142,6,5,2.5,1035.62,768.542,1920
142,10,0,1254.88,1338.97,7.5,184.183
142,84,3,0,518.58,353.886,786.729
142,88,3,2169.82,2512.74,281.513,564.078
142,91,3,1811.51,2235.09,500.099,840.936
142,92,3,1436.18,1797.32,30.096,258.896
142,94,5,0,1487.5,32.0105,428.126
142,96,3,1673.75,2276.25,1052.66,1586.77
143,5,5,559.062,1347.5,306.317,1237.7
143,6,5,4.375,1038.75,765.03,1920
143,10,2,1234.83,1305.17,1.08173,183.822
143,84,3,0,464.844,380.994,831.41
143,88,3,2177.37,2540.81,270.278,546.634
143,91,3,1835.97,2244.04,477.948,803.853
143,92,3,1387.59,1747.5,35.3047,274.464
143,94,5,0,1470,25.5286,414.885
143,96,3,1676.25,2250,1019.97,1505.42
144,5,5,552.5,1348.75,308.937,1234.87
144,6,5,4.0625,1040,769.151,1920
144,10,2,1234.83,1305.17,1.08173,183.822
144,84,3,0,368.491,386.499,854.513
144,88,3,2223.64,2556.75,250.464,530.248
144,91,3,1856.84,2253.67,459.048,776.549
144,92,3,1335.89,1701.64,47.8653,285.04
144,94,5,0,1492.5,20.3992,420.989
144,96,3,1679.52,2244.08,972.341,1465.34
145,5,5,549.688,1340,308.935,1238.27
145,6,5,5.3125,1041.25,763.779,1920
145,10,0,1160.58,1248.65,1.51443,181.659
145,84,3,1.00832,324.291,439.967,852.341
145,88,3,2253.24,2558.57,239.193,512.622
145,91,3,1871.2,2285.3,435.245,755.824
145,92,3,1279.55,1653.61,59.4969,304.761
145,94,5,0,1492.5,20.3992,420.989
145,96,3,1685.83,2233.29,923.377,1422.31
146,5,5,552.188,1342.5,308.1,1238.12
146,6,5,5.625,1041.88,766.638,1920
146,10,0,1160.58,1248.65,1.51443,181.659
146,84,3,0,304.783,466.177,896.447
146,88,3,2286.54,2559.04,221.015,488.763
146,91,3,1898.73,2291.7,414.294,721.727
146,92,3,1229.54,1603.06,68.4968,311.986
146,96,3,1689.61,2229.9,885.613,1375.01
147,5,5,552.5,1337.5,311.34,1236.6
147,6,5,6.25,1043.12,764.528,1920
147,10,0,1097.96,1195.89,4.03846,182.74
147,84,3,0,243.143,493.059,927.339
147,88,3,2308.26,2559.03,204.227,473.22
147,91,3,1920.17,2315.84,393.791,697.16
147,92,3,1174.96,1551.12,79.6725,324.892
147,96,3,1687.93,2226.77,852.815,1324.5
147,99,3,2350.19,2560,0.703125,62.9387
148,5,5,555,1338.75,307.635,1235.72
148,6,5,5.3125,1043.75,766.451,1920
148,10,0,1074.57,1177.74,5.40865,180.361
148,84,3,1.87301,183.174,519.137,1007.41
148,88,3,2347.55,2559.81,191.366,449.109
148,91,3,1946.52,2341.8,374.403,673.726
148,92,3,1121.49,1507.89,89.5932,341.379
148,96,3,1693.22,2216.76,820.742,1290.7
148,99,3,2327.6,2558.56,0,85.8173
