2,1,0,1846.87,2025.1,662.63,1068.36
2,2,3,2000.4,2477.44,157.439,603.477
2,3,3,881.152,1416.19,90.1838,341.77
2,4,4,2267.12,2353.62,620.1,1025.73
2,5,1,568.904,1070.06,631.855,1270.54
2,6,1,1579.8,2050.12,1.96227,201.354
2,7,0,1297.31,1405.77,2.16346,161.683
2,8,3,2022.88,2287.88,1.29807,115.312
2,9,0,1960.15,2105.72,459.119,803.945
2,10,3,0.262489,617.137,158.896,388.928
3,1,0,1859.76,2036.81,622.416,1017.93
3,2,3,2040.84,2509.22,135.045,582.392
3,3,3,949.514,1474.23,109.384,340.062
3,4,4,2258.02,2354.71,620.86,1028.03
3,5,1,581.739,1077.18,612.223,1257.57
3,6,1,1572.77,2057.76,0,207.451
3,7,0,1297.31,1405.77,2.16346,161.683
3,8,3,2015.77,2279.62,0.252399,120.469
3,9,0,1998.87,2153.94,441.51,770.585
3,10,3,35.8187,710.847,174.271,387.016
3,12,0,1773.48,2004.73,1246.13,1816.84
3,13,0,710.433,816.49,34.2548,237.188
4,1,0,1887.02,2060.74,584.087,972.305
4,2,3,2082.91,2536.11,121.297,567.989
4,3,3,1029.25,1542.94,114.118,335.364
4,4,4,2258.94,2347.54,621.945,1025.55
4,5,1,597.763,1078.66,612.613,1233.35
4,6,1,1559.14,2027.23,0.0757241,210.599
4,8,3,2005.19,2287.12,0.721149,124.038
4,9,0,2040.07,2191.55,411.677,740.009
4,10,3,106.087,784.088,173.528,377.25
4,12,0,1753.48,1967.77,1158.02,1709.83
4,13,0,697.596,796.25,38.0769,236.971
5,1,0,1914.03,2069.9,549.682,917.745
5,2,3,2100.92,2555,105.618,542.282
5,3,3,1082.64,1604.73,112.398,335.979
5,4,4,2248.35,2338.16,621.52,1023.75
5,5,1,607.831,1083.59,603.559,1219.77
5,6,1,1488.88,2015.4,3.84558,207.394
5,8,3,2001.83,2287.4,0,126.562
5,9,0,2091.03,2230.86,387.253,698.644
5,10,3,199.951,857.413,171.938,380.568
5,12,0,1752.59,1954.83,1077.94,1596.44
5,13,0,663.365,779.712,38.0769,229.327
6,1,0,1949.32,2103,518.114,872.736
6,2,3,2136.02,2554.55,88.116,524.247
6,3,3,1146.85,1657.1,115.485,333.115
6,4,4,2236.02,2332,623.172,1022.03
6,5,1,616.818,1089.45,591.178,1206.79
6,6,1,1452.9,2005.73,2.33135,211.88
6,8,3,1987.31,2286.54,0,126.418
6,9,0,2139.82,2284.86,368.693,675.593
6,10,3,304.965,915.547,148.847,379.328
6,12,0,1733.75,1947.08,1001.12,1496.6
6,13,0,663.365,779.712,38.0769,229.327
7,1,0,1981.59,2129.06,484.874,852.23
7,2,3,2202.83,2559.54,92.2727,508.491
7,3,3,1211.21,1710.56,91.4691,326.669
7,4,4,2220.46,2318.91,614.462,1025.08
7,5,1,622.338,1099.03,569.511,1192.41
7,6,1,1474.42,1990.37,7.04698,210.794
7,8,3,1977.31,2281.15,0,133.089
7,9,0,2181.74,2329.5,344.263,652.063
7,10,3,350.105,995.481,147.098,373.702
7,12,0,1742.19,1930.39,938.608,1407.49
7,18,0,890.337,997.356,79.9039,240
8,1,0,2015.74,2167.34,463.045,795.816
8,2,3,2228.05,2560,87.6956,512.745
8,3,3,1282.27,1769.22,89.8304,326.326
8,4,4,2210.78,2301.08,619.654,1023.56
8,5,1,630.561,1105.51,555.31,1181.15
8,6,1,1267.48,1981.15,3.49839,222.488
8,7,0,1208.15,1301.08,12.9808,177.404
8,8,3,1975.87,2279.52,0,133.125
8,9,0,2242.27,2378.72,316.503,626.414
8,10,3,417.72,1071.02,149.909,365.872
8,12,0,1743.91,1925.44,865.858,1321.65
8,18,0,890.337,997.356,79.9039,240
8,20,0,1003.53,1101.08,7.35577,194.856
9,1,0,2061.32,2202.14,429.611,762.951
9,2,3,2285.52,2560,60.0461,460.417
9,3,3,1334.28,1836.74,87.6465,327.749
9,4,4,2194.58,2294.73,615.37,1022.74
9,5,1,640.217,1113.08,546.668,1165.74
9,6,1,1267.48,1981.15,3.49839,222.488
9,7,0,1196.15,1306.92,20.7692,177.115
9,8,3,1958.65,2247.5,0,133.377
9,9,0,2287.81,2429.18,300.483,596.854
9,10,3,498.305,1131.82,146.546,370.155
9,12,0,1745.3,1919.27,810.112,1248.87
9,20,0,1000.82,1088.41,28.7019,203.077
10,1,0,2100.97,2241.14,401.993,729.405
10,2,3,2320.95,2560,50.1746,448.984
10,3,3,1390.26,1897.9,88.3337,320.51
10,4,4,2178.94,2278.01,620.78,1019.35
10,5,1,651.675,1111.78,545.695,1154.32
10,6,1,1326.52,1972.52,0.958586,197.932
10,7,0,1182.88,1298.65,17.3077,182.885
10,8,3,1941.54,2236.92,0,139.832
10,9,0,2340.1,2485.46,287.417,567.126
10,10,3,555.349,1196.95,141.84,362.628
10,12,0,1747.52,1935.03,758.056,1173.21
10,20,0,980.913,1077.55,7.78846,190.673
11,1,0,2139.5,2283.66,383.8,678.798
11,2,3,2368.55,2560,36.6291,428.06
11,3,3,1449.55,1932.65,89.4307,322.828
11,4,4,2163.54,2266.02,615.177,1020.66
11,5,1,658.581,1123.55,541.751,1145.05
11,6,1,1326.52,1972.52,0.958586,197.932
11,7,0,1178.8,1287.36,45.9375,186.274
11,8,3,1934.62,2231.54,0,145.781
11,9,0,2399.47,2511.3,276.274,544.111
11,10,3,660.757,1264.52,139.348,361.082
11,12,0,1756.84,1941.31,704.471,1103.77
11,13,0,469.615,576.538,28.2692,238.846
11,20,0,974.471,1065.53,7.5,171.202
11,22,0,552.641,834.819,162.116,402.476
12,1,0,2187.43,2320.82,361.553,656.48
12,2,3,2409.72,2560,45.6762,412.483
12,3,3,1517.24,1987.57,83.1704,322.468
12,4,4,2133.05,2243.85,616.002,1026.07
12,5,1,660.488,1124.21,538.085,1141.16
12,6,3,1351.19,1965.81,2.27046,169.072
12,7,0,1152.79,1268.75,9.87981,188.582
12,8,3,1929.71,2221.06,0,158.149
12,9,0,2447.12,2555.96,236.034,523.774
12,10,3,746.204,1312.7,137.372,365.725
12,12,0,1778.54,1949.6,661.664,1043.37
12,13,0,441.106,556.587,40.601,241.803
12,20,0,974.471,1065.53,7.5,171.202
12,22,0,666.095,931.89,156.539,397.604
13,1,0,2232.6,2365.47,334.303,630.71
13,2,3,2409.72,2560,45.6762,412.483
13,3,3,1560.63,2041.67,80.7403,319.673
13,4,4,2107.37,2216.14,618.426,1022.68
13,5,1,665.232,1120.65,530.258,1136.43
13,6,1,1432.65,2149.46,3.66968,211.283
13,7,0,1152.79,1268.75,9.87981,188.582
13,8,3,1929.71,2221.06,0,158.149
13,9,0,2496.63,2558.75,227.38,496.082
13,10,3,768.934,1372.84,129.18,364.638
13,12,0,1808.28,1972.27,626.64,987.76
13,13,0,410.144,537.548,36.0577,250.24
13,22,0,775.403,1041.33,138.719,396.713
14,1,0,2275.89,2407.27,309.007,599.787
14,3,3,1614.38,2094.66,78.8598,315.297
14,4,4,2086.08,2183.15,617.466,1016.91
14,5,1,668.884,1121.97,527.28,1133.93
14,6,1,1429.06,2154.32,12.9164,216.44
14,9,0,2496.63,2558.75,227.38,496.082
14,10,3,844.081,1456.9,129.362,356.631
14,12,0,1843.12,1993.27,575.888,937.769
14,13,0,371.49,507.74,52.1394,252.188
14,22,0,895.973,1144.98,141.506,394.078
14,13,0,530.288,638.942,68.726,277.716
15,1,0,2331.3,2444.09,284.495,571.082
15,3,3,1670.65,2135.61,78.144,308.204
15,4,4,2055.28,2146.02,616.011,1017.02
15,5,1,673.163,1123.27,523.777,1129.84
15,6,5,1406.54,2089.35,0,243.038
15,10,3,946.919,1506.4,124.664,351.379
15,12,0,1876.85,2028.81,538.44,883.855
15,13,0,355.913,485.625,57.4038,250.385
15,18,0,780.385,904.231,94.5433,293.438
15,22,0,1013.68,1254.64,142.414,392.349
15,13,0,508.654,625.192,73.6298,275.986
16,1,0,2376.73,2490.96,267.909,536.322
16,3,3,1722.74,2187.62,70.2763,303.874
16,4,4,2011.99,2114.92,633.573,1002.39
16,5,1,673.802,1121.94,524.769,1130.83
16,6,5,1406.54,2089.35,0,243.038
16,10,3,1045.5,1559.57,121.612,352.235
16,12,0,1903.69,2059.03,511.537,845.244
16,13,0,355.913,485.625,57.4038,250.385
16,18,0,767.788,887.596,100.24,294.087
16,22,0,1130.24,1359.75,140.821,391.917
16,13,0,491.538,610.769,74.5673,283.702
16,27,0,678.63,774.447,36.7788,245.913
17,1,0,2419.33,2540.67,247.572,520.312
17,3,3,1764.47,2239.5,76.1202,294.069
17,4,4,1973.49,2089.72,627.689,1004.81
17,5,1,670.955,1124.71,522.893,1127.77
17,10,3,1013.33,1659.34,81.681,318.465
17,12,0,1932.02,2087.02,480.586,789.214
17,18,0,748.173,876.442,105.793,298.918
17,20,0,928.702,1023.61,43.9904,237.115
17,22,0,1230.56,1462.49,145.63,385.813
17,13,0,476.538,589.615,81.5625,295.745
17,27,0,667.356,766.49,55.9615,255.288
18,1,0,2471.78,2558.99,234.231,490.385
18,3,3,1817.6,2280.64,72.8373,295.955
18,4,4,1932.17,2034.3,612.005,1001.86
18,5,1,672.413,1123.9,522.674,1128.88
18,10,3,1097.71,1590.1,124.899,340.336
18,12,0,1978.75,2119.26,453.045,761.635
18,18,0,734.952,865.048,93.3173,302.74
18,20,0,926.01,1029.38,30.2885,244.615
18,22,0,1342.25,1562.83,136.156,385.421
18,13,0,450.913,573.702,82.7164,294.014
18,27,0,656.25,753.75,68.149,256.37
19,1,0,2517.21,2559.71,216.995,472.428
19,3,3,1867.37,2318.23,69.0846,290.493
19,4,4,1887.63,1986.42,607.99,996.754
19,5,1,673.809,1123.81,522.819,1132.85
19,7,0,1044.38,1183.32,8.72596,200.409
19,10,3,1153.22,1693.77,122.747,335.492
19,12,0,2023.77,2152.05,426.811,736.382
19,18,0,724.663,845.337,98.5096,299.856
19,20,0,921.106,1021.97,30.4327,249.952
19,22,0,1437.93,1669.78,133.245,375.549
19,13,0,412.74,548.029,103.774,299.495
19,27,0,635.769,733.462,42.8365,262.356
19,30,3,6.45529,449.65,147.258,409.738
20,1,0,2517.21,2559.71,216.995,472.428
20,3,3,1910.68,2346.08,67.2107,285.373
20,4,4,1835.79,1935.94,604.689,988.267
20,5,1,672.951,1126.65,523.981,1132.34
20,7,0,1037.6,1173.17,5.69712,201.707
20,10,3,1205.48,1802.07,119.501,337.29
20,12,0,2063.4,2199.86,398.912,702.311
20,18,0,705.962,841.731,105.433,307.356
20,20,0,919.952,1020.05,58.5577,253.269
20,22,0,1539.92,1769.74,129.254,368.502
20,13,0,412.74,548.029,103.774,299.495
20,27,0,626.226,723.005,57.5481,261.202
20,30,3,0,549.703,122.849,408.395
21,3,3,1960.46,2382.78,62.1531,283.535
21,4,4,1794.7,1889.38,599.017,983.862
21,5,1,672.78,1125.76,523.703,1132.14
21,7,0,1028.37,1159.33,3.96634,202.572
21,10,3,1276.26,1788.82,119.424,340.428
21,12,0,2109.62,2241.01,374.965,674.097
21,18,0,687.885,829.808,107.091,304.832
21,20,0,916.394,1015.91,61.0096,262.067
21,22,0,1641.71,1862.35,128.411,362.917
21,27,0,610.577,710.962,53.5096,271.01
21,30,3,0,624.674,117.322,418.735
22,3,3,2001.58,2420.18,61.7967,276.892
22,4,4,1746.93,1853.28,588.399,977.495
22,5,1,671.883,1126.74,523.856,1132.1
22,6,5,1257,1917.68,10.3413,216.843
22,7,0,1014.18,1142.74,22.8606,211.514
22,10,3,1330.16,1851.24,116.173,336.611
22,12,0,2151.98,2288.56,353.305,641.329
22,18,0,687.788,819.904,100.962,298.558
22,20,0,911.322,1008.68,62.9567,260.409
22,22,0,1738.21,1948.71,126.765,359.332
22,27,0,610.577,710.962,53.5096,271.01
22,30,3,22.4154,711.766,114.761,404.274
23,3,3,2051.37,2461.9,49.6674,271.915
23,4,4,1694.82,1809.3,584.475,978.109
23,5,1,672.221,1126.14,525.655,1126.71
23,6,5,1274.65,1995.67,2.63884,213.496
23,7,0,1005.05,1130.34,19.5433,214.255
23,10,3,1400.44,1973.61,120.292,330.456
23,12,0,2202.87,2337.66,322.229,613.791
23,18,0,687.788,819.904,100.962,298.558
23,20,0,899.952,1003.12,41.3221,269.928
23,22,0,1838.67,2040.99,126.715,359.965
23,30,3,90.6413,816.611,130.434,378.983
23,33,0,1158.44,1243.1,0,165.072
23,34,3,165.625,1173.12,1675.94,1920
24,3,3,2082.65,2500.66,44.9122,273.433
24,4,4,1661.13,1748.01,575.37,962.76
24,5,1,673.738,1123.41,521.75,1125.41
24,6,5,1308.23,2120.29,0,236.092
24,7,0,991.202,1113.41,26.1779,212.668
24,10,3,1461.51,1995.76,113.961,333.486
24,12,0,2241.31,2382.27,308.886,590.789
24,13,0,4.85577,174.375,96.7067,307.139
24,20,0,902.957,992.428,64.6875,271.082
24,22,0,1932.85,2137.08,117.913,357.043
24,30,3,219.472,885.333,111.919,386.225
24,33,0,1145.24,1237.84,1.73077,165.865
24,34,3,250.938,1200,1609.7,1916.43
25,3,3,2137.31,2530.09,52.3932,268.093
25,4,4,1599.35,1716.21,573.831,964.212
25,5,1,673.117,1123.78,523.637,1125.53
25,6,5,1256.29,2058.1,0,248.742
25,7,0,989.279,1096.88,25.3846,213.173
25,10,3,1501.01,2073.62,99.3193,325.647
25,12,0,2311.68,2429.86,286.731,564.808
25,13,0,0,143.558,109.688,309.736
25,20,0,833.029,977.74,19.2548,239.351
25,22,0,2019.14,2227.86,120.862,351.057
25,30,3,249.997,958.284,100.807,389.684
25,33,0,1122.31,1226.92,5.26443,171.562
25,34,3,244.375,1220.62,1548.47,1918
26,3,3,2158.71,2554.96,45.2026,262.594
26,4,4,1551.36,1664.13,582.749,956.346
26,5,1,672.49,1124.36,525.844,1127.01
26,6,5,1276.59,2010.76,0,273.591
26,7,0,959.712,1083.37,25.8894,216.995
26,10,3,1555.74,2120.85,106.315,321.305
26,12,0,2345.99,2495.7,264.856,534.77
26,13,0,0.673075,109.327,90.7933,314.207
26,20,0,833.029,977.74,19.2548,239.351
26,22,0,2115.67,2310.99,115.95,344.019
26,30,3,254.673,1049.08,105.937,394.074
26,33,0,1098.41,1204.66,7.35577,175.24
26,34,3,303.75,1242.5,1481.17,1920
27,3,3,2234.75,2552.29,43.9968,262.612
27,4,4,1514.15,1608,562.554,957.778
27,5,1,672.888,1123.55,528.247,1127.76
27,6,5,1285.62,2002.43,0,272.321
27,7,0,954.231,1073.46,15.2885,192.26
27,10,3,1609.52,2160.6,108.393,316.134
27,12,0,2411.01,2533.61,264.087,515.337
27,13,0,0.673075,109.327,90.7933,314.207
27,22,0,2204.03,2385.33,116.823,342.345
27,30,3,483.604,1120.84,110.939,383.909
27,33,0,1091.97,1186.49,10.6731,178.269
27,34,3,342.812,1265,1417.88,1920
28,3,3,2281.92,2560,46.875,259.76
28,4,4,1462.56,1566.34,568.64,955.227
28,5,1,672.189,1123.67,529.22,1128.99
28,6,5,1251.06,2052.48,0,267.827
28,7,0,954.231,1073.46,15.2885,192.26
28,10,3,1654.23,2215.9,107.239,313.514
28,12,0,2471.9,2558.87,230.337,491.394
28,22,0,2288.41,2467.24,103.672,352.268
28,30,3,485.581,1216.89,113.053,382.9
28,33,0,1091.97,1186.49,10.6731,178.269
28,34,3,379.375,1285,1365.36,1920
29,3,3,2324.04,2559.04,43.1971,260.553
29,4,4,1408.87,1522.91,569.075,960.41
29,5,1,672.406,1124.28,531.458,1129.04
29,6,1,1259.78,1787.97,1.90362,259.606
29,10,3,1719.49,2277.61,100.252,307.815
29,12,0,2514.82,2559.03,209.207,486.562
29,22,0,2369.18,2529.28,112.716,319.976
29,27,0,455.721,595.048,80.8414,302.812
29,30,3,576.961,1273.76,98.6861,383.015
29,34,3,433.438,1315,1312.67,1920
29,35,3,1650,2527.5,1403.93,1920
30,3,3,2375.48,2558.43,14.0814,253.797
30,4,4,1372.13,1476.17,555.885,953.334
30,5,1,671.966,1126.66,526.969,1129.16
30,6,1,1259.78,1787.97,1.90362,259.606
30,10,3,1769.03,2314.89,94.8573,309.873
30,12,0,2514.82,2559.03,209.207,486.562
30,18,0,539.904,676.25,111.923,323.077
30,22,0,2450.77,2560,107.957,318.678
30,27,0,424.567,572.356,78.3173,305.048
30,30,3,673.527,1354.18,90.4547,379.543
30,34,3,468.75,1335,1274.76,1915.6
30,35,3,1650,2491.25,1296.62,1920
31,3,3,2410.38,2558.85,26.899,231.851
31,4,4,1324.77,1425.95,554.695,944.981
31,5,1,671.417,1127.61,526.184,1126.58
31,6,1,1200.06,1779.27,17.6848,281.844
31,10,3,1821.62,2354.7,92.8498,301.531
31,18,0,523.029,670.817,131.25,324.519
31,22,0,2450.77,2560,107.957,318.678
31,27,0,424.567,572.356,78.3173,305.048
31,30,3,773.481,1432.23,90.388,369.32
31,34,3,535.625,1365,1216.43,1920
31,35,3,1660,2437.5,1186.84,1918.53
31,36,5,4.43619,517.349,12.5485,476.015
32,3,3,2451.39,2560,21.2019,216.779
32,4,4,1277.82,1406.91,557.906,957.642
32,5,1,672.645,1126.84,525.281,1135.05
32,6,1,1195.41,1777.32,12.4185,289.078
32,10,3,1873.65,2393.27,85.5248,299.624
32,18,0,523.029,670.817,131.25,324.519
32,30,3,810.511,1492.16,79.4367,376.322
32,34,3,558.75,1387.5,1170.31,1920
32,35,3,1677.5,2401.25,1096.14,1814.38
32,36,5,9.21875,643.75,13.4035,437.545
33,3,3,2495.22,2560,14.6394,220.745
33,4,4,1233.63,1358.32,558.375,952.347
33,5,1,674.16,1126.25,523.134,1134.47
33,6,1,892.722,1763.5,9.18616,230.811
33,10,3,1935.26,2431.56,78.7268,299.811
33,20,0,809.375,915.24,89.2067,312.332
33,30,3,911.96,1596.61,90.3081,363.478
33,34,3,595.938,1396.25,1122,1920
33,35,3,1695.28,2374.86,1006.13,1696.04
33,36,5,18.125,800,2.27344,446.39
33,8,3,1667.15,2048.78,4.11349,197.654
34,3,3,2495.22,2560,14.6394,220.745
34,4,4,1207.2,1302.67,551.114,937.913
34,5,1,675.539,1123.02,524.818,1126.57
34,6,1,939.355,1713.47,8.88221,232.928
34,10,3,1983.6,2477.19,76.879,285.713
34,20,0,809.375,915.24,89.2067,312.332
34,30,3,1020.09,1661.38,86.7484,366.396
34,7,0,883.341,973.582,33.0288,236.971
34,34,3,630.938,1416.25,1104.16,1837.64
34,35,3,1708.82,2340.71,958.875,1595.5
34,36,5,25.625,936.875,15.6147,446.751
34,8,3,1668.68,2016.33,3.99632,201.306
35,4,4,1167.59,1263.29,548.239,941.826
35,5,1,674.121,1127.93,523.839,1125.33
35,6,1,939.355,1713.47,8.88221,232.928
35,10,3,2044.27,2512.59,68.0772,284.806
35,30,3,1062.25,1719.71,84.7345,365.957
35,7,0,883.341,973.582,33.0288,236.971
35,34,3,668.125,1425,1059.21,1774.65
35,35,3,1718.11,2327.58,863.694,1479.83
35,36,5,0,988.75,17.7059,449.79
35,8,3,1664.37,2000.66,4.42301,203.499
36,4,4,1135.5,1237.47,552.089,946.446
36,5,1,675.849,1124.09,523.826,1125.25
36,10,3,2094.1,2548.92,71.1323,278.898
36,30,3,1124.09,1773.1,67.5992,355.42
36,34,3,698.75,1445,1022.75,1737.84
36,35,3,1739.82,2315.45,826.537,1405.16
36,36,5,2.8125,1108.75,21.9604,448.959
36,8,3,1656.56,2001.33,4.61786,203.208
36,41,3,2165.58,2434.42,0,98.9784
37,4,4,1106.19,1201.99,553.571,934.862
37,5,1,674.297,1118.84,522.858,1130.33
37,10,3,2141.39,2552.02,34.0297,288.019
37,30,3,1202.93,1841.72,75.2002,350.512
37,34,3,743.125,1480,988.327,1658.94
37,35,3,1743.12,2307.55,762.917,1335.64
37,36,5,0,1239.38,12.0608,471.76
37,8,3,1656.56,2001.33,4.61786,203.208
37,41,3,2165.58,2434.42,0,98.9784
38,4,4,1079.43,1158.89,543.107,915.906
38,5,1,670.649,1169.73,524.646,1117.07
38,10,3,2178.25,2556.44,57.3731,274.049
38,30,3,1205.97,1893.64,62.0562,346.941
38,34,3,768.75,1507.5,966.308,1606.29
38,35,3,1756.4,2305.74,720.865,1240.3
38,36,5,0,1515,28.1697,445.124
39,4,4,1079.43,1158.89,543.107,915.906
39,5,1,669.695,1146.27,522.145,1120.01
39,10,3,2235.85,2556.43,57.3724,271.786
39,30,3,1296.92,1957.92,46.5734,353.706
39,34,3,801.25,1535,923.849,1562.97
39,35,3,1771.08,2305.99,667.434,1167.58
39,36,5,10,1788.75,7.12852,415.121
39,42,0,2359.16,2554.19,1279,1890.68
40,5,1,671.01,1137.45,520.025,1122.84
40,10,3,2285.94,2555.46,40.186,275.494
40,27,0,112.356,246.106,171.346,358.269
40,30,3,1428.76,2006.84,50.3642,350.932
40,34,3,845,1575,890.599,1516.9
40,35,3,1780.73,2305.93,617.39,1105.36
40,36,5,140,1721.25,9.37896,421.475
40,41,3,2104.9,2402.79,0,118.486
40,42,0,2333.8,2560,1188.14,1758.16
41,5,1,670.294,1134.46,520.476,1124.03
41,10,3,2325.48,2560,55.3846,252.981
41,27,0,78.8942,206.298,133.558,365.481
41,30,3,1558.96,2074.67,68.9369,333.145
41,34,3,885,1613.75,866.459,1475.2
41,35,3,1799.42,2306.73,575.528,1034.27
41,36,5,129.375,1657.5,3.66385,426.564
41,41,3,2095.29,2397.02,0,124.724
41,42,0,2317.58,2551.59,1097.84,1646.82
42,5,1,670.459,1128.89,517.337,1126.85
42,10,3,2359.24,2557.57,34.3501,277.781
42,27,0,44.5192,183.365,172.067,371.971
42,30,3,1647.03,2125.81,66.0316,325.929
42,34,3,925.625,1660,840.956,1426.66
42,35,3,1812.38,2308.91,537.561,1003.87
42,36,5,168.125,1852.5,0,412.533
42,41,3,2082.4,2308.37,2.09134,125.841
42,42,0,2298.83,2540.59,1027.22,1553.11
43,5,1,673.677,1123.9,509.58,1108.07
43,10,3,2408.46,2557.69,40.2404,237.404
43,24,0,147.981,264.327,99.7356,301.226
43,27,0,18.5096,140.721,167.019,380.192
43,30,3,1727.99,2180.19,65.8108,322.939
43,34,3,971.25,1715,812.902,1398.75
43,35,3,1839.26,2310.85,498.444,954.28
43,36,5,405.625,1867.5,3.27079,406.46
43,41,3,2064.9,2307.4,0,115.781
43,42,0,2282.06,2514.22,954.198,1460.19
44,5,1,670.219,1131.34,516.412,1132.92
44,10,3,2447.74,2560,47.2356,225.793
44,24,0,147.981,264.327,99.7356,301.226
44,27,0,18.5096,140.721,167.019,380.192
44,30,3,1812.55,2222.98,66.7036,319.491
44,34,3,1027.5,1755,782.382,1368.38
44,35,3,1858.64,2310.84,467.829,903.534
44,36,5,669.375,1910,0.283785,409.773
44,41,3,2055.38,2295.38,0,103.954
44,42,0,2274.98,2494.97,897.771,1375.55
45,5,1,670.56,1134.28,518.881,1128.32
45,10,3,2489.74,2559.5,32.3798,225.938
45,30,3,1889.83,2270.43,58.4653,313.64
45,34,3,1084.38,1792.5,757.519,1324.93
45,35,3,1870.96,2332.05,448.543,830.449
45,36,5,650.625,2052.5,8.02783,396.245
45,41,3,2055.38,2295.38,0,103.954
45,42,0,2266.56,2479.42,839.329,1298.92
46,5,1,670.023,1129.35,517.188,1127.93
46,7,0,591.923,719.615,67.0673,290.625
46,10,3,2525.88,2560,19.7596,231.49
46,30,3,1947.94,2326.97,53.3503,305.352
46,34,3,1118.75,1835,722.955,1284.1
46,35,3,1899.07,2345.01,412.333,812.959
46,36,5,790,2072.5,4.86823,399.103
46,42,0,2256.57,2461,787.459,1221.26
47,5,1,669.98,1128.07,523.351,1126.2
47,7,0,585.913,701.779,88.4135,299.856
47,10,3,2525.88,2560,19.7596,231.49
47,20,0,424.519,544.712,145.457,385.889
47,30,3,1947.94,2326.97,53.3503,305.352
47,33,0,771.49,885.433,33.5336,236.611
47,34,3,1169.38,1867.5,704.409,1254.5
47,35,3,1915.11,2351.9,385.84,769.897
47,36,5,890,2362.5,12.9691,372.011
47,42,0,2253.12,2456.6,732.555,1157.92
47,47,0,2242.43,2516.6,1406.52,1916.11
48,5,1,666.353,1129.96,525.135,1125.78
48,7,0,550.24,669.76,109.76,309.952
48,20,0,424.519,544.712,145.457,385.889
48,24,0,0,80.2164,135.216,338.149
48,33,0,742.404,859.135,55.9615,249.519
48,34,3,1212.5,1907.5,678.993,1219.31
48,35,3,1946,2375.41,347.404,728.751
48,36,5,968.75,2418.75,15.7271,376.351
48,42,0,2244.49,2454.15,685.085,1098.27
48,47,0,2209.75,2498.63,1342.89,1914.08
49,5,1,662.279,1128.15,524.162,1126.46
49,7,0,533.75,659.327,108.029,315.433
49,20,0,370.913,501.394,153.245,385.312
49,24,0,1.82692,46.5385,129.375,358.125
49,33,0,717.067,840.625,55.5288,250.817
49,34,3,1266.25,1922.5,648.362,1203.81
49,35,3,1966.56,2391.78,329.465,692.994
49,36,5,948.75,2498.75,8.97697,368.282
49,42,0,2250.01,2442.62,645.009,1041.2
49,47,0,2193.94,2478.82,1269.66,1844.63
49,50,1,5.9177,674.222,1596.66,1920
50,4,4,621.514,694.001,541.593,921.073
50,5,1,662.108,1126.05,525.903,1126.99
50,7,0,507.5,628.654,139.543,315.072
50,20,0,366.971,487.644,169.327,383.365
50,24,0,1.82692,46.5385,129.375,358.125
50,33,0,697.115,812.885,70.024,252.764
50,34,3,1316.25,1945,634.523,1158.78
50,35,3,1995.6,2413.48,316.422,679.685
50,36,5,1140,2505,11.3448,366.291
50,42,0,2251.94,2429.65,606.052,990.662
50,47,0,2184.37,2443.12,1206.45,1761.36
50,50,1,4.6875,705,1538.95,1920
51,4,4,563.028,663.814,550.796,937.596
51,5,1,670.779,1122.43,525.668,1128.52
51,6,5,857.367,1360.32,2.26104,337.405
51,7,0,486.635,606.442,133.269,321.635
51,20,0,364.231,473.462,173.149,387.043
51,33,0,669.712,786.442,67.5,260.481
51,34,3,1350,1980,611.354,1135.23
51,35,3,2019.4,2431.23,287.233,647.141
51,36,5,1246.25,2522.5,4.77116,374.849
51,42,0,2255.21,2431.45,564.807,943.824
51,47,0,2176.79,2416.4,1150.09,1688.46
51,50,1,5.3125,701.25,1476.91,1920
51,52,0,2342.5,2560,1368.75,1903.71
52,4,4,509.254,611.677,556.647,903.414
52,5,1,669.901,1124.43,526.242,1128.25
52,6,1,838.052,1395.22,1.788,344.127
52,7,0,464.183,578.125,136.659,328.63
52,20,0,364.231,473.462,173.149,387.043
52,33,0,669.712,786.442,67.5,260.481
52,34,3,1383.75,2007.5,592.722,1102.28
52,35,3,2050.11,2459.08,271.019,631.367
52,36,5,1373.75,2542.5,1.38395,372.82
52,42,0,2262.25,2430.71,528.246,894.885
52,47,0,2172.23,2398.18,1096.65,1626.53
52,50,1,2.8125,707.5,1416.19,1918.7
52,52,0,2340.06,2555.19,1298,1833.61
52,54,0,730.048,822.26,9.15865,199.688
53,4,4,452.308,541.538,556.947,829.976
53,5,1,673.24,1123.57,525.242,1127.65
53,6,1,817.086,1362.54,3.96004,352.37
53,7,0,441.154,555.769,125.048,334.76
53,18,0,119.808,231.731,216.202,463.413
53,33,0,625.192,732.5,64.6875,269.351
53,34,3,1426.25,2030,569.475,1075.24
53,35,3,2076.75,2485.17,256.109,594.956
53,36,5,1407.5,2523.75,0.605979,363.349
53,42,0,2275.43,2435.35,499.242,855.665
53,47,0,2168.03,2387.99,1048.08,1557.29
53,50,1,0,721.25,1366.94,1918.24
53,52,0,2331.43,2553.01,1235.81,1700.02
53,54,0,706.322,790.601,19.6875,210.216
54,4,4,452.308,541.538,556.947,829.976
54,5,1,671.253,1125.06,523.793,1124.22
54,6,1,806.341,1375.33,0,358.923
54,7,0,411.394,533.221,118.486,347.957
54,18,0,103.702,222.644,214.183,484.471
54,33,0,602.308,714.615,71.0337,272.524
54,34,3,1465,2047.5,552.144,1056.12
54,35,3,2109.92,2522.96,226.017,578.964
54,36,5,1552.5,2560,4.02749,353.47
54,42,0,2284.17,2456.24,468.296,816.091
54,47,0,2146.74,2368.08,1005.21,1493.72
54,50,1,6.5625,723.75,1318.85,1908.5
54,52,0,2320.13,2546.58,1178.26,1610.16
54,54,0,684.928,766.61,16.875,212.452
54,55,0,2314.42,2554.21,1491.23,1920
55,5,1,669.403,1125.82,521.908,1124.32
55,6,1,782.839,1322.99,4.11258,360.002
55,7,0,387.067,507.548,126.13,345.793
55,18,0,82.7885,197.019,229.615,482.885
55,33,0,585.577,685.962,70.3846,272.308
55,34,3,1491.25,2070,532.411,1029.99
55,35,3,2132.68,2526.18,219.16,557.759
55,36,5,1636.25,2560,4.83634,351.899
55,8,3,1328.37,1686.78,32.534,270.593
55,42,0,2297.79,2458.06,441.096,769.649
55,47,0,2152.02,2364.34,964.614,1438.21
55,50,1,3.75,744.375,1282.66,1908.89
55,52,0,2319.32,2547.46,1118.6,1558.49
55,54,0,684.928,766.61,16.875,212.452
55,55,0,2295.65,2548.1,1418.41,1920
55,56,3,1251.88,2235,1618.44,1912.27
56,5,1,669.82,1123.68,525.752,1122.09
56,6,1,768.762,1284.72,2.9678,369.259
56,7,0,378.99,478.702,142.212,348.173
56,18,0,77.8365,178.51,238.99,506.394
56,33,0,560.337,664.279,67.7885,279.808
56,34,3,1530.15,2090.73,521.946,998.61
56,35,3,2158.87,2549.73,205.8,548.892
56,36,5,1726.25,2560,8.10372,348.536
56,8,3,1307.77,1683.02,31.8074,276.533
56,42,0,2316.37,2481.57,416.824,739.633
56,47,0,2138.73,2352.68,920.698,1384
56,50,1,3.75,744.375,1282.66,1908.89
56,52,0,2317.75,2550.78,1073.07,1473.05
56,54,0,624.952,706.587,22.5,231.058
56,55,0,2291.02,2528.97,1359.24,1920
56,56,3,1262.5,2187.5,1520.81,1917.99
57,4,4,116.556,221.972,540.927,909.225
57,5,1,671.131,1121.08,525.336,1122.95
57,6,1,740.917,1270.14,4.39166,376.996
57,7,0,378.99,478.702,142.212,348.173
57,18,0,67.2837,165.601,265.168,521.755
57,33,0,535.24,635.529,106.442,285.288
57,34,3,1557.28,2109.44,507.725,979.065
57,35,3,2184.59,2554.75,193.57,512.743
57,36,5,1837.5,2560,6.50451,350.278
57,8,3,1272.66,1669.68,35.1256,279.225
57,42,0,2343.36,2493.26,387.736,706.2
57,47,0,2142.05,2351.2,878.986,1341.39
57,50,1,0,756.875,1202.67,1900.68
57,52,0,2316.09,2548.47,1023.31,1432.22
57,54,0,579.591,675.793,35.9135,236.106
57,55,0,2279.19,2508.87,1307.92,1886.49
57,56,3,1263.75,2165,1454.85,1920
58,4,4,23.4065,112.437,562.789,924.405
58,5,1,672.431,1122.32,526.128,1124
58,6,1,733.799,1245.74,0.614491,389.768
58,18,0,42.7404,146.01,264.303,531.274
58,33,0,507.212,622.788,96.7789,291.779
58,34,3,1587.74,2125.93,495.996,961.504
58,35,3,2216.05,2557.06,174.521,502.462
58,36,5,1925.45,2559.89,0,339.404
58,8,3,1259.83,1654.49,39.8227,284.563
58,42,0,2370.56,2507.35,358.306,668.444
58,47,0,2141.79,2343.12,849.694,1292.65
58,50,1,8.4375,758.75,1141.96,1904.84
58,52,0,2332.33,2548.54,979.571,1408.79
58,54,0,579.591,675.793,35.9135,236.106
58,55,0,2269.74,2500.4,1250.11,1811.56
58,56,3,1279.38,2130,1383.35,1920
59,4,4,23.4065,112.437,562.789,924.405
59,5,1,672.118,1122.56,509.458,1108.68
59,6,1,699.882,1233.48,7.92123,385.563
59,18,0,23.0769,136.346,274.327,561.635
59,33,0,484.183,612.74,102.837,296.683
59,34,3,1617,2149.31,475.64,942.856
59,35,3,2240.19,2560,154.376,486.842
59,36,5,1992.29,2560,0,346.106
59,8,3,1243.64,1633.27,51.0262,285.166
59,41,3,1792.88,2031.73,7.71635,179.351
59,42,0,2396.51,2541.34,336.738,637.592
59,47,0,2130.41,2346.62,808.502,1242.09
59,50,1,18.75,785.625,1103.67,1900.05
59,52,0,2330.16,2547.58,937.9,1385.2
59,55,0,2267.79,2488.05,1201.68,1740.7
59,56,3,1282.5,2122.5,1306.08,1920
60,5,1,673.829,1122.07,509.193,1108.09
60,6,1,684.29,1201,6.31933,396.424
60,18,0,3.125,113.317,284.567,573.894
60,20,0,141.827,272.404,255.288,529.904
60,33,0,455.673,577.404,85.9615,302.596
60,34,3,1647.12,2162.79,461.978,924.315
60,35,3,2261.16,2560,141.177,480.387
60,36,5,2068.67,2560,0,340.991
60,8,3,1227.76,1610.41,53.8458,292.786
60,41,3,1766.84,2115.25,0.88063,192.915
60,42,0,2426.07,2554.6,313.78,615.186
60,47,0,2142.96,2338.47,781.069,1201.22
60,50,1,50,790.625,1066.03,1908.81
60,52,0,2334.18,2544.58,894.846,1340.08
60,55,0,2275.89,2485.17,1145.56,1685.51
60,56,3,1287.5,2087.5,1258.81,1920
61,5,1,673.414,1122.21,507.095,1110.46
61,6,1,669.631,1180.42,0,408.831
61,18,0,1.20192,89.8558,309.736,587.957
61,20,0,117.981,237.596,260.913,543.894
61,33,0,430.962,561.346,99.6635,303.317
61,34,3,1668.93,2183.73,449.302,898.071
61,35,3,2293.55,2555.93,156.975,453.599
61,36,5,2147.33,2557.26,0,318.832
61,8,3,1216.38,1589.99,54.4684,299.119
61,41,3,1748.88,2116.25,6.10029,190.193
61,42,0,2472.67,2560,278.365,587.019
61,47,0,2130.17,2334.47,743.666,1160.49
61,50,1,71.25,793.75,1010.94,1915.43
61,52,0,2345.35,2553.15,858.458,1295.82
61,55,0,2273.93,2480.24,1103.01,1632.5
61,56,3,1293.75,2062.5,1190.62,1920
62,5,1,671.595,1121.76,511.963,1106.41
62,6,1,653.014,1154.53,0,415.821
62,18,0,0,70.0721,319.038,604.038
62,20,0,80.9904,228.891,267.497,554.118
62,33,0,394.663,524.567,105.865,311.827
62,34,3,1687.06,2205.38,436.555,863.833
62,35,3,2320.16,2552.63,157.37,447.016
62,36,5,2213.05,2560,9.28375,314.921
62,8,3,1175.54,1569.28,48.4577,305.492
62,41,3,1722.95,2087.01,5.61235,197.975
62,42,0,2508.1,2559.59,267.404,566.25
62,47,0,2140.73,2333.96,722.169,1119.62
62,50,1,88.4375,811.25,985.814,1918.56
62,52,0,2347.27,2551.39,817.516,1265.47
62,55,0,2276.18,2469.6,1064.49,1572.09
62,56,3,1301.25,2042.5,1145.33,1895.84
63,5,1,671.594,1119.29,510.911,1107.32
63,6,1,606.7,1135.12,0,422.152
63,18,0,2.68029,40.8774,347.019,640.673
63,20,0,43.2847,195.657,282.337,573.614
63,33,0,377.404,494.904,144.159,315.361
63,34,3,1707.3,2224.87,424.263,853.737
63,35,3,2341.43,2557.5,147.929,451.698
63,36,5,2271.44,2557.09,0,268.242
63,8,3,1156.32,1548.24,55.5056,307.292
63,41,3,1704.24,2051.63,5.47088,203.166
63,42,0,2508.1,2559.59,267.404,566.25
63,47,0,2141.51,2328.66,693.38,1087.64
63,50,1,115,822.5,947.8,1920
63,52,0,2361,2552.49,782.672,1209.7
63,55,0,2270.53,2467.39,1027.41,1533.16
63,56,3,1312.5,2023.75,1089.32,1816.91
63,63,0,2040.48,2187.21,34.1827,240.721
64,5,1,671.164,1118.48,510.392,1106.91
64,6,1,586.13,1117.91,0,430.642
64,18,0,2.68029,40.8774,347.019,640.673
64,20,0,22.4038,145.481,312.188,588.389
64,33,0,377.404,494.904,144.159,315.361
64,34,3,1738.88,2240.52,413.326,844.798
64,35,3,2369.03,2560,112.9,436.497
64,36,5,2271.44,2557.09,0,268.242
64,8,3,1141.15,1528.98,75.7092,315.416
64,41,3,1679.4,2037.21,5.68262,207.869
64,47,0,2149.34,2327.35,662.965,1051.4
64,50,1,126.562,823.75,925.577,1897.61
64,52,0,2363.74,2549.93,748.585,1182.12
64,55,0,2271.41,2468.39,993.796,1476.38
64,56,3,1328.38,2007.97,1042.54,1722.83
64,63,0,2073.7,2218.61,34.1827,242.452
65,5,1,669.558,1119.06,513.25,1104.08
65,6,1,564.01,1085.38,8.12171,441.493
65,20,0,0,121.827,318.606,603.894
65,34,3,1762.79,2255.47,406.359,806.887
65,35,3,2399.52,2558.62,100.726,428.958
65,8,3,1120.07,1498.08,72.3897,323.884
65,41,3,1658.77,2013.01,8.97975,209.617
65,47,0,2144.56,2328.58,639.376,1020.85
65,50,1,144.662,810.775,883.303,1820.68
65,52,0,2401.56,2554.45,721.362,1129.63
65,55,0,2273.95,2467.69,948.664,1436.7
65,56,3,1341.25,1994.16,969.048,1659.21
65,63,0,2087.31,2260.38,42.1875,242.668
65,65,3,1845.77,2154.23,0,92.4159
66,5,1,668.38,1118.6,515.219,1101.6
66,6,1,533.224,1064.88,8.8056,442.071
66,20,0,0,79.9519,340.096,609.519
66,34,3,1781.25,2271.03,388.978,814.59
66,35,3,2423.1,2558.23,101.756,419.327
66,8,3,1094.53,1480.65,74.6449,326.446
66,41,3,1642.22,1994.3,11.9976,212.195
66,47,0,2144.73,2334.55,614.049,993.321
66,50,1,160.407,811.407,876.041,1769.4
66,52,0,2407.04,2557.38,690.118,1098.34
66,55,0,2280.18,2464.29,920.463,1384.11
66,56,3,1346.51,1990.87,951.056,1599.56
66,63,0,2111.6,2306.82,42.6681,261.038
66,65,3,1788.46,2116.15,0,100.457
66,7,0,146.49,261.587,239.712,506.827
66,68,3,2150.96,2445.96,1.6226,109.435
67,5,1,670.539,1116.49,511.96,1104.16
67,6,1,495.55,1025.52,9.34872,454.299
67,20,0,0,79.9519,340.096,609.519
67,34,3,1805.43,2289.03,375.97,786.096
67,35,3,2446.75,2560,81.1588,419.666
67,8,3,1062.35,1463.08,84.1063,332.898
67,41,3,1616.99,1968.05,14.2427,216.306
67,47,0,2166.35,2335.75,588.328,968.387
67,50,1,173.322,843.348,850.586,1752.49
67,52,0,2417.7,2559.14,669.077,1052.75
67,55,0,2277.43,2467.11,885.065,1347.24
67,56,3,1358.01,1977.98,905.653,1530.61
67,63,0,2144.44,2358.39,48.3024,258.307
67,65,3,1788.94,2100.29,0.612981,101.142
67,7,0,110,236.538,255,527.885
67,68,3,2147.69,2409.23,0,106.262
67,69,0,2354.3,2557.64,1212.13,1781.04
68,5,1,669.601,1116.43,508.505,1106.67
68,6,1,446.983,1000.22,11.8575,464.036
68,7,0,0.432692,68.9423,204.375,412.356
68,34,3,1835.96,2305.28,365.876,763.481
68,35,3,2474.81,2559.04,91.875,385.529
68,8,3,1042.9,1441.23,89.1574,338.162
68,41,3,1598.23,1957.34,12.4388,221.502
68,47,0,2169.49,2349.11,571.984,935.948
68,50,1,185.723,847.298,820.444,1718.83
68,52,0,2429.16,2559.21,642.565,1027.6
68,55,0,2282.46,2466.89,855.138,1296.8
68,56,3,1389.89,1981.48,864.544,1468.8
68,63,0,2180.38,2401.15,60.1442,257.163
68,65,3,1745.58,2054.42,0.252403,106.983
68,7,0,98.75,211.635,278.51,542.452
68,68,3,2128.37,2363.94,0.829328,109.724
68,69,0,2344.57,2558.15,1145.59,1694.03
69,5,1,671.942,1114.75,506.695,1108.37
69,6,1,426.377,968.783,20.621,468.405
69,7,0,0.432692,68.9423,204.375,412.356
69,33,0,170.769,296.154,136.154,341.25
69,34,3,1856.29,2322.58,355.835,744.798
69,35,3,2505.41,2559.21,94.1106,379.543
69,8,3,1014.05,1425.78,106.511,341.826
69,41,3,1571.73,1936.15,16.0345,225.174
69,47,0,2182.67,2359.2,554.052,911.848
69,50,1,200.715,845.703,817.41,1702.3
69,52,0,2448.17,2558.97,615.777,987.69
69,55,0,2285.57,2462.19,825.023,1222.76
69,56,3,1395.23,1986.81,825.187,1416.02
69,63,0,2222.47,2431.31,44.7247,261.925
69,65,3,1737.5,2031.73,0.721153,113.077
69,7,0,71.9231,188.654,279.087,562.067
69,68,3,2089.42,2405.96,5.625,168.317
69,69,0,2330.27,2555.78,1075.48,1616.48
69,71,3,2386.73,2557.88,0,84.0144
70,5,1,659.102,1123.84,523.272,1124.84
70,6,1,377.935,948.805,25.8442,491.921
70,33,0,142.885,269.423,143.798,351.202
70,34,3,1875.98,2341.65,344.015,727.791
70,35,3,2526.92,2559.23,71.3942,346.298
70,8,3,988.18,1400.82,102.986,349.887
70,41,3,1548.12,1911.73,19.9481,231.863
70,47,0,2193.55,2363.83,529.626,882.478
70,50,1,216.387,847.665,794.267,1671.84
70,52,0,2455.19,2558.46,597.254,962.263
70,55,0,2289.25,2470.11,798.088,1159.24
70,56,3,1406.73,1985.46,772.099,1360.84
70,63,0,2243.66,2463.98,38.1721,264.687
70,65,3,1691.15,2016.54,1.55048,118.594
70,7,0,41.7308,165.962,300.649,572.812
70,68,3,2079.9,2403.17,1.33414,121.695
70,69,0,2313.73,2549.45,1021.73,1526.86
70,71,3,2343.27,2555.19,0.036056,84.0505
70,72,3,1070.48,1400.29,1.80288,172.284
71,5,1,657.967,1125.44,525.698,1122.8
71,6,1,365.771,903.562,34.2788,505.619
71,33,0,102.692,229.423,163.918,372.909
71,34,3,1893.27,2360.62,325.133,701.578
71,35,3,2526.92,2559.23,71.3942,346.298
71,8,3,962.906,1384.66,113.049,351.712
71,41,3,1523.58,1886.14,18.7958,237.038
71,47,0,2200.13,2370.74,516.77,863.072
71,50,1,227.695,857.127,771.965,1634.67
71,52,0,2467.01,2558.02,574.638,949.354
71,55,0,2291,2477.92,771.285,1114.43
71,56,3,1414.01,1991.32,757.557,1284.21
71,63,0,2271.45,2506.54,43.6898,262.06
71,65,3,1685.29,1994.71,0.360575,118.774
71,7,0,17.1154,132.5,325.673,596.827
71,68,3,2075.96,2400.96,0.144228,113.51
71,69,0,2305.77,2524.69,968.337,1467.82
71,71,3,2381.11,2554.28,0,81.3462
71,72,3,1035.19,1366.35,5.40865,163.486
72,5,1,656.27,1125.91,529.469,1116.28
72,6,1,366.506,863.153,38.1117,509.682
72,33,0,68.2692,204.808,155.769,381.635
72,34,3,1917.39,2376.68,320.454,694.699
72,8,3,948.165,1360.1,113.286,364.076
72,41,3,1503.05,1866.58,28.5602,238.186
72,47,0,2221.16,2390.69,507.047,851.62
72,50,1,238.099,856.262,759.477,1616.3
72,52,0,2483.58,2559.17,545.615,918.073
72,55,0,2300.24,2489.27,736.329,1060.8
72,56,3,1433.41,1986.38,724.198,1246.69
72,63,0,2307.88,2541.35,60.2164,261.418
72,65,3,1651.54,1976.15,2.1274,117.368
72,7,0,2.11538,104.808,344.279,623.798
72,68,3,2081.83,2385.87,0,110.661
72,69,0,2296.94,2511.31,915.09,1402.53
72,71,3,2382.45,2556.01,0,83.9423
72,72,3,1004.62,1336.92,5.69711,172.861
72,73,0,2016.83,2109.33,0,179.351
73,5,1,654.526,1108,503.971,1108.08
73,6,1,363.396,834.991,52.7437,516.323
73,33,0,68.2692,204.808,155.769,381.635
73,34,3,1935.5,2387.55,313.451,683.337
73,8,3,925.453,1343.11,124.714,369.888
73,41,3,1473.27,1847.79,33.307,243.496
73,47,0,2237.93,2406.43,485.313,827.288
73,50,1,259.572,862.236,763.721,1585.71
73,52,0,2492.14,2559.84,530.844,923.663
73,55,0,2300.24,2489.27,736.329,1060.8
73,56,3,1444.38,1991.58,685.243,1204.55
73,63,0,2336.06,2559.33,66.4183,254.928
73,65,3,1636.44,1948.17,0.612981,124.579
73,7,0,0.0721145,71.4183,351.562,638.438
73,68,3,2064.33,2332.6,1.33413,107.56
73,69,0,2289.3,2494.38,871.841,1334.36
73,71,3,2345.1,2547.21,0,81.1298
73,72,3,988.654,1317.5,7.64423,170.913
73,73,0,1997.93,2094.38,8.79807,186.923
74,5,1,637.281,1118.18,526.209,1131.35
74,6,1,301.154,812.816,67.4906,542.18
74,34,3,1967.86,2405.32,303.666,663.223
74,8,3,899.204,1317.34,131.408,374.942
74,41,3,1449.02,1835.01,38.4444,246.134
74,47,0,2254.4,2416.16,462.721,818.623
74,50,1,263.963,866.039,744.604,1576.69
74,52,0,2508.89,2558.8,513.317,850.529
74,56,3,1457.16,1987.52,646.521,1164.44
74,63,0,2369.47,2541.3,60,255
74,65,3,1604.62,1930.77,3.28125,120.252
74,7,0,1.34615,45.9375,392.164,679.183
74,68,3,2043.85,2319.23,0.685097,110.228
74,69,0,2282.53,2476.56,827.391,1281.18
74,71,3,2327.69,2536.92,0,84.1947
74,72,3,960.577,1291.73,8.29327,172.139
74,73,0,1981.49,2083.13,4.75961,189.375
75,5,1,650.365,1110.47,511.378,1101.85
75,6,1,224.038,771.231,76.001,549.648
75,34,3,1987.84,2423.09,290.762,649.267
75,8,3,875.718,1283.85,135.565,384.615
75,41,3,1425.91,1798.69,38.6646,249.702
75,47,0,2273.34,2435.07,448.805,803.904
75,50,1,270.137,879.608,735.192,1561.21
75,52,0,2526.8,2559.35,481.731,811.731
75,56,3,1470.15,1999.6,618.439,1115.91
75,63,0,2398.46,2558.46,58.9183,253.774
75,65,3,1589.33,1902.98,0.721157,131.322
75,7,0,1.34615,45.9375,392.164,679.183
75,68,3,2028.94,2278.75,2.05529,114.195
75,69,0,2279.73,2470.47,789.65,1232.28
75,71,3,2305.29,2494.71,0,83.6178
75,72,3,956.731,1261.73,12.6923,179.712
75,73,0,1967.79,2062.98,17.3798,192.909
75,74,3,740.641,990.226,91.9274,315.694
76,5,1,647.694,1112.2,510.6,1101.65
76,6,1,189.267,727.715,80.0244,566.802
76,34,3,2009.03,2443.06,274.504,645.474
76,8,3,851.067,1267.32,137.527,391.939
76,41,3,1402.42,1781.17,43.8659,257
76,47,0,2289.85,2452.85,439.198,755.068
76,50,1,279.675,884.403,718.744,1536.13
76,52,0,2526.8,2559.35,481.731,811.731
76,56,3,1484.5,2000.43,592.513,1087.44
76,63,0,2422.98,2560,55.2404,255.433
76,65,3,1584.13,1874.33,1.51442,126.995
76,68,3,2010.38,2275.77,0.432694,119.856
76,69,0,2261.39,2449.45,754.511,1185.04
76,71,3,2301.54,2510.77,0,85.9615
76,72,3,940.962,1240.58,17.3077,184.615
76,73,0,1962.16,2062.45,7.57211,196.947
76,74,3,710.941,971.531,99.4749,322.152
77,5,1,643.675,1113.78,513.634,1098.72
77,6,1,154.689,708.063,101.611,587.675
77,34,3,2031.03,2461.47,262.243,614.415
77,8,3,824.517,1241.76,141.703,399.649
77,41,3,1378.6,1757.53,43.465,264.199
77,47,0,2299,2464.77,419.767,729.451
77,50,1,283.144,888.167,709.756,1521.78
77,56,3,1496.83,2004.63,566.311,1040.65
77,63,0,2451.39,2560,55.6731,253.269
77,65,3,1542.4,1860.67,5.15625,148.882
77,68,3,2014.33,2274.9,0,118.341
77,69,0,2252.65,2439.93,721.909,1143.5
77,71,3,2302.31,2543.85,0,87.512
77,72,3,880.108,1209.97,16.8028,219.533
77,73,0,1958.03,2051.2,6.41827,196.37
77,74,3,676.594,947.697,100.745,330.378
78,5,1,647.288,1111.57,510.328,1099.65
78,6,1,131.822,673.962,107.205,598.04
78,34,3,2044.12,2478.17,256.295,611.403
78,8,3,792.092,1216.63,145.241,407.953
78,41,3,1360.83,1739.21,47.8771,267.992
78,47,0,2318.62,2478.93,414.466,700.249
78,50,1,292.403,908.757,695.209,1506.44
78,55,0,2342.54,2490.26,595.172,971.24
78,56,3,1510.28,2004.15,535.054,1012.07
78,63,0,2479.3,2560,60.5048,252.188
78,65,3,1529.62,1827.31,2.99279,134.243
78,68,3,1985.96,2284.81,1.44231,128.365
78,69,0,2243.13,2422.54,688.815,1100.89
78,71,3,2266.83,2536.25,0,85.2404
78,72,3,856.178,1186.61,19.1436,225.418
78,73,0,1958.49,2044.59,27.9087,208.341
78,74,3,648.224,912.595,107.324,343.438
79,5,1,626.047,1121.97,527.309,1132
79,6,1,98.8296,638.066,143.101,624.912
79,34,3,2075.4,2500.69,246.008,600.51
79,8,3,769.733,1183.98,153.301,417.847
79,41,3,1330.84,1723.71,55.7867,271.697
79,47,0,2331.1,2495.57,392.421,671.652
79,50,1,303.646,911.037,702.281,1489.32
79,55,0,2341.51,2486.24,580.44,940.207
79,56,3,1525.31,2006.92,506.828,963.666
79,63,0,2511.73,2559.04,74.1346,249.519
79,65,3,1478.56,1804.52,2.09134,151.082
79,68,3,1974.71,2277.6,1.69471,132.296
79,69,0,2239.98,2413.74,659.364,1060.96
79,71,3,2265.1,2525.67,0,85.4928
79,72,3,831.783,1165.46,27.6704,231.916
79,73,0,1948.8,2048.13,27.9808,206.25
79,74,3,604.9,914.328,109.888,345.893
80,5,1,629.426,1119.93,529.416,1128.82
80,6,1,57.9436,611.858,134.798,643.568
80,34,3,2096.99,2512.81,234.144,586.231
80,8,3,730.428,1163.69,167.098,428.467
80,41,3,1307.54,1695.5,60.4817,278.192
80,47,0,2331.1,2495.57,392.421,671.652
80,50,1,312.174,912.196,693.325,1473.47
80,55,0,2344.79,2489.05,548.131,919.999
80,56,3,1534.13,2016.79,489.556,959.288
80,63,0,2511.73,2559.04,74.1346,249.519
80,65,3,1428.17,1796.44,6.38221,150.397
80,68,3,1938.46,2243.08,0,160.024
80,69,0,2232.01,2394.29,627.799,1023.12
80,71,3,2257.12,2521.35,0,90.649
80,72,3,799.139,1142.99,24.181,229.1
80,73,0,1972.84,2054.86,23.5817,210.793
80,74,3,568.688,887.47,119.974,349.81
80,77,0,2376.84,2557.21,1324.95,1896.78
81,5,1,645.034,1111.7,518.793,1090.82
81,6,1,17.1241,592.191,142.907,658.052
81,34,3,2117.15,2535.47,229.134,576.016
81,8,3,702.278,1134.22,172.615,439.302
81,41,3,1286.81,1676.05,57.1234,289.214
81,47,0,2367.72,2527.91,375.03,676.361
81,50,1,310.268,925.719,682.258,1469.87
81,55,0,2349.93,2489.21,536.324,908.623
81,56,3,1544.63,2010.96,467.82,931.852
81,65,3,1428.65,1752.88,4.32693,157.212
81,68,3,1940.87,2216.06,1.58654,156.346
81,69,0,2217.63,2387.98,600.21,985.642
81,71,3,2258.85,2519.62,0,92.1995
81,72,3,777.808,1114.84,32.6641,232.47
81,73,0,1971.35,2056.35,22.4279,212.812
81,74,3,543.095,859.474,123.34,361.08
81,77,0,2351.71,2559.31,1281,1811.53
82,5,1,643.951,1112.45,519.483,1089.21
82,6,1,4.2086,560.97,145.395,674.69
82,34,3,2135.12,2559.74,223.282,559.902
82,8,3,679.935,1110.08,180.537,443.828
82,41,3,1255.97,1660.67,62.6362,290.016
82,47,0,2393.92,2548.54,358.343,643.917
82,50,1,318.817,927.693,683.375,1454.81
82,55,0,2357.94,2483.98,519.85,886.646
82,56,3,1560.51,2008.32,447.631,910.081
82,65,3,1377.79,1739.13,6.05769,158.077
82,68,3,1886.15,2181.54,2.23557,159.591
82,69,0,2223.47,2387.34,575.75,955.115
82,71,3,2222.69,2478.85,0,93.137
82,72,3,757.583,1087.05,33.606,240.789
82,73,0,1983.12,2069.18,37.3558,215.625
82,74,3,512.873,823.891,133.016,361.816
82,77,0,2342.09,2558.62,1234.41,1778.32
83,5,1,636.275,1114.01,506.362,1096.11
83,6,1,0,531.664,120.854,693.368
83,34,3,2153.48,2560,213.655,548.554
83,8,3,649.369,1075.21,190.928,454.959
83,41,3,1228.86,1638.63,67.5833,298.121
83,47,0,2412.45,2553,348.502,638.431
83,50,1,331.77,937.385,672.01,1438.94
83,55,0,2350.01,2484.67,501.234,853.139
83,56,3,1561.61,2013.6,435.973,829.33
83,65,3,1324.4,1701.68,2.94505,169.828
83,68,3,1855.77,2153.46,0.288463,161.971
83,69,0,2208.63,2368.94,546.964,915.601
83,71,3,2212.31,2449.23,0,97.0673
83,72,3,734.356,1069.25,36.3827,241.427
83,73,0,1986.49,2084.28,41.3221,214.976
83,74,3,490.89,803.278,140.62,370.344
83,77,0,2340.71,2559.25,1192.37,1713.66
84,5,1,633.895,1116.08,513.939,1138.1
84,6,1,5.68861,498.591,103.604,708.558
84,34,3,2172.48,2549.67,200.375,522.247
84,8,3,621.227,1049.67,200.322,464.594
84,41,3,1216.32,1605.85,72.0858,303.413
84,47,0,2436.3,2557.55,342.764,625.312
84,50,1,331.791,935.929,665.347,1434.72
84,55,0,2350.56,2482.85,490.8,830.943
84,56,3,1575.15,2007.74,412.586,808.447
84,65,3,1326.35,1689.04,8.32932,153.353
84,68,3,1831.73,2143.65,0.793269,163.197
84,69,0,2205.95,2370.31,524.959,889.211
84,71,3,2202.69,2400.38,0,91.3341
84,72,3,700.602,1038.29,48.0106,259.306
84,73,0,1979.66,2112.64,20.5529,212.957
84,74,3,456.93,780.101,143.59,380.49
84,77,0,2332.34,2559.26,1145.38,1683.48
85,5,1,634.677,1116.98,519.135,1131.59
85,6,3,1.62401,456.261,298.819,757.222
85,34,3,2198.76,2558.41,189.44,519.792
85,8,3,580.937,1022.93,205.35,479.12
85,41,3,1189.2,1587.1,72.7949,307.679
85,47,0,2446.88,2559.28,323.798,612.548
85,50,1,329.994,942.448,662.452,1428.45
85,55,0,2366.99,2488.56,470.049,809.508
85,56,3,1586.49,2013.45,395.715,774.188
85,65,3,1246.41,1646.25,0,174.924
85,68,3,1799.13,2123.94,3.10096,165.072
85,69,0,2201.04,2358.83,499.283,860.623
85,71,3,2189.9,2400.87,0,101.358
85,72,3,683.36,1020.97,54.3786,256.985
85,73,0,1989.04,2130.96,14.351,218.438
85,74,3,418.013,737.029,147.39,381.444
85,77,0,2335.09,2558.02,1115.32,1646.9
86,5,1,631.383,1116.88,522.794,1131.86
86,6,1,1.67778,446.597,164.359,762.703
86,34,3,2226.18,2560,185.906,509.907
86,8,3,556.143,990.593,211.732,487.179
86,41,3,1160.22,1562.66,76.5622,311.246
86,47,0,2479.54,2560,310.312,599.495
86,50,1,350.917,927.389,638.164,1418.5
86,55,0,2371.92,2498.58,452.189,777.966
86,56,3,1596.78,2013.57,376.754,756.151
86,65,3,1222.21,1614.56,0.620084,175.983
86,68,3,1779.9,2103.17,2.59616,175.385
86,69,0,2188.8,2352.79,477.237,820.237
86,71,3,2177.21,2398.17,0,102.115
86,72,3,658.039,993.919,57.8638,264.164
86,73,0,1999.13,2151.63,18.101,217.861
86,74,3,373.873,709.754,152.161,390.452
86,77,0,2334.88,2557,1071.55,1610.18
86,81,3,1840,2560,1560.89,1916.53
87,5,1,621.041,1120.73,524.359,1126.77
87,6,1,0.896912,445.382,145.023,783.514
87,34,3,2251.09,2560,163.615,509.579
87,8,3,522.47,957.238,218.084,508.658
87,41,3,1136.65,1543.73,86.558,318.394
87,47,0,2499.74,2558.73,300.721,569.856
87,50,1,354.308,927.693,624.786,1419.16
87,55,0,2380.09,2509.57,438.624,763.33
87,56,3,1604.91,2015.94,353.627,733.395
87,65,3,1191.36,1586.54,3.66355,185.212
87,68,3,1748.75,2125.93,2.362,188.261
87,69,0,2185.53,2352.43,462.56,804.534
87,71,3,2159.42,2406.73,0,101.394
87,72,3,638.01,970.952,60.9664,258.855
87,73,0,2014.33,2176.44,15.8654,223.125
87,74,3,344.79,696.79,160.681,399.031
87,77,0,2339.54,2556.04,1049.06,1548.18
87,81,3,1841.25,2560,1542.23,1916.58
87,82,3,2413.41,2549.66,0.0721157,63.2452
88,5,1,628.422,1116.3,522.722,1127.86
88,6,1,1.05181,476.23,137.255,803.494
88,34,3,2273.58,2560,156.319,509.343
88,8,3,486.891,922.642,231.28,516.269
88,41,3,1113.93,1510.85,87.9114,323.772
88,47,0,2499.74,2558.73,300.721,569.856
88,50,1,364.571,923.512,637.815,1411.33
88,55,0,2404.43,2539,420.504,737.998
88,56,3,1617.68,2016.89,334.894,712.812
88,65,3,1235.96,1560.96,5.19231,173.51
88,68,3,1716.89,2068.47,4.53201,196.286
88,69,0,2178.95,2333.99,436.181,771.767
88,71,3,2148.08,2359.62,0,103.486
88,72,3,606.998,939.858,62.6439,281.82
88,73,0,2023.03,2192.36,18.101,225.361
88,74,3,340.388,678.573,169.314,402.115
88,77,0,2339.32,2554.77,1008.98,1529.51
88,81,3,1836.25,2557.5,1501.3,1916.27
88,82,3,2413.89,2555.34,0,64.0024
89,5,1,639.357,1113.84,508.872,1086.58
89,6,1,8.4309,467.866,159.376,809.15
89,34,3,2294.5,2558.61,154.09,503.172
89,8,3,447.661,891.058,239.12,528.138
89,41,3,1081.89,1490.01,93.2166,331.421
89,50,1,365.43,924.643,641.78,1402.74
89,55,0,2422.51,2549.98,410.354,718.606
89,56,3,1623.21,2025.35,317.15,670.701
89,65,3,1163.88,1537.76,13.109,198.555
89,68,3,1701.63,2025.99,2.07431,205.474
89,69,0,2175.7,2331.04,416.067,750.283
89,71,3,2126.63,2344.13,0,101.178
89,72,3,584.065,921.589,75.4705,286.148
89,73,0,2042.45,2219.09,20.9135,227.452
89,74,3,324.407,613.771,171.882,432.217
89,77,0,2336.42,2555.61,985.634,1479.66
89,81,3,1826.25,2555,1468.84,1920
89,82,3,2413.89,2555.34,0,64.0024
90,5,1,628.865,1119.73,525.711,1123.58
90,6,1,0,465.802,230.28,843.899
90,34,3,2324.2,2558.38,144.433,479.528
90,8,3,420.266,858.979,247.639,537.47
90,41,3,1055.7,1460.35,92.4213,336.893
90,50,1,359.025,936.342,627.363,1389.44
90,55,0,2442.52,2555.39,387.117,703.373
90,56,3,1636.15,2034,296.914,653.238
90,65,3,1149.27,1502.39,14.2788,208.435
90,68,3,1676.44,2003.56,11.3221,187.428
90,69,0,2177.94,2324.59,397.131,730.064
90,71,3,2130.1,2365.29,0.288463,103.413
90,72,3,561.508,895.916,83.5422,296.235
90,73,0,2045.36,2242.75,16.7527,229.856
90,74,3,259.517,582.451,176.299,429.982
90,77,0,2340.26,2555.92,956.26,1440.62
90,81,3,1822.5,2552.5,1435.58,1920
90,83,0,1036.15,1153.08,0.721149,182.452
91,5,1,662.548,1125.81,521.651,1086.87
91,6,1,6.82645,291.505,230.426,860.67
91,34,3,2348.5,2560,140.422,471.39
91,8,3,404.98,822.684,258.383,551.666
91,41,3,1026.25,1439.44,107.183,344.719
91,50,1,359.453,936.206,627.651,1386.02
91,55,0,2465.98,2559.01,366.663,696.321
91,56,3,1652.14,2039.88,281.341,625.944
91,65,3,1125.22,1465.22,13.9938,215.073
91,68,3,1645.4,1977.61,7.98853,210.842
91,69,0,2180.71,2325.68,380.388,700.371
91,71,3,2105.58,2383.65,3.02885,107.452
91,72,3,532.738,869.768,80.7472,310.723
91,73,0,2055.75,2267.7,19.7888,230.615
91,74,3,259.517,582.451,176.299,429.982
91,77,0,2339.45,2551.86,934.055,1397.02
91,81,3,1830,2552.5,1401,1920
91,83,0,988.99,1103.32,0,178.125
92,5,1,667.794,1121.54,518.686,1087.65
92,6,1,9.17998,253.631,236.242,896.249
92,34,3,2371.29,2560,130.138,443.856
92,8,3,403.964,789.429,274.029,564.001
92,41,3,995.405,1411.33,113.731,353.387
92,50,1,363.688,929.631,632.661,1385.31
92,55,0,2486.63,2559.52,349.183,674.279
92,56,3,1664.22,2054.52,262.182,596.509
92,65,3,1085.38,1437.3,15.4634,212.821
92,68,3,1619.09,1944.08,9.21975,219.204
92,69,0,2185.64,2332.68,365.742,674.521
92,71,3,2082.88,2384.81,2.5601,114.339
92,72,3,509.181,846.953,95.965,314.021
92,73,0,2073.94,2286.06,41.3221,223.197
92,74,3,236.158,516.688,186.905,465.931
92,77,0,2343.87,2547.75,906.367,1372.28
92,81,3,1833.75,2548.75,1374.8,1918.05
92,83,0,952.452,1061.39,0.793269,185.986
93,5,1,664.32,1123.42,521.086,1085.14
93,6,1,13.6627,249.9,231.518,919.746
93,34,3,2396.56,2560,129.333,431.954
93,8,3,390.329,748.834,283.224,576.542
93,41,3,974.902,1392.61,119.628,359.46
93,50,1,364.324,932.621,633.258,1381.33
93,55,0,2502.24,2559.3,332.163,660.144
93,56,3,1683.68,2072.4,240.26,580.017
93,65,3,1073.1,1405.23,15.7634,222.568
93,68,3,1584.71,1917.24,11.5629,221.342
93,69,0,2203.82,2340.57,344.927,649.96
93,71,3,2055.48,2319.9,2.74039,127.5
93,72,3,485.714,823.982,98.5748,325.649
93,73,0,2090.58,2315.58,39.8077,228.173
93,74,3,236.158,516.688,186.905,465.931
93,77,0,2346.29,2550.42,878.735,1327.68
93,81,3,1852.5,2547.5,1351.39,1917.79
93,83,0,922.548,1018.99,21.6346,207.26
94,5,1,633.972,1117.1,525.341,1124.23
94,6,1,4.43719,212.916,279.729,991.453
94,34,3,2421.69,2560,117.874,438.327
94,8,3,330.968,702.482,290.563,605.209
94,41,3,941.602,1363.82,119.789,369.083
94,50,1,368.267,930.492,639.148,1374.72
94,52,0,2538.36,2560,304.327,629.711
94,55,0,2502.24,2559.3,332.163,660.144
94,56,3,1706.59,2093.66,221.737,559.344
94,65,3,1035.76,1376.18,22.7335,228.355
94,68,3,1556.82,1888.46,15.3928,227.826
94,69,0,2219.46,2354.43,322.688,630.526
94,71,3,2043.94,2266.83,0.757213,132.151
94,72,3,453.427,801.241,112.267,342.074
94,73,0,2106.45,2331.52,14.9189,238.904
94,77,0,2339.1,2550.4,862.783,1303.04
94,81,3,1868.75,2557.5,1323.83,1912.33
94,83,0,882.692,995.769,7.86058,201.707
95,5,1,629.784,1116.82,520.227,1129.15
95,6,1,0,163.991,309.403,962.449
95,34,3,2447.18,2560,107.051,431.519
95,8,3,217.361,679.632,301.648,626.521
95,41,3,915.129,1341.12,132.989,375.129
95,50,1,368.499,933.891,631.245,1373.49
95,52,0,2538.36,2560,304.327,629.711
95,56,3,1728.15,2111.92,202.289,528.473
95,65,3,1023.39,1348.77,22.8235,231.912
95,68,3,1524.42,1852.12,20.7255,238.622
95,69,0,2232.22,2366.89,309.873,605.809
95,71,3,2020.1,2281.44,2.23557,128.365
95,72,3,427.298,782.579,124.495,340.906
95,73,0,2118.12,2358.82,17.4974,241.046
95,77,0,2336.44,2544.65,838.859,1283.55
95,81,3,1866.25,2551.25,1304.04,1920
95,83,0,848.918,946.466,24.9519,216.49
96,5,1,644.937,1108.43,513.749,1075.46
96,6,1,4.32253,137.127,328.654,1060.75
96,34,3,2476.54,2560,114.808,416.538
96,8,3,170.664,640.99,315.873,639.953
96,41,3,892.183,1315.38,137.661,385.257
96,50,1,369.053,934.859,630.652,1372.54
96,56,3,1749.45,2132.76,190.479,515.907
96,65,3,979.884,1319.81,25.5743,229.62
96,68,3,1494.42,1820.13,26.7808,243.298
96,69,0,2247.12,2381.56,292.978,586.54
96,71,3,1999.04,2293.27,2.05529,131.43
96,72,3,397.442,759.553,124.575,348.238
96,73,0,2143.75,2379.33,37.4279,233.293
96,77,0,2334.47,2546.13,842.666,1263.79
96,81,3,1893.24,2552.23,1286.56,1915.8
96,83,0,800.529,907.163,20.7692,222.837
97,5,1,624.318,1116.74,519.73,1127.98
97,6,1,0,98.1459,314.456,1230.78
97,34,3,2505.6,2559.01,93.6058,383.51
97,8,3,130.978,607.051,333.884,660.227
97,41,3,868.772,1301.87,138.636,388.188
97,50,1,366.671,938.099,632.652,1374.17
97,56,3,1774.72,2155.23,171.872,498.693
97,65,3,945.709,1282.16,34.9902,240.235
97,68,3,1458.96,1793.29,34.3622,246.588
97,69,0,2262.04,2396.48,280.027,563.032
97,71,3,1974.81,2295.96,0.252399,138.93
97,72,3,384.267,739.374,125.512,353.337
97,73,0,2175.67,2406.61,25.1875,245.7
97,74,3,10.6178,344.862,238.375,488.904
97,77,0,2334.39,2548.23,786.833,1241.84
97,81,3,1896.52,2556.16,1279.69,1915.46
97,83,0,762.163,874.76,23.2212,231.49
98,5,1,643.209,1107.61,520.123,1071.18
98,6,1,0,98.1459,314.456,1230.78
98,34,3,2529.31,2559.92,96.7789,378.029
98,8,3,88.9323,566.723,350.524,671.455
98,41,3,835.822,1263.56,147.366,397.284
98,50,1,366.303,938.848,633.111,1375.18
98,56,3,1807.37,2185.93,161.466,483.731
98,65,3,919.664,1258.34,33.9229,246.694
98,68,3,1424.62,1757.81,40.0274,258.003
98,69,0,2286.92,2408.46,257.091,541.37
98,71,3,1944.13,2240.48,0.793269,156.851
98,72,3,372.662,714.166,133.958,364.524
98,73,0,2201.15,2438.85,43.2692,232.788
98,74,3,0,293.486,244.951,511.59
98,77,0,2333.23,2542.92,777.697,1218.39
98,81,3,1897.84,2560,1271.14,1915.85
98,83,0,718.51,821.49,62.6683,246.562
99,5,1,633.687,1112.94,524.457,1130.41
99,34,3,2529.31,2559.92,96.7789,378.029
99,8,3,65.9753,532.214,354.974,699.409
99,41,3,818.441,1236.63,153.366,408.696
99,50,1,367.526,932.917,632.891,1373.15
99,56,3,1838.04,2220.97,147.721,454.704
99,65,3,878.882,1231.91,42.7339,267.602
99,68,3,1393.26,1731.37,35.327,266.034
99,69,0,2303.19,2436.12,240.49,529.924
99,71,3,1921.92,2244.23,1.22596,160.312
99,72,3,367.098,685.803,135.379,371.298
99,73,0,2232.83,2461.66,21.5541,242.606
99,74,3,0.702229,315.31,258.719,509.248
99,77,0,2330.37,2536.61,752.789,1187.39
99,81,3,1902.38,2560,1256.04,1917.66
99,83,0,660.865,785.288,37.4279,241.947
99,82,3,2182.88,2506.35,1.26202,103.954
100,5,1,635.194,1112.23,521.537,1131.94
100,8,3,16.7713,498.927,376.649,698.207
100,41,3,796.339,1208.67,160.283,421.397
100,50,1,370.47,930.914,632.474,1373.63
100,56,3,1865.05,2252.59,125.525,438.409
100,65,3,854.715,1206.11,47.0618,270.261
100,68,3,1361.92,1697.55,45.6766,272.973
100,69,0,2321.18,2458.4,224.317,505.807
100,71,3,1892.4,2199.9,3.75,162.548
100,72,3,354.061,666.449,137.448,378.703
100,73,0,2267.04,2497.03,14.4428,242.679
100,74,3,0,278.014,260.702,540.274
100,77,0,2327.93,2527.04,741.091,1143.72
100,81,3,1913.73,2560,1248.35,1912.72
100,83,0,630.938,729.062,66.274,251.899
100,82,1,2151.25,2519.52,1.47837,109.724
100,87,0,743.942,863.75,1.69471,126.238
101,5,1,634.639,1112.14,521.327,1129.13
101,8,3,3.38757,462.314,392.312,719.213
101,41,3,768.221,1182.72,159.523,424.547
101,50,1,369.637,931.588,636.514,1372.98
101,56,3,1899.6,2285.16,120.896,425.044
101,65,3,817.953,1174.71,56.6989,267.325
101,68,3,1325.76,1668.26,47.6491,283.165
101,69,0,2349.42,2465.96,208.486,493.053
101,71,3,1862.98,2164.71,2.16346,161.827
101,72,3,298.139,646.548,138.47,392.696
101,73,0,2311.27,2537.22,15.8817,241.073
101,74,3,0,250.767,268.262,548.655
101,77,0,2332.12,2524.51,726.162,1122.25
101,81,3,1911.25,2560,1233.94,1918.39
101,83,0,630.938,729.062,66.274,251.899
101,82,3,2114.52,2473.17,1.73077,100.889
101,87,0,743.942,863.75,1.69471,126.238
102,5,1,636.504,1112.61,526.797,1126.93
102,8,3,3.26298,432.861,403.35,744.77
102,41,3,732.486,1160.51,171.934,433.143
102,50,1,370.741,929.955,635.63,1373.54
102,56,3,1932.45,2310.92,106.866,411.385
102,65,3,787.882,1149.11,53.3091,278.809
102,68,3,1294.22,1640.34,56.2363,291.034
102,69,0,2376.15,2488.46,203.942,476.827
102,71,3,1841.15,2140.38,4.83173,159.736
102,72,3,256.876,619.164,144.495,391.713
102,73,0,2355.87,2557.35,14.3656,246.139
102,74,3,0,239.36,277.783,551.948
102,77,0,2330.4,2525.39,709.051,1101.63
102,81,3,1918.4,2560,1223.12,1917.85
102,82,3,2100.87,2483.75,1.62259,109.363
103,5,1,632.069,1113.2,528.818,1123.19
103,8,3,0,413.84,414.674,753.272
103,41,3,706.248,1134.82,180.213,438.569
103,50,1,365.249,935.562,633.757,1373.47
103,56,3,1966.36,2334.44,101.116,396.338
103,65,3,759.384,1118.33,66.5278,274.42
103,68,3,1263.04,1607.23,64.1584,297.585
103,69,0,2401.92,2511.92,191.106,451.587
103,71,3,1811.83,2117.4,1.37019,172.716
103,72,3,215.235,594.632,148.551,403.928
103,73,0,2412.16,2560,35.4808,233.654
103,74,3,0,216.61,291.302,542.092
103,77,0,2335.31,2518.12,689.528,1074.4
103,81,3,1917.03,2560,1220.8,1914.26
103,82,3,2092.88,2402.5,0,109.327
104,5,1,633.408,1111.38,522.916,1132.88
104,8,3,5.50017,323.46,427.254,784.723
104,41,3,680.572,1108.7,193.467,448.844
104,50,1,367.421,931.985,635.426,1373.16
104,56,3,2000.79,2371.76,89.8642,379.306
104,65,3,727.053,1081.9,76.0584,293.636
104,68,3,1230.96,1576.32,71.6859,311.327
104,69,0,2426.83,2551.63,166.01,439.76
104,71,3,1779.65,2115.62,0.627687,196.593
104,72,3,186.332,557.937,161.255,410.869
104,73,0,2470.89,2559.88,31.1539,236.683
104,74,3,0,207.782,301.536,609.638
104,77,0,2333.36,2519.55,682.515,1059.96
104,81,3,1922.87,2560,1206.44,1920
104,82,3,2074.04,2415.19,1.00962,111.779
105,5,1,631.831,1109.69,516.276,1137.32
105,8,3,3.99332,338.761,444.304,801.631
105,41,3,653.047,1080.87,196.801,461.882
105,50,1,368.014,934.649,640.476,1372.82
105,56,3,2034.55,2418,77.7416,372.172
105,65,3,700.711,1054.26,78.877,296.295
105,68,3,1201.57,1547.85,77.948,319.719
105,69,0,2452.79,2556.44,148.269,420.288
105,71,3,1759.42,2068.27,5.69712,183.534
105,72,3,166.783,523.89,172.673,425.352
105,73,0,2470.89,2559.88,31.1539,236.683
105,74,3,0,170.516,316.304,599.034
105,77,0,2335.41,2526.11,662.601,1040.88
105,81,3,1937.75,2560,1199.94,1888.76
105,82,1,2026.32,2560,0,135.931
106,5,1,631.66,1111.74,519.387,1136.05
106,8,3,0.348177,289.783,460.449,828.434
106,41,3,620.673,1055.71,207.639,465.773
106,50,1,367.661,934.296,638.985,1372.05
106,56,3,2033.6,2465.94,56.7309,350.229
106,65,3,667.56,1033.4,88.7706,293.265
106,68,3,1170.1,1522.96,83.8713,326.663
106,69,0,2488.05,2558.1,148.125,404.856
106,71,3,1729.42,2039.81,7.06731,190.817
106,72,3,135.504,499.655,175.208,440.078
106,74,3,0,148.835,327.153,612.309
106,77,0,2330.56,2524.17,650.447,1022.93
106,81,3,1940.34,2560,1190.33,1895.4
106,82,3,2018.17,2360.29,0.504806,90.649
106,88,3,1110,2007.5,1642.16,1915.1
107,5,1,629.074,1112.44,516.408,1142.93
107,8,3,0,252.195,488.288,849.265
107,41,3,594.097,1031.21,212.523,471.494
107,50,1,367.456,935.753,638.405,1372.72
107,52,0,2519.16,2557.76,116.971,376.875
107,56,3,2091.02,2532.31,37.3532,346.744
107,65,3,642.804,999.824,97.3975,301.443
107,68,3,1136.55,1492.35,93.4713,334.785
107,69,0,2488.05,2558.1,148.125,404.856
107,71,3,1698.54,2019.12,3.49753,205.437
107,72,3,98.873,472.205,180.322,443.114
107,74,3,0,148.835,327.153,612.309
107,77,0,2329.76,2531.24,637.958,1005.64
107,81,3,1943.07,2560,1178.06,1900.99
107,82,3,1989.9,2299.33,0.0721121,120.938
107,88,3,1082.5,1940,1589.14,1917.73
108,5,1,628.317,1111.8,519.919,1140.47
108,8,3,0,216.546,499.674,869.618
108,41,3,573.588,1007.83,212.461,482.637
108,50,1,370.093,932.73,636.963,1374.33
108,52,0,2519.16,2557.76,116.971,376.875
108,56,3,2108.04,2542.62,33.0577,333.222
108,65,3,611.842,974.927,98.7728,313.605
108,68,3,1109.85,1464.09,96.146,341.066
108,71,3,1667.98,1999.22,7.22765,211.099
108,72,3,68.6688,448.993,183.97,462.153
108,77,0,2341.16,2527.85,627.013,988.21
108,81,3,1947.32,2560,1169.59,1900.33
108,82,3,1972.02,2289.52,0,118.305
108,88,3,1051.25,1882.5,1536.25,1915.57
109,5,1,634.005,1108.49,516.579,1142.61
109,8,3,1.43983,177.678,513.774,907.169
109,41,3,537.472,982.672,217.965,495.979
109,50,1,369.158,934.55,636.024,1373.03
109,56,3,2161.48,2547.89,24.4632,327.907
109,65,3,581.281,955.252,95.9885,320.253
109,68,3,1079.1,1437.08,103.041,360.06
109,71,3,1640.95,1970.41,10.3343,213.361
109,72,3,29.2793,420.528,187.231,473.022
109,77,0,2347.78,2532.89,611.947,982.908
109,81,3,1976.04,2560,1173.5,1884.96
109,82,3,1931.83,2271.25,2.01922,133.125
109,88,3,1037.5,1830,1466.21,1913.54
110,5,1,629.015,1109.44,516.838,1143.63
110,8,3,0,138.407,525.148,922.015
110,41,3,510.855,955.662,222.092,504.587
110,50,1,368.7,934.781,631.845,1372.28
110,56,3,2201.88,2556.46,15.4432,319.294
110,65,3,552.429,924.396,106.077,316.498
110,68,3,1046.32,1410.38,114.996,366.261
110,71,3,1610.96,1943.09,10.5737,219.637
110,72,3,6.58932,408.193,208.755,478.965
110,77,0,2360.12,2539.36,603.447,955.976
110,81,3,1982.84,2560,1165.99,1862.75
110,82,3,1906.15,2250.77,1.22596,133.486
110,88,3,1027.5,1795,1421.13,1920
111,5,1,636.487,1110.85,519.752,1135.85
111,8,3,1.04007,101.728,511.41,1048.99
111,41,3,488.093,930.328,233.428,512.564
111,50,1,370.675,934.274,638.746,1373.78
111,56,3,2241.13,2557.82,26.3648,298.204
111,65,3,522.131,894.008,103.942,325.946
111,68,3,1021.07,1382.65,119.313,380.204
111,71,3,1574.81,1901.47,15.1946,227.991
111,72,3,5.41716,355.446,216.021,486.536
111,77,0,2367.73,2545.35,592.923,942.816
111,81,3,1989.47,2560,1163.48,1873.29
111,82,3,1876.06,2216.25,2.59616,132.332
111,88,3,1026.25,1766.25,1378.4,1919.39
112,5,1,637.785,1111.8,522.764,1129.97
112,8,3,2.2014,61.7113,576.408,1120.59
112,41,3,470.966,913.106,246.005,513.605
112,50,1,367.333,938.76,640.03,1372.38
112,56,3,2273.41,2557.66,22.4093,289.896
112,65,3,492.52,862.947,112.824,351.102
112,68,3,991.765,1355.03,128.295,390.976
112,71,3,1544.98,1874.21,20.9238,234.527
112,72,3,4.74538,299.241,224.702,502.776
112,77,0,2383.33,2555.57,581.16,937.573
112,81,3,1995.25,2560,1155.6,1843.24
112,82,3,1834.62,2180.77,0,155.192
112,88,3,1035,1737.5,1321.19,1918.67
113,5,1,640.015,1109.89,525.024,1132.53
113,8,3,2.2014,61.7113,576.408,1120.59
113,41,3,432.319,883.07,244.575,529.738
113,50,1,368.874,938.909,634.551,1371.38
113,56,3,2300.8,2555.17,17.9943,289.495
113,65,3,461.021,838.939,121.197,356.656
113,68,3,961.214,1331.91,136.04,397.521
113,71,3,1510.68,1847.63,23.4959,242.245
113,72,3,0,289.194,239.701,516.488
113,77,0,2393.19,2555.59,571.2,931.275
113,81,3,2014.48,2560,1151.13,1850.79
113,82,3,1781.42,2180.19,2.22024,163.614
113,88,3,1035,1710,1293.33,1901.85
113,91,0,1922.13,2242.12,1516.18,1916.75
114,5,1,638.737,1110.22,525.513,1130.14
114,41,3,423.374,864.046,252.839,533.068
114,50,1,369.055,934.585,636.566,1372.14
114,56,3,2328.02,2553.2,8.05923,301.836
114,65,3,431.68,808.216,127.715,366.152
114,68,3,932.608,1305.76,143.415,405.119
114,71,3,1474.45,1810.42,31.0872,244.743
114,72,3,1.06502,260.893,244.067,533.607
114,77,0,2401.99,2557.56,564.798,922.452
114,81,3,2037.04,2560,1145.85,1866.31
114,82,3,1768.85,2114.23,4.75961,163.413
114,88,3,1042.5,1702.5,1245.61,1834.04
114,91,0,1831.38,2133.53,1459.2,1919.35
115,5,1,638.092,1112.57,525.575,1127.03
115,41,3,400.129,840.775,259.823,540.565
115,50,1,368.877,933.992,635.904,1373.09
115,56,3,2367.06,2560,2.69179,274.457
115,65,3,394.238,780.598,130.775,386.269
115,68,3,907.216,1280.73,152.844,417.407
115,71,3,1440.49,1778.76,33.77,253.107
115,72,3,0,225.177,257.808,547.879
115,77,0,2411.46,2556.89,546.548,915.319
115,81,3,2050.35,2560,1135.26,1850.2
115,82,3,1710.98,2080.33,1.85733,175.898
115,88,3,1071.25,1700,1213.45,1764.01
115,91,0,1769.26,2053.44,1416.19,1918
115,92,3,2223.65,2557.88,1.18991,84.6995
116,5,1,647.667,1108.67,508.235,1080.82
116,41,3,402.254,814.638,265.266,547.83
116,50,1,367.509,932.9,637.196,1371.87
116,56,3,2391.7,2560,0,260.437
116,65,3,376.633,754.55,127.871,396.174
116,68,3,879.174,1252.69,161.95,434.886
116,71,3,1404.53,1736.74,35.8017,270.686
116,72,3,0,189.643,269.56,562.836
116,77,0,2424.33,2556.29,543.127,905.894
116,81,3,2055.43,2560,1116.35,1820.81
116,82,3,1683.14,2038.77,2.05402,192.083
116,88,3,1075.62,1717.5,1167.08,1726.41
116,91,0,1723.09,1978.95,1365.01,1915.88
116,92,3,2210.77,2404.62,0,91.6947
117,5,1,646.734,1108.76,508.353,1079.12
117,41,3,407.127,790.902,273.749,550.004
117,50,1,368.164,932.728,634.549,1371.56
117,56,3,2419.76,2558.7,0,247.5
117,65,3,355.538,720.311,134.666,389.553
117,68,3,848.823,1228.13,166.37,437.447
117,71,3,1370.71,1702.84,49.3352,275.028
117,72,3,0,160.021,281.317,564.946
117,77,0,2437.36,2557.28,541.868,888.889
117,81,3,2070.15,2560,1113.75,1820.97
117,82,3,1668.89,2008.57,1.71003,190.537
117,88,3,1097.5,1720,1136.71,1681.85
117,91,0,1672.56,1958.21,1309.88,1903.97
117,92,3,2186.63,2413.37,0.216343,93.6058
118,5,1,646.082,1109.35,511.99,1074.67
118,41,3,401.711,766.306,278.686,559.565
118,50,1,368.726,933.014,637.105,1373.93
118,56,3,2445.19,2560,0,233.726
118,65,3,345.736,698.854,146.48,401.966
118,68,3,821.348,1201.39,170.582,449.854
118,71,3,1325.19,1666.45,56.6388,282.304
118,72,3,0,128.955,287.092,617.313
118,77,0,2452.88,2556.96,538.06,882.78
118,81,3,2076.36,2558.43,1112.14,1817.98
118,82,3,1626.84,1974.15,4.03309,200.286
118,88,3,1112.5,1727.5,1100.44,1634.22
118,91,0,1681.37,1918.62,1263.19,1829.6
118,92,3,2154.33,2356.44,0,97.7163
119,5,1,648.201,1110.34,518.733,1074.17
119,41,3,395.667,747.324,290.873,571.102
119,50,1,367.868,936.721,636.57,1373.94
119,56,3,2480,2560,0,219.736
119,65,3,335.961,668.415,155.138,388.593
119,68,3,795.641,1178.25,181.251,462.61
119,71,3,1285.95,1630.04,65.0152,294.766
119,72,3,1.25,101.346,301.442,607.211
119,77,0,2466.7,2556.08,523.634,878.354
119,81,3,2080.99,2559.89,1104.63,1814.88
119,82,3,1588.55,1938.75,3.90751,201.507
119,88,3,1145,1752.5,1066.15,1570.06
119,91,0,1683.25,1907.52,1216.25,1775.78
119,92,3,2129.9,2353.17,0,98.6899
120,5,1,636.707,1114.44,527.128,1124.56
120,41,3,312.315,726.845,295.703,582.402
120,50,1,367.04,937.91,637.587,1370.65
120,56,3,2517.75,2559.17,0,211.298
120,65,3,241.387,626.101,162.953,391.083
120,68,3,766.904,1148.2,190.153,468.71
120,71,3,1253.19,1591.54,70.4904,306.121
120,72,3,0,75.601,307.5,610.385
120,77,0,2484.37,2557.85,509.143,877.296
120,81,3,2093.38,2557.77,1101.2,1812.57
120,82,3,1557.36,1901.45,8.51792,210.951
120,88,3,1161.25,1781.25,1025.48,1532.64
120,91,0,1699.18,1915.23,1176.14,1718.2
120,92,3,2106.44,2388.94,0,106.262
121,5,1,635.499,1114.4,528.596,1124.39
121,41,3,235.295,704.017,280.964,600.331
121,50,1,367.433,938.302,633.275,1371.36
121,56,3,2517.75,2559.17,0,211.298
121,65,3,220.656,598.389,163.211,398.784
121,68,3,735.205,1131.16,202.117,473.062
121,71,3,1215.42,1554.02,76.2569,316.322
121,72,3,0.15625,39.0024,335.769,659.423
121,77,0,2493.24,2559.89,482.642,874.359
121,81,3,2105.27,2555.27,1104.88,1803.34
121,82,3,1522.03,1861.13,6.56208,213.948
121,88,3,1191.25,1795,988.431,1498.83
121,91,0,1726.58,1934.48,1123.29,1670.13
121,92,3,2077.98,2318.94,0,105.721
122,5,1,635.125,1115.2,524.393,1127.47
122,41,3,202.003,684.1,298.574,608.116
122,50,1,367.161,937.473,635.705,1371.64
122,65,3,201.611,559.066,171.587,396.895
122,68,3,715.007,1105.64,208.063,484.419
122,71,3,1171.56,1522.79,83.0426,321.131
122,72,3,0.15625,39.0024,335.769,659.423
122,77,3,2509.39,2560,402.709,868.851
122,81,3,2109.55,2557.03,1100.97,1802.26
122,82,3,1473.62,1826.66,4.5238,227.261
122,88,3,1220.62,1822.5,951.638,1455.5
122,91,0,1748.98,1963.69,1089.47,1614.2
122,92,3,2036.83,2344.71,0.649037,109.111
123,5,1,635.208,1113.18,523.115,1127.99
123,41,3,169.686,668.546,306.436,608.696
123,50,1,366.776,934.38,635.511,1370.9
123,65,3,167.306,539.092,187.358,429.026
123,68,3,685.588,1080.43,211.446,495.671
123,71,3,1126.74,1482.2,107.152,339.498
123,77,0,2537.5,2559.43,395.524,882.965
123,81,3,2125.12,2557.08,1091.57,1798.36
123,82,3,1438.02,1783.72,8.87811,231.018
123,88,3,1244.38,1845,904.755,1409.96
123,91,0,1785.39,1990.72,1050.69,1566.16
123,92,3,2011.92,2286.54,0.540866,118.738
123,94,3,1284.91,2216.39,1746.67,1920
124,5,1,636.422,1111.72,518.317,1133.44
124,41,3,155.796,642.03,320.246,614.318
124,50,1,366.427,935.141,634.948,1370.52
124,65,3,134.983,507.769,182.012,448.862
124,68,3,661.456,1058.38,221.408,505.667
124,71,3,1085.13,1443.98,103.343,348.906
124,77,0,2537.5,2559.43,395.524,882.965
124,81,3,2137.29,2560,1091.53,1801.69
124,82,3,1411.23,1745.64,11.2064,239.866
124,88,3,1277.25,1853.44,880.29,1357.07
124,91,0,1819.01,2032.46,1007.36,1519.81
124,92,3,1975.67,2276.63,1.875,124.976
124,94,3,1263.48,2185.91,1703.15,1919.04
124,95,1,964.877,1646.36,12.5371,204.244
125,5,1,633.186,1111.74,515.446,1137.85
125,41,3,108.359,620.735,328.934,627.782
125,50,1,366.652,937.801,635.351,1369.67
125,65,3,93.5003,474.196,190.869,459.14
125,68,3,638.598,1040.5,222.447,510.128
125,71,3,1054.53,1405.07,118.9,356.596
125,81,3,2150.4,2560,1086.14,1795.09
125,82,3,1354.54,1700.91,14.0652,246.439
125,88,3,1311.28,1870.08,846.059,1314.07
125,91,0,1852.85,2066.57,972.74,1467.01
125,92,3,1941.83,2239.71,2.27164,124.796
125,94,3,1245,2185,1650.36,1916.46
125,95,3,947.377,1516.09,3.68739,220.496
125,96,3,2433.22,2560,0.270433,55.7272
126,5,1,623.067,1113.69,520.46,1134.08
126,41,3,79.9659,595.038,332.718,638.243
126,50,1,367.078,936.834,634.016,1369.77
126,65,3,61.8571,452.247,198.285,484.145
126,68,3,618.921,1018.76,236.467,527.609
126,71,3,1014.4,1369.94,130.06,372.023
126,81,3,2173.36,2560,1090.43,1778.24
126,82,3,1307.79,1663.33,25.6725,255.901
126,88,3,1341.74,1893.22,813.812,1278.3
126,91,0,1906.52,2094.72,937.53,1416.95
126,92,3,1905.1,2211.83,0.360575,130.962
126,94,3,1225.62,2135,1612.77,1916.67
126,95,3,884.33,1425.94,0,248.95
126,96,3,2400.19,2559.81,0,59.9279
127,5,1,632.79,1114.51,522.452,1129.11
127,41,3,43.9314,573.088,339.288,638.611
127,50,1,366.227,937.933,635.141,1370.35
127,65,3,28.1679,410.54,211.185,486.8
127,68,3,595.66,1001.9,235.606,543.677
127,71,3,979.178,1335.85,137.86,380.311
127,81,3,2194,2560,1080.32,1767.96
127,82,3,1259.48,1622.83,40.577,265.362
127,88,3,1382.61,1915.31,777.932,1222.99
127,91,0,1942.83,2140.75,899.214,1373.74
127,92,3,1869.81,2176.35,0,139.543
127,94,3,1221.25,2100,1555.15,1919.49
127,95,3,818.446,1268.61,2.81789,249.606
127,96,3,2404.52,2560,0,59.3329
128,5,1,637.497,1112.33,526.05,1127.25
128,41,3,20.2961,543.16,349.755,650.139
128,50,1,371.108,935.81,639.483,1371.65
128,65,3,7.32458,351.506,221.258,486.338
128,68,3,579.941,980.37,245.754,547.977
128,71,3,952.959,1296.89,146.856,394.497
128,81,3,2224.87,2560,1060.85,1722.15
128,82,3,1216.64,1577.08,48.1,272.94
128,88,3,1395.81,1944.74,750.431,1191.38
128,91,0,1980.76,2176.57,860.063,1330.66
128,92,3,1818.27,2141.73,0,142.212
128,94,3,1197.5,2047.5,1515.44,1920
128,95,3,737.635,1206.67,2.57149,266.699
128,96,3,2354.81,2555.96,0,83.0048
129,5,1,635.135,1112.76,525.018,1129.82
129,41,3,3.64775,514.462,355.901,658.605
129,50,1,371.357,935.783,638.462,1375.47
129,65,3,6.05894,352.263,226.19,490.713
129,68,3,560.854,962.36,250.248,551.293
129,71,3,918.87,1264.31,154.158,407.037
129,81,3,2247.24,2560,1077.05,1706.6
129,82,3,1166.65,1534.37,57.1657,288.07
129,88,3,1436.25,1964.67,717.78,1153.7
129,91,0,2024.54,2222.44,833.808,1285.28
129,92,3,1783.56,2102.6,1.65865,158.438
129,94,3,1191.25,2011.25,1472.55,1920
129,95,3,688.199,1152.39,8.04935,263.255
129,96,3,2324.42,2555.58,0,88.5577
130,5,1,633.327,1114.81,522.447,1132.89
130,41,3,0.33802,497.738,351.258,672.738
130,50,1,369.809,936.998,633.559,1376.53
130,65,3,7.57442,334.475,233.866,485.206
130,68,3,540.822,949.798,261.617,553.471
130,71,3,873.635,1233.72,166.507,412.957
130,81,3,2269.96,2555.75,1079.59,1706.3
130,82,3,1131.24,1488.09,62.3946,298.342
130,88,3,1467.56,1979.12,699.961,1107.59
130,91,0,2060.82,2245.56,799.688,1238.98
130,92,3,1747.31,2068.08,4.83173,160.889
130,94,3,1200,1977.5,1437.89,1920
130,95,3,625.085,1084.96,16.6204,289.224
130,96,3,2291.06,2518.17,0,86.5024
131,5,1,634.703,1116.19,522.671,1128.84
131,41,3,4.53516,472.113,359.399,686.061
131,50,1,369.521,931.06,634.848,1374.2
131,65,3,0,279.867,248.015,511.226
131,68,3,521.148,935.551,265.84,561.135
131,71,3,847.121,1192.99,172.533,427.458
131,81,3,2285.75,2556.47,1093.39,1678.99
131,82,3,1077.83,1448.26,69.1637,310.552
131,88,3,1501.3,1998.79,658.052,1086.38
131,91,0,2089.61,2276.25,763.378,1203.21
131,92,3,1704.71,2027.6,3.82211,168.389
131,94,3,1190.62,1947.5,1395.66,1920
131,95,3,568.418,1016.82,15.1326,295.361
131,96,3,2259.04,2488.65,0,97.3558
132,5,1,636.146,1116.57,522.737,1127.95
132,41,3,8.15796,432.647,361.401,692.317
132,50,1,369.202,932.251,634.999,1374.53
132,65,3,0,258.606,255.635,513.692
132,68,3,504.284,919.447,271.175,567.879
132,71,3,821.551,1167.16,178.158,439.511
132,81,3,2314.85,2560,1097.51,1616.51
132,82,3,1045.64,1401.18,71.5869,322.698
132,88,3,1540.55,2026.55,642.37,1043.09
132,91,0,2129.26,2310.91,735.236,1160.55
132,92,3,1671.15,1990.38,4.39904,175.457
132,94,3,1202.5,1932.5,1359.63,1920
132,95,3,498.75,967.357,29.7613,303.665
132,96,3,2197.12,2560,0.432694,97.7885
133,5,1,633.896,1115.62,524.081,1125.76
133,41,3,1.58512,424.342,373.716,694.647
133,50,1,369.635,933.097,632.243,1374.67
133,65,3,0,237.011,259.362,530.068
133,68,3,480.185,906.518,274.805,567.73
133,71,3,783.037,1141.37,188.616,451.618
133,81,3,2329.08,2558.76,1076.65,1559.47
133,82,3,994.53,1354.53,78.3918,334.972
133,88,3,1567.25,2044.78,609.88,1006.32
133,91,0,2164.86,2336.47,706.908,1126.49
133,92,3,1631.92,1946.54,8.14904,177.332
133,94,3,1235,1940,1322.28,1914.09
133,95,3,445.598,895.127,38.4156,332.846
133,96,3,2181.44,2520.1,0,108.209
134,5,1,635.812,1115.3,522.178,1128.09
134,41,3,4.47343,317.962,381.219,705.885
134,50,1,370.161,932.798,632.933,1374.82
134,65,3,0,215.859,267.358,543.673
134,68,3,459.948,882.989,284.914,574.851
134,71,3,766.6,1108.02,193.825,456.843
134,81,3,2352.39,2558.7,1108.33,1605.62
134,82,3,956.841,1315.17,88.7259,344.555
134,88,3,1595.26,2066.62,587.211,974.281
134,91,0,2203.49,2361.24,678.269,1085.84
134,92,3,1582.23,1915.25,0,199.512
134,94,3,1248.75,1945,1281.59,1907.66
134,95,3,381.83,833.724,54.662,400.783
134,96,3,2130.96,2478.27,0,110.877
135,5,1,637.787,1112.04,520.29,1132.34
135,41,3,0.170765,312.59,390.243,721.838
135,50,1,367.553,935.019,630.544,1374.97
135,65,3,0,172.798,278.353,540.603
135,68,3,442.607,868.784,288.837,582.729
135,71,3,758.8,1091.99,198.371,466.085
135,81,3,2376.27,2560,1095.63,1623.45
135,82,3,928.247,1273.95,100.337,356.948
135,88,3,1634.49,2085.26,561.485,948.932
135,91,0,2228.86,2385.19,654.22,1053.03
135,92,3,1547.14,1870.55,3.27159,203.029
135,94,3,1271.88,1957.5,1245.47,1872.54
135,95,3,295.583,780.158,56.6703,398.424
135,96,3,2090.96,2475.19,0,110.517
135,102,1,1885,2560,1453.25,1913.51
136,5,1,630.698,1114.07,521.529,1130.22
136,41,3,0,301.216,397.015,729.44
136,50,1,368.211,934.293,629.075,1373.14
136,65,3,0,160.678,280.83,547.73
136,68,3,425.473,850.584,288.999,604.492
136,71,3,721.354,1068.32,208.447,471.208
136,81,3,2411.82,2560,1114.92,1609.19
136,82,3,875.928,1247.62,108.596,368.612
136,88,3,1662.77,2112.12,536.871,890.25
136,91,0,2253.08,2410.75,623.965,1020.59
136,92,3,1499.61,1832.63,6.05953,209.26
136,94,3,1301.25,1980,1206.3,1791.94
136,95,3,286.962,729.629,78.9279,433.516
136,96,3,2066.83,2336.25,2.52404,117.188
136,102,1,1817.5,2555,1392.1,1920
137,5,1,623.926,1115.51,526.528,1129.53
137,41,3,0,289.519,404.878,735.463
137,50,1,368.477,935.389,622.52,1375.72
137,65,3,0,160.678,280.83,547.73
137,68,3,414.146,831.621,289.83,610.682
137,71,3,701.221,1052.28,214.775,477.071
137,81,3,2411.82,2560,1114.92,1609.19
137,82,3,838.42,1205.16,114.477,375.559
137,88,3,1695.58,2137.58,515.836,858.928
137,91,0,2273.58,2437.09,602.027,987.107
137,92,3,1473.9,1789.5,10.4562,217.614
137,94,3,1317.5,2005,1174.36,1728.79
137,95,3,201.245,681.052,100.465,437.908
137,96,3,2023.94,2342.21,1.80289,124.111
137,102,1,1716.25,2560,1352.83,1913.73
138,5,1,635.684,1109.47,523.093,1131.49
138,41,3,0,259.571,423.785,771.835
138,50,1,368.457,932.332,626.144,1374.21
138,68,3,415.752,817.062,296.479,611.741
138,71,3,689.949,1035.22,218.532,483.839
138,82,3,816.632,1169.15,125.687,379.913
138,88,3,1722.62,2159.65,487.717,829.388
138,91,0,2290.42,2454.57,576.515,947.227
138,92,3,1439.4,1745.6,14.986,230.58
138,94,3,1355,2017.5,1124.62,1682.92
138,95,3,142.811,616.566,130.326,436.224
138,96,3,1977.88,2320.58,3.28125,133.017
138,102,1,1698.75,2552.5,1315.82,1890.44
139,5,1,632.056,1110.61,518.209,1138.53
139,41,3,0.487833,229.687,425.071,776.44
139,50,1,368.02,932.308,623.773,1373.49
139,68,3,410.896,799.1,301.007,632.813
139,71,3,662.85,1015.37,217.372,493.931
139,82,3,770.215,1139.47,136.517,393.316
139,88,3,1762.08,2188.68,462.288,800.638
139,91,0,2319.92,2474.69,555.783,914.958
139,92,3,1399.28,1705.4,19.8143,236.358
139,94,3,1387.5,2043.75,1094.84,1622.4
139,95,3,142.811,616.566,130.326,436.224
139,96,3,1951.92,2294.23,0.793269,138.966
139,102,1,1672.5,2552.5,1267.18,1897.93
140,5,1,631.052,1112.54,523.913,1131.57
140,41,3,1.57985,202.543,430.538,811.039
140,50,1,368.226,933.479,623.215,1372.93
140,68,3,381.049,778.848,312.822,636.349
140,71,3,644.528,1006.9,205.149,511.683
140,82,3,726.549,1103.64,142.825,391.709
140,88,3,1796.7,2218.35,443.619,768.809
140,91,0,2344.81,2497.89,533.817,891.745
140,92,3,1353.03,1663.45,24.3441,246.999
140,94,3,1427.5,2068.75,1062.43,1559.15
140,96,3,1883.9,2270.4,0,168.908
140,102,1,1672.5,2560,1210.48,1901.88
141,5,1,623.918,1115.14,527.045,1130.49
141,41,3,0,170.627,440.777,807.013
141,50,1,369.13,933.556,626.368,1370.79
141,68,3,383.954,764.278,318.038,632.761
141,71,3,619.412,1007.81,210.66,507.98
141,82,3,713.677,1082.84,152.334,392.239
141,88,3,1833.27,2239.41,416.619,740.937
141,91,0,2370.28,2505.87,511.857,862.722
141,92,3,1307.01,1626.8,42.8747,259.234
141,94,3,1455,2111.25,1015.98,1525.1
141,96,3,1836.89,2220.38,0.200686,174.199
141,102,1,1665,2552.5,1167.33,1899.55
142,5,1,622.245,1114.43,528.529,1130.24
142,41,3,0,133.676,436.209,817.244
142,50,1,368.611,934.416,626.032,1370.09
142,68,3,367.369,748.623,330.509,658.05
142,71,3,596.877,965.23,234.045,514.411
142,82,3,659.751,1066.19,150.063,413.634
142,88,3,1869.38,2273.45,396.451,709.451
142,91,0,2384.14,2521.69,492.213,831.175
142,92,3,1259.69,1589.64,49.4958,266.861
142,94,3,1486.25,2111.25,980.061,1477.78
142,95,3,0.254784,457.42,151.806,480.307
142,96,3,1784.6,2175.28,0.218146,181.324
142,102,1,1665,2536.25,1140.84,1898.34
143,5,1,626.902,1114.54,521.554,1133.45
143,41,3,0.0646973,102.688,441.918,828.316
143,50,1,368.151,933.542,625.404,1376.03
143,68,3,330.211,722.799,334.38,658.065
143,71,3,587.988,958.867,241.565,527.006
143,82,3,628.664,1042.51,158.91,410.048
143,88,3,1910.28,2304.5,380.052,682.682
143,91,0,2419.1,2544.22,473.981,797.974
143,92,3,1221.79,1544.88,59.0295,276.474
143,94,3,1520.67,1952.8,948.189,1455.59
143,95,3,4.47268,320.652,165.694,490.796
143,96,3,1740.53,2135.9,0.794084,190.082
143,102,1,1622.5,2547.5,1057.74,1920
144,5,1,626.703,1115.29,523.459,1130.89
144,41,3,0,67.2512,450.525,844.111
144,50,1,368.617,932.217,626.764,1375.93
144,68,3,277.226,719.245,333.308,680.105
144,71,3,559.143,988.138,170.103,540.079
144,82,3,628.664,1042.51,158.91,410.048
144,88,3,1941.46,2328.01,353.296,651.889
144,91,0,2427.99,2553.36,454.223,772.22
144,92,3,1169.46,1500.22,66.2789,284.122
144,94,3,1551.21,2081.05,910.717,1393.94
144,95,3,2.45453,316.173,178.881,506.073
144,96,3,1687.45,2092.6,3.11917,195.201
144,102,1,1647.5,2540,1006.98,1920
145,5,1,623.672,1115.73,518.052,1133.81
145,41,3,0,67.2512,450.525,844.111
145,50,1,368.835,932.985,625.262,1377.36
145,68,3,239.416,692.954,342.787,680.807
145,71,3,530.596,947.486,224.293,539.824
145,82,3,604.766,996.015,153.802,418.115
145,88,3,1979.42,2367.58,333.404,628.123
145,91,0,2446.08,2557.31,436.661,758.446
145,92,3,1130.35,1467.71,75.6442,298.272
145,94,3,1580.12,2033.32,880.918,1376.57
145,95,3,0,308.176,177.097,520.557
145,96,3,1637.33,2047.76,5.94197,206.8
145,102,1,1638.75,2517.5,981.035,1915.49
146,5,1,623.641,1116.66,522.785,1128.22
146,50,1,369.132,933.144,622.779,1377.45
146,68,3,220.416,665.766,342.947,720.404
146,71,3,500.596,933.009,241.313,542.175
146,82,3,604.766,996.015,153.802,418.115
146,88,3,2025.6,2397.11,312.261,601.597
146,91,0,2481.13,2558.87,415.096,738.75
146,92,3,1082.29,1427.9,82.2553,309.885
146,94,3,1580.12,2033.32,880.918,1376.57
146,95,3,0,284.952,177.319,541.438
146,96,3,1596.18,2000.19,8.3231,213.093
146,102,1,1617.5,2478.75,929.347,1920
147,5,1,628.963,1114.93,518.522,1132.93
147,50,1,371.33,934.517,618.341,1381.16
147,68,3,202.39,636.098,363.523,732.777
147,71,3,491.962,908.597,252.264,545.333
147,82,3,602.542,981.383,174.306,449.081
147,88,3,2066.37,2430.52,291.974,573.781
147,91,0,2486.63,2559.52,390.433,703.99
147,92,3,1041.67,1391.1,80.8048,318.428
147,95,3,0,223.278,187.372,576.231
147,96,3,1546.43,1958.97,10.1992,223.75
147,102,1,1596.25,2437.5,901.878,1920
148,5,1,643.379,1111.99,511.659,1084.94
148,50,1,371.391,932.656,629.707,1379.42
148,68,3,179.281,616.231,364.76,729.534
148,71,3,469.45,867.443,264.089,551.313
148,82,3,556.737,966.963,180.423,432.67
148,88,3,2111.07,2479.61,265.616,554.175
148,91,0,2516.65,2557.2,358.558,705.865
148,92,3,1002.73,1351.06,90.8217,326.827
148,95,3,0,179.712,201.724,556.476
148,96,3,1504.58,1913.11,13.4881,231.917
148,102,1,1620,2408.75,830.215,1889.93
