2,1,0,2076.47,2132.76,48.101,163.918
2,2,0,2323.85,2445.38,157.644,292.067
2,3,0,1942.26,2020.82,144.303,293.293
2,4,0,1600.53,1697.93,254.135,454.327
2,5,0,869.078,1022.57,646.139,999.519
2,6,1,807.137,1206.08,178.789,604.09
2,7,3,1164.47,1464.63,104.939,388.636
2,8,0,1801.54,1878.46,151.298,312.837
2,9,0,1798.17,1847.98,3.28125,104.675
2,10,0,1983.15,2035.31,28.1611,150.108
2,11,0,1985.87,2078.75,262.356,461.683
2,12,3,5.78125,601.875,845.4,1316.09
2,13,0,1935.22,1984.78,8.00481,123.534
2,14,0,1885.77,1932.69,5.40865,112.572
2,15,3,1708.75,1811.25,0,32.506
2,16,0,2026.9,2068.49,2.37981,95.8414
3,1,0,2073.49,2126.51,50.1202,163.63
3,2,0,2352.21,2453.94,161.286,291.022
3,3,0,1943.51,2019.57,141.058,290.769
3,4,0,1607.09,1703.68,251.394,443.798
3,5,0,871.827,1020.45,627.245,976.817
3,6,1,818.349,1212.62,175.944,596.906
3,7,3,1170.8,1469.57,102.066,384.106
3,8,0,1807.74,1878.41,148.558,306.635
3,9,0,1800.42,1848.81,2.41587,102.728
3,10,0,1980.31,2032,26.4663,147.332
3,11,0,1985.07,2079.54,261.274,457.572
3,12,3,6.71875,628.75,826.659,1290.39
3,13,0,1937.24,1982.76,8.47356,118.594
3,14,0,1890.26,1937.43,6.52644,109.579
3,15,3,1708.94,1811.06,0,31.9651
3,16,0,2026.79,2065.52,0.46875,91.6947
4,1,0,2065.72,2118.89,47.5962,156.779
4,2,0,2352.21,2453.94,161.286,291.022
4,3,0,1942,2018,131.683,276.49
4,4,0,1629.4,1724.45,235.385,421.154
4,5,0,871.791,1022.43,587.779,918.122
4,6,1,848.138,1230.33,155.143,575.284
4,7,3,1190.09,1478.11,95.1564,377.472
4,8,0,1810.58,1881.73,140.553,296.755
4,9,0,1808.73,1855.89,0.685097,96.5986
4,10,0,1974.09,2028.99,21.7789,147.548
4,11,0,1994.9,2082.02,253.774,448.918
4,12,3,51.875,693.75,781.05,1228.59
4,13,0,1929.69,1978,3.85817,110.373
4,14,0,1892.34,1938.43,1.55048,101.719
4,15,3,1713.03,1822.36,0,28.2692
4,16,0,2022.26,2066.97,1.73077,91.875
4,20,0,1.20192,80.2885,369.736,605.841
5,1,0,2063.22,2115.24,46.4784,154.291
5,3,0,1941.66,2015.26,127.212,273.75
5,4,0,1638.29,1724.78,229.543,415.457
5,5,0,865.757,1021.93,573.724,896.612
5,6,1,861.616,1243.33,170.858,558.211
5,7,3,1200.23,1484.35,95.6584,372.176
5,8,0,1809.88,1882.43,137.452,292.356
5,9,0,1808.51,1856.11,1.80288,93.101
5,10,0,1971.25,2028.75,19.8317,143.005
5,11,0,1996.15,2083.85,250.601,444.014
5,12,3,98.4375,706.25,769.888,1210.12
5,13,0,1925.65,1972.81,3.93029,103.377
5,14,0,1892.38,1938.39,4.57933,100.853
5,15,3,1714.18,1821.2,0,26.7638
5,16,0,2028.32,2070.14,0.540866,85.9976
5,20,0,1.37019,61.1779,384.591,602.524
5,21,1,1391.43,1595.89,7.84351,250.266
6,1,0,2057.6,2108.56,42.0793,151.19
6,3,0,1939.18,2014.66,123.606,268.125
6,4,0,1649.33,1735.29,214.399,402.332
6,5,0,863.061,1014.51,551.13,865.538
6,6,1,879.017,1244.27,165.616,549.523
6,7,3,1208.37,1489.79,93.502,366.731
6,8,0,1811.61,1883.77,132.909,283.341
6,9,0,1812.02,1858.75,1.1899,90.2524
6,10,0,1970.29,2026.63,21.6346,139.615
6,11,0,2001.37,2084.78,243.173,437.019
6,12,3,147.656,738.75,743.531,1175.88
6,13,0,1925.65,1972.81,3.93029,103.377
6,14,0,1912.09,1958.68,4.83173,101.466
6,15,3,1728.51,1831.49,0,23.4555
6,16,0,2028.25,2073.29,0.144231,88.774
6,20,0,1.37019,61.1779,384.591,602.524
6,21,1,1391.43,1595.89,7.84351,250.266
7,1,0,2054.71,2105.29,37.3197,148.161
7,3,0,1937.19,2013.58,122.957,263.582
7,4,0,1655.62,1741.3,209.351,394.688
7,5,0,858.523,1007.69,537.849,844.674
7,6,1,878.845,1262.81,166.269,541.612
7,7,3,1217.61,1492.32,92.3473,362.921
7,8,0,1811.51,1883.87,130.529,278.51
7,9,0,1813.68,1860.17,0.9375,89.7115
7,10,0,1969.74,2027.19,21.6346,136.154
7,11,0,1997.31,2088.85,238.99,431.971
7,12,3,176.562,756.25,730.036,1150.05
7,14,0,1904.4,1954.06,2.92068,103.305
7,15,3,1728.51,1831.49,0,23.4555
7,16,0,2028.25,2073.29,0.144231,88.774
7,21,1,1397.25,1596,0,245.497
7,23,0,2089,2129.46,9.15865,115.024
8,1,0,2051.35,2102.5,31.1178,145.853
8,3,0,1941.54,2012.31,127.356,254.279
8,4,0,1661.71,1747.52,201.995,382.428
8,5,0,849.438,1000.59,526.452,827.637
8,6,1,897.403,1274.86,160.434,535.319
8,7,3,1219.77,1497.44,92.741,358.341
8,8,0,1813.05,1885.41,127.067,277.644
8,9,0,1814.66,1862.26,1.69471,86.863
8,10,0,1968.49,2025.36,26.4663,135.793
8,11,0,2003.22,2092.16,232.572,425.12
8,12,3,200.156,786.875,716.909,1128.7
8,14,0,1907.31,1954.23,3.20913,97.3918
8,21,1,1399.88,1601.73,0,241.476
8,23,0,2088.51,2129.95,6.95913,111.526
9,1,0,2048.99,2098.7,31.1539,141.202
9,3,0,1937.96,2015.89,110.337,250.24
9,4,0,1667.67,1760.02,196.659,375.649
9,5,0,842.344,987.562,503.863,807.039
9,6,1,910.982,1274.02,150.674,528.513
9,7,3,1228.11,1500.34,92.1754,354.937
9,8,0,1816.47,1885.07,119.567,271.298
9,9,0,1818.61,1867.55,1.22596,84.1586
9,10,0,1971.35,2025.58,23.1851,134.026
9,11,0,2005.29,2096.25,229.832,419.784
9,12,3,241.711,816.281,695.701,1092.34
9,14,0,1906.35,1958.27,2.01923,96.7067
9,16,0,2010.91,2053.7,0,63.9303
9,21,1,1400.43,1603.41,0,240.127
9,23,0,2088.58,2126.8,9.84375,109.435
10,1,0,2046.73,2097.88,29.0986,141.094
10,3,0,1940.58,2010.19,112.392,246.166
10,4,0,1674.01,1762.91,190.529,365.913
10,5,0,834.517,979.168,490.513,794.95
10,6,1,922.698,1281.85,146.273,522.386
10,7,3,1240.71,1501.49,88.4576,357.911
10,8,0,1818.7,1885.91,116.971,266.106
10,9,0,1820.2,1869.03,0.216347,83.9423
10,10,0,1970.58,2023.27,21.0938,131.935
10,11,0,2009.33,2098.37,227.885,417.115
10,12,3,267.034,840.203,682.484,1075.84
10,14,0,1907.24,1957.38,0.540866,95.012
10,16,0,2010.91,2053.7,0,63.9303
10,21,1,1400.43,1603.41,0,240.127
10,23,0,2086.23,2129.16,7.89663,109.94
11,1,0,2039.66,2092.64,20.5168,137.56
11,3,0,1940.87,2006.83,102.007,237.512
11,4,0,1685.38,1766.92,180.938,356.466
11,5,0,824.711,965.529,480.858,773.489
11,6,1,936.575,1290.68,140.615,510.288
11,7,3,1248.3,1500.44,82.7241,340.781
11,8,0,1820.22,1884.4,113.51,261.779
11,9,0,1823.44,1871.95,0.757213,81.0938
11,10,0,1970.41,2023.44,14.4952,123.966
11,11,0,2015.07,2101.85,224.135,409.904
11,12,3,306.997,864.025,662.912,1049.79
11,14,0,1908.7,1958.99,1.00962,95.9135
11,16,0,2010.91,2056.78,0,61.1539
11,23,0,2085.85,2126.45,7.10337,106.118
12,1,0,2036.2,2086.87,19.399,136.226
12,3,0,1939.88,2004.74,99.6274,233.546
12,4,0,1688.27,1770.19,179.423,347.885
12,5,0,807.734,952.456,472.969,751.248
12,6,1,945.489,1297.35,139.478,504.699
12,7,3,1248.19,1502.43,79.3858,338.833
12,8,0,1822.69,1885,107.163,256.01
12,9,0,1827.62,1873.92,2.74038,79.399
12,10,0,1969.59,2021.18,13.4135,123.462
12,11,0,2017.67,2102.33,219.303,406.659
12,12,3,334.737,880.325,651.921,1027.17
12,14,0,1912.98,1960.87,0.396634,94.0745
12,16,0,2008.15,2053.39,0,60.3245
12,23,0,2089.24,2126.14,7.13942,105.361
13,1,0,2034.77,2082.15,16.4423,137.019
13,3,0,1937.43,2004.11,99.8077,230.192
13,4,0,1693.89,1773.8,173.365,337.212
13,5,0,798.41,944.231,460.591,742.631
13,6,1,957.914,1300.12,135.167,498.876
13,7,3,1252.49,1498.57,72.8755,338.151
13,8,0,1820.91,1886.78,106.731,250.673
13,9,0,1829.5,1875.12,2.63221,74.9639
13,10,0,1969.76,2021.01,10.7813,129.123
13,11,0,2021.25,2101.83,214.327,401.25
13,12,3,358.157,899.499,641.752,1007.86
13,13,0,2018.74,2067.42,5.26443,106.587
13,14,0,1912.67,1961.18,0.757213,93.2812
13,16,0,2008.15,2053.39,0,60.3245
13,21,1,1397.53,1630.99,0,232.372
13,23,0,2088.25,2127.14,6.74279,105.325
13,27,0,1196.75,1238.63,0,57.53
13,28,1,0,181.432,911.109,1848.02
14,1,0,2030.23,2077.46,12.1875,137.38
14,3,0,1936.35,1999.04,92.2716,224.171
14,4,0,1701.44,1778.56,165.865,327.692
14,5,0,782.322,927.54,446.673,719.435
14,6,1,970.652,1311.69,131.46,489.748
14,7,3,1248.11,1503.17,69.5089,331.758
14,8,0,1824.3,1883.39,107.127,241.046
14,9,0,1830.93,1873.69,2.70432,73.4495
14,10,0,1969.83,2020.94,9.95193,128.654
14,11,0,2026.56,2102.67,210.865,396.058
14,12,3,396.275,927.276,624.695,980.149
14,13,0,2018.74,2067.42,5.26443,106.587
14,14,0,1916.35,1963.65,0.576922,93.8221
14,21,1,1407.93,1628.28,0,223.712
14,23,0,2089.22,2129.24,5.30048,111.815
14,27,0,1180.14,1221.39,1.38822,60.2704
14,28,1,1.14437,239.467,823.458,1619.38
14,30,0,2130.25,2171.29,0.612981,93.9303
15,1,0,2026.36,2075.18,13.774,136.082
15,3,0,1934.38,1997.93,88.4135,221.106
15,4,0,1705.38,1780.77,159.808,321.923
15,5,0,777.981,911.25,442.356,694.183
15,6,1,978.988,1316.22,129.107,483.329
15,7,3,1271.29,1519.51,72.9968,325.693
15,8,0,1821.68,1882.93,106.118,237.151
15,9,0,1833.35,1877.42,3.60577,72.6923
15,10,0,1968.37,2019.33,9.87981,125.264
15,11,0,2031.78,2109.76,210.505,389.495
15,12,3,420.778,938.94,611.019,965.867
15,14,0,1918.97,1967.19,2.27163,92.7043
15,21,1,1413.57,1638.7,2.45392,220.291
15,23,0,2089.06,2129.4,2.30769,108.462
15,27,0,1169.86,1213.22,1.29808,63.6418
15,28,1,1.54143,280.441,794.836,1658.38
15,30,0,2130.65,2170.89,0.216347,93.5336
16,1,0,2019.76,2069.47,9.1226,130.132
16,3,0,1934.9,1997.4,86.5024,214.94
16,4,0,1707.55,1784.76,152.452,313.125
16,5,0,759.038,888.654,434.279,649.183
16,6,1,984.214,1329.27,125.802,476.293
16,7,3,1281.58,1521.19,69.043,318.917
16,8,0,1822.24,1882.38,101.178,231.13
16,9,0,1830.59,1877.1,0,67.6082
16,10,0,1967.76,2019.93,6.99519,117.332
16,11,0,2027.02,2105.29,205.312,380.264
16,12,3,454.07,956.842,599.111,943.546
16,14,0,1922.12,1970.19,0.685093,91.4062
16,21,1,1413.84,1638.07,2.08066,215.913
16,23,0,2089.06,2129.4,2.30769,108.462
16,27,0,1157.69,1197.69,0.504806,68.6178
16,28,1,0,330.746,756.219,1682.22
16,30,0,2130.65,2170.89,0.216347,93.5336
16,31,0,1632.2,1931.19,1571.42,1920
17,1,0,2021.18,2068.05,7.96875,125.373
17,3,0,1935.14,1994.09,79.2548,213.245
17,4,0,1711.47,1783.92,148.99,304.183
17,5,0,747.308,869.615,423.245,594.447
17,6,1,1003.66,1330.12,116.867,460.453
17,7,3,1291,1528.49,67.7951,313.435
17,8,0,1824.47,1883.22,96.7067,227.524
17,9,0,1829.47,1875.14,0.50481,65.8414
17,10,0,1966.8,2014.74,5.625,113.798
17,11,0,2031.08,2113.53,199.471,379.76
17,12,3,480.585,978.532,588.322,927.086
17,14,0,1925.46,1969.93,0.685097,90.5409
17,21,1,1411.91,1629.74,0.778277,216.393
17,23,0,2083.57,2122.58,2.84856,106.623
17,27,0,1142.04,1185.65,2.14543,74.4411
17,28,1,0,362.353,730.752,1733.46
17,31,0,1649.48,1931.11,1518.43,1916.75
18,1,0,2016.01,2063.99,7.39183,125.733
18,3,0,1932,1991.08,79.9039,208.558
18,4,0,1714.71,1786.83,142.716,296.899
18,5,0,730.817,853.798,417.043,580.457
18,6,1,1005.47,1333.6,114.554,459.148
18,7,3,1293.08,1535.08,65.7208,313.287
18,8,0,1823.85,1883.85,92.488,226.262
18,9,0,1832.09,1878.68,3.78606,54.3029
18,10,0,1966.88,2014.66,5.44471,111.671
18,11,0,2034.06,2113.63,197.38,374.928
18,12,3,499.295,988.984,576.164,911.963
18,14,0,1925.82,1969.57,1.44231,90.8654
18,21,1,1417.17,1629.97,0.720413,214.658
18,23,0,2082.31,2120.77,2.66827,108.389
18,27,0,1129.96,1171.57,1.08173,76.226
18,28,1,0,385.354,711.954,1684.29
18,31,0,1673.29,1929.4,1458.27,1918.65
19,1,0,2015.02,2064.98,3.93028,121.839
19,3,0,1931.59,1994.57,75.649,203.149
19,4,0,1718.49,1792.28,139.976,288.678
19,5,0,707.404,830.288,405.361,573.101
19,6,1,1020.14,1352.06,94.7367,461.231
19,7,3,1293.8,1541.11,58.8448,309.513
19,8,0,1823.77,1883.92,86.8269,220.673
19,9,0,1834.83,1879.01,2.41586,60.1442
19,10,0,1968.03,2019.66,1.40625,110.517
19,11,0,2033.22,2117.55,196.154,372.115
19,12,3,529.041,1009.67,557.893,891.567
19,14,0,1925.36,1973.1,1.15384,91.0817
19,21,1,1411.57,1631.33,0,215.497
19,23,2,2083.46,2122.69,1.58654,103.846
19,27,0,1112.76,1158,0.540866,83.4014
19,28,1,0,436.469,669.702,1592.77
19,31,0,1695.39,1939.22,1373.6,1916.98
20,1,0,2013.32,2060.53,7.60818,119.531
20,3,0,1932.28,1993.87,72.0433,197.812
20,4,0,1725.55,1797.52,133.63,283.486
20,5,0,694.135,814.327,401.755,571.514
20,6,1,1029.98,1350.9,99.891,453.001
20,7,3,1298.57,1544.26,61.162,305.844
20,8,0,1826.92,1883.85,84.6274,217.68
20,9,0,1842.81,1883.34,0.775241,58.1791
20,10,0,1973.41,2020.43,3.24519,104.639
20,11,0,2038.29,2121.71,195.433,368.221
20,12,3,543.068,1024.81,548.967,877.068
20,14,0,1927.07,1974.47,1.33413,89.2428
20,21,1,1411.57,1631.33,0,215.497
20,23,2,2083.46,2122.69,1.58654,103.846
20,27,0,1099.71,1149.52,0,86.7909
20,28,1,0.640335,470.971,642.743,1545.53
20,31,0,1706.69,1945.4,1323.96,1867.07
21,1,0,2008.08,2056.54,3.42548,117.873
21,3,0,1930.34,1992.74,65.625,192.548
21,4,0,1726.78,1799.38,123.317,273.606
21,5,0,669.327,787.596,391.298,553.702
21,6,1,1043.55,1354.83,92.919,444.825
21,7,3,1308.98,1548.56,55.6454,302.668
21,8,0,1824.18,1883.51,77.9928,209.603
21,9,0,1843.68,1885.55,1.73077,55.637
21,10,0,1968.12,2019.57,1.22596,115.457
21,11,0,2039.69,2120.31,190.096,362.885
21,12,3,582.854,1041.72,535.906,859.433
21,14,0,1928.99,1978.7,0,84.8438
21,23,2,2084.71,2121.44,2.52404,102.62
21,27,0,1081.15,1132.69,0,91.3702
21,28,1,0,524.38,600.776,1506.65
21,31,0,1724.24,1947.77,1254.96,1784.46
22,1,0,2007.69,2056.92,5.26442,114.591
22,3,0,1927.67,1989.25,59.8918,188.762
22,4,0,1728.37,1800.87,120.649,269.928
22,5,0,653.221,770.625,388.99,588.894
22,6,1,1051.62,1357.55,96.8382,436.732
22,7,3,1313.87,1550.75,51.2118,298.416
22,8,0,1826.73,1884.04,77.7043,206.719
22,9,0,1843.88,1885.35,1.64062,56.4483
22,10,0,1968.12,2019.57,1.22596,115.457
22,11,0,2041.66,2121.42,184.976,358.486
22,12,3,599.942,1055.92,529.91,845.672
22,14,0,1926.65,1974.89,0,80.8414
22,23,2,2083.94,2119.13,2.77644,101.214
22,27,0,1067.5,1118.65,1.40625,95.012
22,28,1,1.71089,541.079,607.495,1446.72
22,31,0,1728.77,1958.42,1209.06,1722.52
23,1,0,2002.88,2055.58,4.57932,115.853
23,3,0,1927.57,1989.35,56.6827,185.769
23,4,0,1728.97,1803.34,117.62,265.457
23,5,0,632.115,755.577,384.591,595.024
23,6,1,1053.41,1361.36,90.4164,429.295
23,7,3,1317.95,1551.01,51.5647,294.936
23,8,0,1825.46,1885.31,74.387,203.257
23,9,0,1842.52,1886.71,0.91947,50.3546
23,11,0,2045.65,2120.5,181.947,356.322
23,12,3,618.392,1070.09,521.971,833.521
23,14,0,1931.54,1982.31,0,81.9591
23,23,2,2083.1,2123.05,1.73077,103.413
23,27,0,1057.96,1103.58,2.19952,103.738
23,28,1,3.5631,562.367,583.771,1434.34
23,31,0,1736,1961.15,1168.63,1666.78
24,1,0,2004.04,2051.35,4.21875,111.166
24,3,0,1926.97,1986.88,53.4375,182.957
24,4,0,1734.33,1807.21,115.457,260.12
24,5,0,610.288,730.481,377.957,606.274
24,6,1,1067.58,1367.59,93.35,420.123
24,7,3,1323.06,1554.67,51.8433,288.997
24,8,0,1825.29,1885.48,74.6755,199.651
24,9,0,1848.77,1889.69,0.685097,50.8413
24,11,0,2050.24,2125.14,179.567,354.375
24,12,3,642.722,1087.76,504.887,814.882
24,14,0,1932.64,1981.2,0,66.9591
24,23,2,2085.18,2124.05,0.865384,101.106
24,27,0,1039.01,1088.68,5.625,110.048
24,28,1,0,618.37,561.098,1393.19
24,31,0,1748.37,1970.6,1109.96,1596.69
25,1,0,2005.19,2053.27,3.93029,111.454
25,3,0,1925.94,1987.91,51.887,180.469
25,4,0,1740.7,1810.07,108.029,252.26
25,5,0,584.76,728.317,374.495,604.543
25,6,1,1079.1,1377.65,92.0993,416.725
25,7,3,1331.52,1559.55,48.4256,285.001
25,8,0,1825.46,1885.31,71.6466,193.305
25,9,0,1846.95,1891.51,0,44.8017
25,11,0,2049.38,2129.09,179.856,348.894
25,12,3,659.096,1100.39,497.94,803.278
25,14,0,1932.64,1981.2,0,66.9591
25,23,2,2083.41,2122.74,0.793269,100.168
25,27,0,1023.77,1071.61,13.4135,111.923
25,28,1,0.850143,628.134,547.187,1360.79
25,31,0,1757.49,1971.41,1070.2,1551.85
26,1,0,1978.12,2037.26,3.75,111.058
26,3,0,1925.36,1985.41,43.5577,172.067
26,4,0,1743.58,1813.34,104.135,248.654
26,5,0,558.029,702.74,369.519,603.173
26,6,1,1088.62,1382.69,87.4402,410.249
26,7,3,1335.44,1564.17,47.3057,279.136
26,8,0,1822,1882.62,69.2668,191.502
26,9,0,1849.58,1898.11,0,48.4435
26,11,0,2052.84,2128.7,176.25,337.212
26,12,3,688.39,1121.83,486.656,784.449
26,23,2,2080.99,2122.09,0.901444,102.8
26,27,0,1003.73,1054.74,21.5986,120.325
26,28,1,0.752373,648.897,523.213,1321.08
26,31,0,1772.95,1979.46,1018.72,1482.36
27,1,0,1981.01,2040.53,3.78606,109.724
27,3,0,1925.72,1985.05,41.6106,170.12
27,4,0,1745,1818.08,96.7428,241.623
27,5,0,529.856,685.529,369.88,597.043
27,6,1,1094.48,1390.35,87.9065,402.161
27,7,3,1338.49,1569.26,45.1764,276.724
27,8,0,1824.66,1883.03,63.137,190.709
27,9,0,1851.9,1898.87,0,48.0649
27,11,0,2052.57,2128.97,175.457,336.274
27,12,3,705.368,1131.57,477.515,773.929
27,14,0,1931.44,1985.48,0.43269,60.3966
27,23,2,2079.09,2120.91,0.324522,99.7716
27,27,0,988.558,1043.75,25.7091,125.012
27,28,1,0,670.565,508.876,1293.61
27,31,0,1781.49,1977.6,984.513,1440.52
27,36,0,1355.38,1695.09,1520.36,1916.94
28,1,0,1976.06,2036.25,4.36298,108.065
28,3,0,1925.91,1984.86,38.7981,167.885
28,4,0,1749.52,1822.79,93.8582,237.296
28,5,0,509.952,663.894,369.808,595.961
28,6,1,1104.14,1396.49,83.2743,398.566
28,7,3,1341.72,1568,45.6738,270.316
28,8,0,1823.25,1884.45,61.8389,184.94
28,9,0,1852.34,1898.43,0,45.8474
28,11,0,2051.06,2127.4,172.933,336.202
28,12,3,724.664,1139.95,472.182,762.615
28,14,0,1933.03,1983.89,1.15385,54.7716
28,23,2,2079.21,2120.79,2.19952,98.6178
28,27,0,975.913,1027.16,26.3221,127.428
28,28,1,0,687.78,511.33,1251.59
28,31,0,1785.2,1978.71,951.245,1399.42
28,36,0,1393.82,1715.29,1454.3,1920
28,37,0,2034.13,2076.63,3.80409,55.2945
29,1,0,1976.8,2029.35,4.65144,107.704
29,3,0,1924.64,1983.05,42.6562,162.728
29,4,0,1755.48,1826.06,89.8558,229.183
29,5,0,474.038,635.962,367.933,580.529
29,6,1,1110.41,1401.76,81.5332,389.935
29,7,3,1345.9,1573.26,44.9759,265.812
29,8,0,1822.28,1882.33,58.774,179.207
29,9,0,1855.5,1898.34,0,44.5673
29,11,0,2053.17,2128.37,170.841,333.389
29,12,3,738.976,1161.99,458.422,749.21
29,14,0,1933.27,1977.5,0,50.4267
29,23,2,2083.37,2122.79,0,99.1587
29,27,0,952.596,1007.4,30.6851,138.209
29,28,1,7.5,722.5,494.561,1213.5
29,31,0,1794.7,1980.03,909.312,1339.9
29,36,0,1445.41,1728.28,1377.07,1916.88
29,37,0,2034.21,2073.49,1.60457,55.1142
30,1,0,1978.97,2033.34,4.29087,105.252
30,3,0,1923.56,1981.06,35.8774,158.834
30,4,0,1763.27,1824.42,92.4159,220.276
30,5,0,474.038,635.962,367.933,580.529
30,6,1,1115.53,1406.31,80.4842,384.513
30,7,3,1349.15,1576.48,44.7114,263.722
30,8,0,1822.48,1882.14,57.2957,176.358
30,9,0,1859.45,1900.55,0,44.5132
30,11,0,2053.32,2128.22,167.74,328.125
30,12,3,753.16,1172.45,444.404,732.647
30,14,0,1932.92,1977.85,0.667067,52.6983
30,23,2,2084.44,2121.72,1.83894,101.358
30,27,0,936.106,990.048,34.976,143.005
30,28,1,8.125,748.75,476.907,1203.97
30,31,0,1796.19,1984.16,881.853,1304.78
30,36,0,1466.19,1751.28,1324.06,1916.77
30,37,0,2034.18,2073.51,1.47837,57.7644
31,1,0,1981.18,2040.36,3.56971,103.738
31,3,0,1922.57,1978.97,27.3317,152.957
31,4,0,1766.63,1830.29,88.774,215.553
31,6,1,1126,1406.94,78.2123,380.649
31,7,3,1341.83,1584.33,46.2981,258.317
31,8,0,1824.13,1880.48,46.8029,166.37
31,9,0,1861.8,1907.43,0.594952,40.7632
31,11,0,2055.12,2126.42,161.827,322.5
31,12,3,777.713,1182.96,440.49,717.86
31,14,0,1932.92,1977.85,0.667067,52.6983
31,23,2,2081.92,2121.15,1.65866,101.394
31,27,0,912.26,966.202,38.5817,148.774
31,28,1,40.9375,780,461.284,1157.59
31,31,0,1807.91,1985.35,843.532,1254.2
31,36,0,1498.87,1775.53,1257.16,1869.44
31,37,0,2032.69,2075,0.811298,53.5276
31,38,0,164.97,486.018,1654.03,1920
32,1,0,1979.28,2039.18,2.92068,101.43
32,3,0,1922.4,1979.13,27.0793,152.776
32,4,0,1768.75,1831.25,87.8005,212.776
32,6,1,1134.22,1408.45,74.805,379.949
32,7,3,1341.92,1587.31,46.5144,258.966
32,8,0,1821.68,1879.86,46.9111,165.108
32,9,0,1863.39,1908.92,0.540866,39.4832
32,11,0,2053.41,2128.12,161.611,318.966
32,12,3,793.996,1196.88,427.864,709.12
32,23,2,2081.85,2121.23,0.829328,95.0841
32,27,0,897.284,953.486,41.7188,154.291
32,28,1,69.0572,783.691,452.482,1139.37
32,31,0,1810.72,1983.21,819.048,1222.36
32,36,0,1534.07,1785.54,1207.61,1807.46
32,37,0,2034.15,2076.62,1.20793,52.1214
32,38,0,164.97,486.018,1654.03,1920
33,1,0,1980.1,2041.44,1.76683,101.791
33,3,0,1920.7,1977.76,23.7981,148.702
33,4,0,1772.48,1836.75,79.9039,205.673
33,6,1,1137.68,1410.51,74.9406,375.611
33,7,3,1348.44,1589.64,17.4445,262.725
33,8,0,1820.55,1880.99,46.9471,163.341
33,9,0,1863.73,1911.66,1.0006,35.4177
33,11,0,2055.53,2129.09,160.312,317.668
33,12,3,812.96,1206.7,424.362,700.448
33,23,2,2081.61,2121.47,0.721153,91.3702
33,27,0,881.635,936.827,51.5625,160.457
33,28,1,95.8025,816.042,432.343,1120.82
33,30,0,2122.69,2169.62,2.92067,92.8486
33,31,0,1818.11,1985.62,795.427,1192.54
33,36,0,1544.16,1796.74,1166.59,1750.84
33,37,0,2035.87,2077.98,1.71274,50.3906
34,1,0,1975.91,2039.47,1.91106,99.2668
34,3,0,1922.6,1978.94,22.2476,144.05
34,4,0,1777.43,1841.03,75.5048,198.822
34,6,1,1156.05,1420.29,53.0026,373.299
34,7,3,1342.73,1593.05,12.3238,258.324
34,8,0,1820.55,1880.99,46.9471,163.341
34,9,0,1868.92,1915.7,0.225361,33.146
34,11,0,2055.65,2132.04,157.933,313.413
34,12,3,829.296,1224.77,418.43,684.532
34,23,2,2079.81,2120.19,0.9375,93.8221
34,27,0,854.543,913.149,60.5769,170.481
34,28,1,145.977,828.219,427.634,1089.98
34,30,0,2122.69,2169.62,2.92067,92.8486
34,31,0,1823.55,1992.29,762.643,1143.42
34,36,0,1570.46,1826.64,1106.83,1680.9
34,37,0,2033.51,2077.26,1.71274,49.5252
34,40,0,354.751,606.831,1431.9,1919.7
34,41,0,1647.31,1924.03,1629.86,1920
35,1,0,1980.1,2038.37,2.84856,95.0841
35,3,0,1919.04,1976.35,25.2764,140.012
35,4,0,1780.07,1844.54,73.1611,195.397
35,6,1,1161.23,1423.35,57.4172,366.951
35,7,1,1342.22,1665.16,8.45716,244.721
35,8,0,1821.03,1880.5,44.0264,160.204
35,9,0,1871.6,1916.09,0.531852,32.5691
35,11,0,2056.88,2130.82,153.029,308.51
35,12,3,839.767,1232.64,410.152,674.957
35,23,2,2082.33,2117.67,0.288463,92.3077
35,27,0,838.846,899.615,60.649,176.755
35,28,1,174.45,863.051,405.211,1084.51
35,30,0,2124.72,2170.66,2.30769,92.0914
35,31,0,1827.29,1992.65,742.15,1116.84
35,36,0,1589.4,1842.47,1073.88,1632.06
35,37,0,2032.03,2075.66,2.19952,48.5337
35,40,0,400.146,638.592,1375.49,1920
35,41,0,1667.48,1944.34,1554.7,1920
36,1,0,1980.26,2038.2,2.77644,91.1899
36,3,0,1914.64,1974.59,24.5913,135.361
36,4,0,1784.4,1846.37,69.9159,190.709
36,6,1,1173.03,1420.49,60.1307,355.418
36,7,3,1380.18,1616.08,2.58277,247.683
36,8,0,1818.32,1883.22,39.5913,155.986
36,9,0,1873.61,1920.24,0.018028,32.2716
36,11,0,2058.51,2129.18,149.279,302.452
36,12,3,864.487,1242.22,397.795,663.361
36,23,2,2082.33,2117.67,0.288463,92.3077
36,27,0,815.24,873.99,68.2572,185.012
36,28,1,211.856,869.887,391.261,1047.81
36,30,0,2126.01,2172.45,2.16346,91.5865
36,31,0,1831.68,1992.85,712.121,1075.38
36,36,0,1614.14,1861.99,1024.06,1565.58
36,37,0,2030.91,2073.7,1.60457,46.5685
36,40,0,452.722,678.093,1299.61,1871.44
36,41,0,1667.48,1944.34,1554.7,1920
37,1,0,1980.46,2041.08,3.85817,90.2524
37,3,0,1916.35,1975.96,25.7812,132.728
37,4,0,1784.95,1851.97,66.4543,187.103
37,6,1,1173.03,1420.49,60.1307,355.418
37,7,3,1382,1614.35,5.37711,244.858
37,8,0,1818.34,1883.2,37.3197,150.613
37,9,0,1874.11,1919.74,0.504808,29.2969
37,11,0,2058.8,2128.89,148.558,300.865
37,12,3,878.154,1246.69,392.278,652.914
37,14,0,1939.58,1983.5,1.08173,40.9255
37,23,2,2075.31,2118.53,0.576925,89.7115
37,27,0,798.005,858.918,70.8894,189.736
37,28,1,249.787,881.066,389.438,1016.23
37,30,0,2125.41,2173.05,2.41587,91.9111
37,31,0,1832.62,1994.19,690.969,1053.13
37,36,0,1630.54,1876.1,994.811,1524.31
37,37,0,2032.03,2075.66,1.47837,47.4519
37,40,0,483.214,708.09,1254.92,1812.28
38,1,0,1979.69,2041.85,3.96635,89.7836
38,3,0,1915.26,1973.97,24.7356,130.024
38,4,0,1788.75,1866.63,49.6514,185.445
38,7,1,1395.18,1636.29,0,239.812
38,8,0,1818.34,1883.2,37.3197,150.613
38,9,0,1878.41,1924.66,0.603966,28.4585
38,11,0,2061.59,2129.18,145.385,294.808
38,12,3,892.385,1257.43,384.009,641.562
38,14,0,1937.82,1982.18,1.9381,34.6965
38,23,2,2076.86,2120.06,0.46875,87.0072
38,27,0,779.976,841.562,78.3534,195.829
38,28,1,267.134,899.029,379.885,999.714
38,30,0,2126.95,2174.59,2.63221,92.3438
38,31,0,1838.82,1993.06,674.943,1027.96
38,36,0,1644.4,1889.52,966.032,1482.64
38,37,0,2035.54,2078.31,1.94712,44.9279
38,40,0,510.447,720.285,1212.29,1752.11
38,43,0,1741.48,1980.4,1355,1907.75
39,1,0,1982.26,2042.36,3.42548,85.7812
39,3,0,1915.87,1973.37,24.1226,128.185
39,4,0,1798.97,1868.73,55.7812,176.719
39,5,0,82.3077,293.654,396.923,575.192
39,6,1,1180.41,1439.42,57.3911,340.812
39,7,3,1394.87,1617.86,2.39483,237.991
39,9,0,1885.91,1926.39,0.649038,26.4123
39,11,2,2060.67,2130.1,150.036,295.926
39,12,3,917.577,1273.2,374.591,629.796
39,14,0,1937.82,1982.18,1.9381,34.6965
39,23,2,2079.88,2123.2,0,84.4471
39,27,0,753.245,815.986,81.7428,207.007
39,28,1,300.161,941.068,359.074,984.642
39,30,0,2126.73,2174.81,2.1274,90.6851
39,31,0,1842.23,1992.64,649.657,987.215
39,36,0,1663.88,1903.18,923.332,1428.21
39,37,0,2027.33,2071.13,0.450722,45.018
39,40,0,543.073,748.928,1152.28,1679.2
39,43,0,1775.85,2003.18,1275.97,1809.62
40,1,0,1982.36,2042.26,2.84856,83.3293
40,3,0,1916.44,1972.79,24.3029,126.707
40,4,0,1799.57,1868.12,53.8341,174.195
40,5,0,32.8846,251.154,405.361,571.947
40,6,1,1191.01,1441.36,53.1015,335.279
40,7,3,1390.96,1619.81,27.1154,229.615
40,9,0,1886.72,1925.59,0.61298,23.0769
40,11,2,2060.53,2130.24,149.171,295.637
40,12,3,930.484,1281.97,368.145,621.056
40,23,2,2077.4,2119.52,0.108175,84.0505
40,27,0,733.894,795.337,85.4207,214.868
40,28,1,325.888,952.866,351.535,957.228
40,30,0,2127.96,2173.58,2.01923,89.7837
40,31,0,1841.12,1994.05,633.427,965.346
40,36,0,1675.68,1909.4,901.965,1393.11
40,37,0,2030.46,2074.16,1.04567,45.5409
40,40,0,565.543,764.263,1113.39,1627.86
40,43,0,1786.6,2007.86,1230.24,1750.77
40,45,3,0,152.571,1467.09,1914.83
41,1,0,1996.56,2046.51,1.69471,87.512
41,3,0,1913.12,1969.95,16.5505,116.43
41,4,0,1806.32,1870.6,40.6731,166.731
41,5,0,2.21153,176.635,374.495,576.851
41,6,1,1200.38,1450.3,48.5296,335.221
41,7,3,1397.02,1619.9,21.851,225.505
41,9,0,1887.33,1928.05,0,23.8612
41,11,2,2060.65,2130.12,142.716,284.495
41,12,3,949.246,1290.08,360.146,605.545
41,23,2,2075.49,2121.43,0,80.6971
41,27,0,703.438,767.332,97.1394,222.188
41,28,1,366.827,966.263,343.099,939.438
41,30,0,2125.97,2172.49,2.16346,88.5577
41,31,0,1849.3,1994.98,605.719,931.974
41,36,0,1695.83,1916.46,865.027,1339.55
41,37,0,2032.63,2078.14,0.450722,41.7368
41,40,0,578.238,782.067,1061.27,1556.63
41,43,0,1806.46,2030.87,1163.53,1668.41
41,45,3,0,210.445,1401.57,1919.81
42,1,0,1996.95,2046.13,2.30769,88.0529
42,3,0,1913.37,1969.71,14.5673,114.231
42,4,0,1804.66,1872.26,37.4279,161.322
42,5,0,0,156.827,378.462,571.731
42,6,1,1200.38,1450.3,48.5296,335.221
42,7,3,1403.27,1624.42,19.7596,225.144
42,9,0,1887.19,1928.2,0.0090149,21.265
42,11,2,2064.76,2126.01,142.644,278.798
42,12,3,959.304,1299.97,356.205,594.839
42,23,2,2075.49,2121.43,0,80.6971
42,27,0,687.067,748.317,102.043,231.13
42,28,1,387.85,976.842,335.921,919.941
42,30,0,2129.42,2175.19,2.09134,89.0625
42,31,0,1849.44,1995.76,594.764,907.22
42,36,0,1711.33,1924.03,844.721,1311.43
42,37,0,2038.63,2081.37,0.79327,40.2764
42,40,0,603.033,793.778,1027.01,1516
42,43,0,1829.19,2034.77,1125.42,1621.14
42,45,3,0.588923,243.293,1359.46,1920
43,1,0,1997.4,2045.67,0.829328,86.2861
43,3,0,1916.2,1969.95,12.6562,113.329
43,4,0,1812.38,1873.77,34.976,159.736
43,5,0,0,127.115,385.745,584.062
43,6,1,1214.42,1460.17,45.6163,325.598
43,7,3,1412.98,1625.48,29.9279,222.332
43,9,0,1887.19,1928.2,0.0090149,21.265
43,11,2,2065.72,2125.05,138.822,275.697
43,12,3,976.07,1309.91,351.176,589.825
43,23,2,2080.17,2122.91,0.0721157,86.3221
43,27,0,669.087,730.913,108.678,238.918
43,28,1,405.449,1004.01,322.227,906.318
43,30,0,2130.79,2173.82,2.88462,92.0914
43,31,0,1854.97,1997.8,578.24,891.652
43,36,0,1730.06,1936.79,820.628,1281.45
43,37,0,2038.63,2081.37,0.79327,40.2764
43,40,0,612.88,802.141,994.712,1476.59
43,43,0,1840.58,2049.58,1093.04,1571.87
43,45,3,1.31594,278.316,1315.2,1920
43,48,3,1381.15,1526.54,1.49639,50.4627
44,1,0,1997.93,2048.22,1.51443,82.5
44,3,0,1914.33,1968.75,13.3774,109.868
44,4,0,1812.21,1877.02,28.774,153.822
44,5,0,0.745192,63.8702,400.962,580.962
44,6,1,1214.42,1460.17,45.6163,325.598
44,7,3,1410.58,1627.88,20.9856,220.168
44,11,2,2067.26,2126.59,135,270.288
44,12,3,996.068,1317.27,336.021,577.011
44,23,2,2076.49,2120.43,0.216347,85.3846
44,27,0,636.418,703.582,114.411,248.185
44,28,1,439.152,1022.13,314.62,890.569
44,30,0,2125.65,2172.81,3.17308,92.2356
44,31,0,1853.06,1995.92,560.338,857.034
44,36,0,1741.02,1946.25,792.687,1240.64
44,40,0,640.402,815.056,954.409,1420.32
44,43,0,1857.27,2067.96,1033.15,1504.44
44,45,3,1.98872,328.534,1258.37,1920
44,48,3,1381.15,1525,1.20793,54.8618
44,49,0,1963.22,2015.24,0,44.6394
45,1,0,1999.25,2049.98,1.51443,81.5625
45,3,0,1912.74,1967.26,8.4375,108.534
45,4,0,1815.67,1876.63,23.4736,151.911
45,5,0,0.745192,63.8702,400.962,580.962
45,7,3,1410,1630,23.3654,216.635
45,11,2,2067.26,2126.59,135,270.288
45,12,3,1008.98,1325.21,331.106,567.774
45,23,2,2076.49,2120.43,0.216347,85.3846
45,27,0,616.418,681.274,119.351,257.091
45,28,1,460.961,1036.59,307.242,866.904
45,30,0,2129.42,2175.19,2.99279,90.4688
45,31,0,1857.13,1996.89,543.836,836.968
45,36,0,1750.51,1956.44,776.585,1213.52
45,37,0,2057.61,2102.39,3.8762,39.8618
45,40,0,644.785,821.454,925.829,1386.65
45,43,0,1872.25,2078.94,998.507,1467.16
45,45,3,2.98912,359.011,1217.08,1920
45,48,3,1381.15,1525,1.20793,54.8618
45,49,0,1963.61,2014.86,0,45.4147
46,1,0,2001.37,2050.94,1.69471,81.3822
46,3,0,1912.55,1964.38,3.82212,106.803
46,4,0,1817.74,1877.64,16.9832,145.421
46,7,3,1429.04,1637.12,20.0481,211.01
46,11,2,2064.38,2123.32,130.529,266.394
46,12,3,1020.7,1335.39,321.297,555.151
46,27,0,581.106,651.202,126.454,267.296
46,28,1,489.742,1057.21,297.65,848.433
46,30,0,2129.42,2175.19,2.99279,90.4688
46,31,0,1857.02,2001.56,523.697,823.414
46,36,0,1764.6,1963.24,750.211,1179.75
46,37,0,2057.61,2102.39,3.8762,39.8618
46,40,0,658.426,825.57,888.576,1336.53
46,43,0,1891.75,2094.24,955.205,1398.92
46,45,3,0,409.416,1167.13,1885.14
46,48,3,1380,1526.15,0.973558,52.2115
46,49,0,1963.87,2014.59,0,49.0024
47,1,0,2002.5,2052.88,1.58654,79.7596
47,3,0,1911.68,1965.24,1.15385,103.846
47,4,0,1820.05,1878.41,14.3149,142.32
47,7,3,1422.5,1642.12,21.6346,208.558
47,11,0,2063,2130.84,122.416,267.007
47,12,3,1042.36,1343.67,316.53,546.702
47,23,2,2075.56,2121.36,0.396634,80.3726
47,27,0,560.962,629.808,132.151,276.31
47,28,1,518.423,1069.1,289.508,839.418
47,31,0,1859.87,1998.91,510.643,800.43
47,36,0,1775.54,1978.2,735.22,1151.29
47,40,0,666.862,832.463,868.174,1301.92
47,43,0,1906.84,2101.02,926.659,1363.38
47,45,3,1.75404,437.43,1135.71,1810.22
47,48,3,1380,1526.15,0.973558,52.2115
47,49,0,1965.58,2015.96,0.32452,46.9111
48,1,0,2004.47,2053.99,0.829325,80.012
48,3,0,1910.87,1966.06,1.55048,101.575
48,4,0,1820.87,1880.67,14.0986,141.382
48,7,3,1429.9,1637.79,19.399,208.774
48,11,0,2061.25,2129.52,118.558,262.5
48,12,3,1049.8,1349.2,312.524,538.906
48,23,2,2077.49,2125.59,0.757209,80.2284
48,27,0,533.99,607.548,141.058,284.135
48,28,1,536.362,1079.83,279.331,826.963
48,31,0,1860.5,1999.78,496.328,780.026
48,36,0,1787.2,1980.19,718.197,1134.87
48,40,0,669.625,837.3,843.262,1273.85
48,43,0,1919.75,2116.49,901.293,1324.68
48,45,3,0.0299454,469.557,1108.69,1788.65
48,48,3,1369.13,1523.17,0,50.1743
48,49,0,1963.41,2011.97,0,44.387
49,1,0,2006.27,2055.26,1.04567,79.1466
49,3,0,1912.26,1964.66,2.16346,95.3365
49,4,0,1823.85,1880.77,13.0529,138.101
49,7,3,1435.87,1653.37,6.05769,201.058
49,11,0,2058.73,2128.97,118.774,259.111
49,12,3,1065.01,1368.23,301.173,522.501
49,23,2,2077.49,2125.59,0.757209,80.2284
49,27,0,501.587,570.721,146.25,293.942
49,28,1,567.181,1093.03,272.849,802.661
49,31,0,1870.53,1997.16,478.269,748.269
49,36,0,1797.82,1982.6,698.703,1097.9
49,40,0,674.905,839.338,812.816,1228.68
49,43,0,1932,2125.56,860.564,1273.24
49,45,3,0,510.752,1063.83,1728.93
49,48,3,1369.13,1523.17,0,50.1743
49,49,0,1968.49,2016.13,0.594952,41.6647
50,1,0,2009.57,2058.12,1.37019,77.8125
50,3,0,1909.57,1964.28,2.34375,94.5793
50,4,0,1820.5,1881.03,9.59135,130.889
50,7,3,1456.3,1637.55,8.00481,202.284
50,11,0,2059.78,2127.91,113.618,253.594
50,12,3,1075.89,1378.96,292.581,517.064
50,27,0,474.543,550.072,154.832,304.976
50,28,1,581.923,1107.77,267.623,789.604
50,31,0,1876.15,1997.69,466.875,740.048
50,36,0,1811.53,1987.47,674.017,1084.08
50,40,0,671.65,846.987,797.057,1203.24
50,43,0,1953.16,2132.09,837.601,1243.78
50,45,3,1.73429,535.6,1044.52,1685.39
50,49,0,1971.98,2018.79,0.216345,41.8269
51,1,0,2007.14,2054.4,0.757209,77.1274
51,3,0,1911.13,1962.72,2.16346,91.226
51,4,0,1825.43,1885.34,9.55529,124.868
51,6,1,1266.16,1502.17,17.227,291.727
51,7,3,1462.21,1648.56,7.5,198.606
51,11,2,2058.46,2129.23,117.764,255.505
51,12,3,1088.32,1388.45,284.413,503.964
51,27,0,436.178,513.822,166.298,320.625
51,28,1,612.31,1117.39,260.574,779.126
51,31,0,1876.59,1997.26,450.577,709.615
51,36,0,1823.34,1994.78,657.894,1056.46
51,40,0,676.326,848.776,766.937,1166.09
51,43,0,1967.9,2140.94,808.794,1195.19
51,45,3,0,577.167,1002.93,1628.04
51,49,0,1971.98,2018.79,0.216345,41.8269
52,1,0,2008.69,2055.93,1.98318,74.6755
52,3,0,1910.75,1963.1,1.65865,88.7019
52,4,0,1827.69,1886.15,6.63462,122.668
52,6,1,1266.16,1502.17,17.227,291.727
52,7,3,1465.48,1643.75,5.69712,197.957
52,11,2,2057.91,2129.78,117.224,256.334
52,12,3,1101.02,1396.49,280.597,499.747
52,27,0,411.13,490.409,175.817,333.317
52,28,1,627.055,1133.99,251.921,755.132
52,31,0,1881.25,1998.75,440.841,696.851
52,36,0,1825.03,1996.48,648.694,1035.94
52,40,0,684.218,849.981,754.326,1140.35
52,43,0,1989.71,2154.18,778.094,1178.86
52,45,3,0,602.312,977.347,1592.09
53,1,0,2010.48,2060.29,0,69.6094
53,3,0,1911.32,1962.52,1.04567,87.2236
53,4,0,1827.33,1886.51,6.27404,120.938
53,7,3,1450.19,1657.5,4.32693,192.837
53,11,0,2057.88,2129.81,108.93,247.32
53,12,3,1111.69,1404.72,273.839,493.284
53,27,0,382.043,463.341,185.553,346.659
53,28,1,646.156,1146.33,246.079,750.52
53,31,0,1879.23,2000.77,428.726,689.351
53,36,0,1833.42,2000.93,639.408,1017.82
53,40,0,693.906,849.815,733.745,1119.46
53,43,0,1995.13,2157.81,758.161,1138.71
53,45,3,0,616.068,956.655,1562.02
54,1,0,2014.25,2062.67,0.378606,68.5276
54,3,0,1910.24,1963.61,0.9375,84.9519
54,4,0,1830.79,1889.21,6.63462,114.952
54,7,3,1456.06,1665.48,2.59615,188.798
54,11,0,2059.52,2125.1,108.57,239.603
54,12,3,1122.59,1417.92,263.899,485.605
54,27,0,338.365,422.788,197.452,360.433
54,28,1,677.039,1164.32,236.992,726.989
54,31,0,1884.04,1999.04,412.861,663.678
54,36,0,1844.07,2006.9,623.927,994.052
54,40,0,694.099,849.933,707.603,1086.55
54,43,0,2009.86,2162.61,727.299,1103.5
54,45,3,3.28125,638.125,921.663,1511.75
54,49,0,1982.74,2026.49,0.703125,38.6719
55,1,0,2009.52,2061.25,0,69.5373
55,3,0,1909.18,1961.59,0.757213,81.887
55,4,0,1831.63,1891.44,8.83413,113.041
55,7,3,1456.06,1665.48,2.59615,188.798
55,11,0,2056.97,2130.72,105.325,241.695
55,12,3,1147.98,1422.79,263.365,465.865
55,27,0,311.274,394.111,207.692,374.135
55,28,1,696.624,1163.75,233.766,718.172
55,31,0,1889.18,2003.12,405.072,661.659
55,36,0,1854.36,2016.68,607.535,978.428
55,40,0,693.217,849.585,696.253,1061.44
55,43,0,2014.94,2168.14,710.471,1075.65
55,45,3,8.75,657.5,904.497,1474.27
55,49,0,1982.86,2029.45,0.95553,37.3017
56,1,0,2008.65,2062.12,0,67.9327
56,3,0,1910.38,1963.46,0.108175,80.012
56,4,0,1832.62,1893.53,4.50721,109.291
56,11,0,2060.72,2126.97,106.082,233.149
56,12,3,1163.65,1430.19,257.163,453.606
56,27,0,264.423,350.577,216.346,394.038
56,28,1,722.915,1190.04,227.213,699.475
56,31,0,1890.24,2005.14,392.163,626.106
56,36,0,1865.4,2020.93,602.07,959.113
56,40,0,695.294,845.745,671.354,1035.02
56,43,0,2031.23,2178.09,686.693,1035.3
56,45,3,6.875,697.5,872.901,1430.42
56,49,0,1982.86,2029.45,0.95553,37.3017
56,51,0,1238.17,1292.6,29.7837,149.062
56,52,0,1776.5,2057.64,1509.71,1920
57,1,0,2016.15,2063.85,0,66.8329
57,3,0,1911.59,1962.26,0.396634,79.363
57,4,0,1834.38,1894.86,1.47837,108.786
57,7,3,1452.5,1673.65,4.39904,183.389
57,11,0,2061.35,2126.35,103.269,231.923
57,12,3,1172.69,1436.54,251.971,447.837
57,27,0,234.279,320.337,223.486,404.207
57,28,1,740.736,1188.38,219.173,686.503
57,31,0,1892.64,2002.74,381.49,632.163
57,36,0,1870.22,2024.32,588.882,942.435
57,40,0,689.95,842.994,657.884,1014.46
57,43,0,2046.66,2182.11,668.597,1019.95
57,45,3,5.9375,715,855.692,1401.96
57,51,0,1237.12,1292.12,30.7572,149.243
57,52,0,1796.34,2065.33,1444.46,1917.14
58,1,0,2016.01,2063.99,0,65.4447
58,3,0,1913.39,1963.53,0.432694,77.524
58,4,0,1835.26,1893.97,0.288463,107.452
58,7,3,1452.5,1673.65,4.39904,183.389
58,11,0,2060.26,2124.35,100.853,228.57
58,12,3,1179.04,1447.12,247.788,440.481
58,27,0,216.683,288.317,233.149,417.62
58,28,1,758.383,1197.15,214.523,679.577
58,31,0,1893.7,2007.84,375.721,613.702
58,36,0,1869.53,2032.6,570.487,930.145
58,40,0,686.386,839.804,643.126,994.399
58,43,0,2047.76,2192.27,648.001,999.273
58,45,3,28.125,738.75,841.801,1372.87
58,49,0,1990.18,2031.36,0.883414,33.2632
58,51,0,1233.85,1290.77,34.8678,149.459
58,52,0,1817.94,2070.82,1382.69,1920
59,1,0,2016.54,2066.54,0,64.6695
59,3,0,1917.6,1968.56,5.91346,48.6058
59,4,0,1834.42,1894.81,0.9375,102.837
59,11,0,2058.41,2123.12,97.9327,225.144
59,12,3,1191.15,1455,243.894,432.837
59,27,0,216.683,288.317,233.149,417.62
59,28,1,776.018,1215.27,205.945,659.007
59,31,0,1895.19,2006.35,358.846,593.654
59,36,0,1878.26,2039.63,560.084,908.804
59,40,0,680.526,829.696,623.789,969.457
59,43,0,2054.52,2197.07,630.628,959.984
59,45,3,64.375,755,807.073,1337.2
59,49,0,1987.56,2030.9,0.802283,32.5871
59,51,0,1229.71,1284.13,38.0048,153.101
59,52,0,1840.37,2086.21,1302.31,1883.71
59,53,0,896.071,1198.36,1530.93,1920
60,1,0,2020.77,2068.46,0,63.5877
60,3,0,1914.9,1962.02,2.07332,59.1526
60,4,0,1836.88,1895.43,0,102.007
60,11,0,2057.84,2120.62,95.0481,225.144
60,12,3,1206.35,1462.88,233.149,426.274
60,28,1,794.445,1220.81,197.899,651.736
60,31,0,1897.98,2006.63,350.697,587.957
60,36,0,1882.84,2040.74,554.163,897.414
60,40,0,677.295,821.276,612.193,946.287
60,43,0,2064.44,2200.06,614.328,945.518
60,45,3,100,768.75,788.2,1321.75
60,49,0,1989.6,2031.93,0.117188,30.5318
60,51,0,1227.43,1281.8,38.8341,152.416
60,52,0,1857,2095.62,1254.27,1814.08
60,53,0,952.705,1241.36,1439.39,1920
61,1,0,2025.67,2069.71,0.46875,60.2885
61,3,0,1917.69,1965.38,4.88582,48.2272
61,4,0,1838.53,1896.85,1.58654,94.0385
61,11,0,2056.3,2122.16,94.7957,220.493
61,12,3,1218.75,1473.56,228.317,416.106
61,23,4,2086.35,2116.73,0,79.9038
61,28,1,820.466,1240.22,188.319,633.704
61,31,0,1900.87,2009.9,342.909,579.591
61,36,0,1887.54,2044.18,542.083,880.094
61,40,0,664.472,808.841,601.978,903.494
61,43,0,2075.81,2218.53,596.53,916.67
61,45,3,135,786.875,765.78,1286.23
61,49,0,1994.12,2033.57,2.43389,27.6022
61,51,0,1226.15,1280,41.3221,156.562
61,52,0,1880.73,2110.32,1182.5,1729.2
61,53,0,1045.79,1302.46,1328.86,1900.13
62,1,0,2024.12,2068.19,0,58.9904
62,3,0,1917.26,1962.74,1.08173,53.9784
62,4,0,1838.89,1896.49,1.58654,92.4519
62,11,0,2058.22,2123.32,93.3534,217.031
62,12,3,1231.92,1481.92,223.558,408.75
62,23,4,2086.35,2116.73,0,79.9038
62,28,1,834.759,1249.17,184.026,623.578
62,31,0,1902.6,2011.25,338.293,565.745
62,36,0,1893.98,2055.04,534.863,868.488
62,40,0,662.439,802.88,584.416,878.696
62,43,0,2081.94,2223.55,587.704,899.323
62,45,3,162.656,800.625,761.946,1261.76
62,49,0,1994.18,2033.51,0.414662,31.7849
62,51,0,1225.12,1277.96,43.125,157.644
62,52,0,1896.93,2113.83,1145.95,1672.35
62,53,0,1089.73,1346.16,1250,1811.18
63,1,0,2025.41,2069.98,0,55.9074
63,3,0,1917.91,1965.17,2.41587,47.9567
63,4,0,1838.37,1897.02,1.08173,86.7548
63,7,3,1513.7,1673.99,9.08654,165.721
63,11,0,2056.11,2122.36,91.5144,215.697
63,12,3,1236.73,1489.42,220.817,404.567
63,27,0,0.793266,83.0048,304.976,502.139
63,28,1,847.671,1254.21,177.617,613.11
63,31,0,1907.36,2009.57,326.394,552.837
63,36,0,1897.62,2053.91,527.193,856.65
63,40,0,650.599,796.278,571.194,871.828
63,43,0,2087.43,2223.05,568.73,880.73
63,45,3,187.812,816.25,745.405,1241.56
63,49,0,1995.31,2032.38,1.48738,27.9898
63,51,0,1221.03,1275.89,45.4688,162.945
63,52,0,1900.28,2123.02,1109.86,1621.07
63,53,0,1133.77,1381.84,1190.42,1731.81
63,57,0,2.01923,119.423,561.49,806.971
64,1,0,2021.8,2070.5,1.46034,54.6094
64,3,0,1915.79,1964.21,1.15385,49.363
64,4,0,1836.15,1893.08,0.97356,87.7284
64,7,3,1515.72,1675.05,4.97596,162.764
64,11,0,2054.42,2117.88,79.0745,213.137
64,12,3,1248.94,1497.21,216.274,393.534
64,23,4,2087.33,2118.82,0.48678,58.1791
64,27,0,0.793266,83.0048,304.976,502.139
64,28,1,870.227,1256.31,169.548,602.814
64,31,0,1908.41,2011.59,314.567,545.625
64,36,0,1904.72,2056.5,523.149,838.402
64,40,0,638.221,773.317,562.139,790.168
64,43,0,2091.52,2228.64,553.993,851.814
64,45,3,212.5,837.5,726.789,1212.45
64,49,0,1993.12,2034.57,2.02825,29.9369
64,51,0,1218.7,1272.07,44.4952,163.341
64,52,0,1913.84,2128.21,1054.77,1550.37
64,53,0,1188.89,1422.24,1101.78,1606.05
64,57,0,0,134.76,559.399,802.139
65,1,0,2023.26,2069.05,2.32572,52.6262
65,3,0,1916.63,1963.37,0.973558,49.7957
65,4,0,1837.26,1895.05,1.33413,86.3582
65,7,3,1518.65,1678.27,2.74038,161.971
65,11,0,2052.67,2119.64,79.6154,210.865
65,12,3,1261.06,1503.56,202.716,385.745
65,23,4,2087.96,2118.2,0,61.4603
65,28,1,880.542,1267,162.683,594.155
65,31,0,1912.45,2013.7,309.736,533.149
65,36,0,1912.44,2060.48,512.052,829.004
65,40,0,626.875,769.279,549.664,739.183
65,43,0,2107.92,2233.17,533.387,839.838
65,45,3,235.156,850.625,714.621,1193.08
65,49,0,1993.65,2037.12,0.667067,32.0733
65,51,0,1218.32,1270.91,47.5962,165.288
65,52,0,1929.65,2137.4,1021.18,1511.6
65,53,0,1222.76,1456.22,1048.38,1537.73
65,57,0,0.123796,161.219,552.669,816.395
65,58,3,1252.79,1371.83,1.98317,89.0264
66,1,0,2019.04,2067.12,1.15385,50.4808
66,3,0,1915.41,1964.59,0.685097,52.1755
66,4,0,1837.07,1892.16,0,82.5
66,7,3,1520.1,1679.9,7.06731,159.231
66,11,0,2054.18,2118.12,79.2548,209.062
66,12,3,1271.54,1513.08,203.438,381.851
66,23,4,2087.96,2118.2,0,61.4603
66,28,1,903.838,1289.35,164.271,581.04
66,31,0,1917.91,2014.4,298.774,510.649
66,36,0,1924.57,2069.75,503.351,812.431
66,40,0,619.135,744.712,535.024,706.514
66,43,0,2108.06,2239.32,516.47,806.223
66,45,3,268.75,869.375,686.849,1168.73
66,49,0,1993.65,2037.12,0.667067,32.0733
66,51,0,1214.66,1268.41,49.9399,166.55
66,52,0,1943.74,2147.35,979.484,1446.31
66,53,0,1262.53,1488.42,978.101,1438.7
66,57,0,5.14423,143.317,556.803,792.043
66,58,3,1244.33,1371.06,0,98.0048
67,1,0,2013.17,2063.75,1.37019,48.0649
67,3,0,1913.44,1963.49,0.540866,53.5457
67,4,0,1835.99,1893.25,0.757213,81.7428
67,7,3,1522.36,1677.64,3.24519,155.409
67,11,0,2054.45,2117.86,78.2452,206.611
67,12,3,1279.52,1517.4,202.572,378.101
67,28,1,913.465,1297.62,159.942,583.481
67,31,0,1918.34,2013.97,294.303,505.889
67,36,0,1926.46,2077.31,496.919,805.924
67,40,0,606.298,735.24,530.264,702.043
67,43,0,2124.71,2238.37,503.221,802.933
67,45,3,285,885.625,675.392,1149.48
67,51,0,1211.35,1267.12,53.2572,173.618
67,52,0,1954.58,2151.99,950.774,1404.34
67,53,0,1303.36,1510.4,929.231,1382.03
67,57,0,26.5385,134.135,555.288,762.404
67,58,3,1239.52,1363.56,0.721157,103.269
68,1,0,2015.13,2061.79,1.40625,45.7572
68,3,0,1914.42,1962.5,0.775241,52.0853
68,4,0,1835.5,1890.65,0.793269,79.0385
68,7,3,1528.37,1680.87,3.75,154.615
68,11,0,2053.44,2115.79,77.2716,205.709
68,12,3,1287.88,1522.88,197.812,371.899
68,28,1,924.133,1302.61,145.199,559.028
68,31,0,1917.09,2015.22,289.399,497.524
68,36,0,1930.84,2082.62,489.667,795.146
68,40,0,590.288,726.635,521.683,693.317
68,43,0,2121.16,2251.08,487.99,785.447
68,45,3,307.5,894.375,664.429,1132.39
68,51,0,1210.02,1263.82,56.25,172.788
68,52,0,1962.41,2156.63,921.335,1372.69
68,53,0,1323.05,1531.97,885.15,1320.6
68,57,0,36.25,136.923,554.784,762.909
68,58,3,1234.57,1359.28,0.46875,102.296
69,1,0,2022.31,2066.92,1.55048,47.524
69,3,0,1915.07,1961.85,1.13582,48.2272
69,4,0,1836.68,1889.47,1.51442,76.0096
69,7,3,1530.72,1681.59,3.17307,151.154
69,11,0,2054.45,2114.78,75.3966,199.219
69,12,3,1299.04,1531.73,190.889,360.361
69,28,1,944.22,1311.44,141.917,544.346
69,31,0,1928.46,2022.31,280.745,484.832
69,36,0,1942.37,2086.99,480.76,784.233
69,40,0,590.288,726.635,521.683,693.317
69,43,0,2136.54,2254.23,477.692,762.692
69,45,3,336.25,905.625,652.836,1105.82
69,51,0,1207.55,1260.14,54.0865,156.923
69,52,0,1976.51,2171.26,880.724,1328.24
69,53,0,1363.76,1555.58,834.599,1243.02
69,57,0,13.125,166.683,557.74,756.49
69,58,3,1227.4,1354.13,4.21875,105.685
69,60,0,815.529,1082.62,1380.94,1917.21
70,1,0,2022.2,2063.95,0.9375,44.8918
70,3,0,1917.4,1962.6,0.901442,47.1635
70,4,0,1833.8,1886.2,3.33534,72.5301
70,7,3,1535.05,1686.49,3.38943,151.226
70,11,0,2052.93,2113.22,72.7284,198.57
70,12,3,1307.69,1533.85,191.538,357.404
70,28,1,954.731,1318.47,139.56,534.061
70,31,0,1930.31,2023.53,277.067,478.125
70,36,0,1951.16,2092.74,473.167,772.592
70,43,0,2140.24,2256.68,467.957,747.043
70,45,3,359.375,922.5,643.209,1088.3
70,51,0,1206.63,1259.52,54.375,149.135
70,52,0,1984.99,2167.76,863.174,1296.5
70,53,0,1387.25,1573.67,795.011,1198.13
70,57,0,13.125,166.683,557.74,756.49
70,58,3,1221.63,1347.6,3.89423,107.452
70,60,0,873.967,1124.47,1306.58,1879.53
71,1,0,2022.45,2063.7,0.811298,45.5228
71,3,0,1919.65,1963.43,0.793269,45.649
71,4,0,1837.5,1888.65,0.612978,67.1034
71,7,3,1538.75,1692.02,6.09375,147.368
71,11,0,2053.03,2113.12,72.1514,195.397
71,12,3,1321.15,1546.54,180.721,353.51
71,28,1,972.908,1330.66,138.378,519.786
71,31,0,1935.48,2024.52,269.423,462.115
71,36,0,1959.28,2101.51,464.524,761.22
71,40,0,539.087,672.452,500.481,648.173
71,43,0,2147.4,2261.83,459.663,726.49
71,45,3,382.474,942.781,633.173,1058.58
71,51,0,1200.29,1253.56,40.8534,140.012
71,52,0,1994.91,2172.45,834.159,1257.24
71,53,0,1414.47,1595.86,747.989,1133.61
71,58,3,1210,1337.69,6.85096,113.87
71,60,0,942.49,1203.97,1201.69,1762.87
72,1,0,2025.64,2066.67,1.15385,45.2163
72,3,0,1918.12,1964.95,1.47837,45.6851
72,4,0,1834.9,1888.17,0.306491,66.5805
72,7,3,1540.91,1696.01,6.67068,146.935
72,11,0,2055.1,2114.13,69.2668,194.82
72,12,3,1326.73,1551.73,177.764,346.082
72,23,0,2083.28,2122.87,0.991586,45.9916
72,28,1,985.299,1337.16,135.765,509.247
72,31,0,1938,2028.15,263.149,456.274
72,36,0,1962.35,2112.76,460.867,752.429
72,40,0,533.317,657.452,494.351,650.264
72,43,0,2148.51,2266.87,445.673,712.211
72,45,3,403.126,950.855,622.504,1042.65
72,51,0,1200.72,1251.59,31.0096,141.058
72,52,0,2006.13,2181.46,816.926,1231.98
72,53,0,1432.03,1609.61,717.184,1090.9
72,58,3,1202.5,1335.96,11.25,116.25
72,60,0,988.739,1234.99,1145.19,1686.19
73,1,0,2026.15,2066.15,1.04567,44.2067
73,3,0,1918.75,1964.33,0.829327,44.8558
73,4,0,1833.97,1889.11,0,61.3702
73,7,3,1539.81,1697.12,6.77885,144.375
73,11,0,2053.32,2112.84,68.6178,192.296
73,12,3,1330,1559.23,171.923,340.673
73,23,0,2081.67,2121.41,0.829327,46.4423
73,28,1,996.528,1339.74,132.663,502.494
73,31,0,1941.25,2027.98,257.957,451.659
73,36,0,1970.09,2126.23,455.402,747.249
73,40,0,507.885,635.192,489.591,657.332
73,43,0,2149.42,2269.04,436.803,702.043
73,45,3,405.194,968.656,608.69,1032.64
73,51,0,1198.7,1250.53,36.6707,141.022
73,52,0,2008.17,2181.68,798.675,1208.09
73,53,0,1446.61,1622.59,691.901,1055.71
73,58,3,1193.27,1329.81,10.4567,116.971
73,60,0,1032.2,1275.05,1092.81,1609.92
73,61,0,14.1415,249.12,563.153,803.571
74,1,0,2030.22,2065.17,1.35216,43.4676
74,3,0,1920.53,1962.55,0.703125,38.78
74,4,0,1830.43,1886.49,1.11779,57.8726
74,7,3,1548.46,1691.54,6.16586,132.728
74,11,0,2052.69,2107.31,66.851,188.726
74,12,3,1334.62,1563.85,165.505,335.841
74,23,0,2083.08,2116.92,0.757211,48.5697
74,28,1,1016.36,1357.73,122.576,494.603
74,31,0,1944.28,2028.03,250.385,442.5
74,36,0,1980.43,2135.47,449.145,738.437
74,40,0,486.106,610.817,479.207,667.139
74,43,0,2152.69,2271.92,421.154,673.269
74,45,3,443.114,978.541,593.481,1012.62
74,51,0,1198.7,1250.53,36.6707,141.022
74,52,0,2021.36,2185.59,769.611,1173.62
74,53,0,1462.92,1635.16,648.498,999.363
74,58,3,1189.38,1322.93,14.351,118.053
74,60,0,1093.62,1327.65,1018.75,1511.33
74,61,0,16.1635,250.226,567.411,799.751
75,1,0,2029.9,2068.56,1.40625,43.3774
75,3,0,1919.62,1963.46,0.775241,39.4651
75,4,0,1832.5,1890.58,0.775241,56.0877
75,7,3,1549.9,1690.1,6.59856,132.079
75,11,0,2049.38,2107.55,62.5961,186.346
75,12,3,1348.94,1567.98,166.442,331.442
75,23,0,2083.08,2116.92,0.757211,48.5697
75,28,1,1026.69,1361.95,118.839,487.881
75,31,0,1946.75,2031.71,246.635,437.596
75,36,0,1992.32,2136.12,441.446,730.315
75,40,0,467.115,594.423,479.856,713.221
75,43,0,2158.51,2269.18,412.428,666.418
75,45,3,453.983,990.195,584.683,1000.35
75,52,0,2031.12,2190.61,756.672,1148.53
75,53,0,1482.46,1648.06,625.354,967.747
75,58,3,1179.33,1320.67,16.0096,119.135
75,60,0,1134.25,1353.7,971.081,1447.11
75,61,0,16.1635,250.226,567.411,799.751
76,1,0,2029.09,2066.3,0.576922,37.8966
76,3,0,1921.05,1965.11,1.42428,38.1671
76,4,0,1835.1,1891.06,0.46875,53.2212
76,7,3,1550.96,1692.12,6.12981,129.591
76,11,0,2049.57,2107.36,61.4784,184.147
76,12,3,1361.73,1573.65,162.692,325.385
76,23,0,2075.7,2112,0.0180298,48.0829
76,28,1,1043.49,1376.79,108.594,470.265
76,31,0,1951.66,2036.03,239.639,421.514
76,36,0,2005.16,2154.11,434.396,723.16
76,40,0,436.442,566.635,471.13,720.793
76,43,0,2160.1,2267.6,399.736,648.534
76,45,3,476.85,1006.52,573.299,976.771
76,52,0,2036.24,2202.05,736.549,1116.56
76,53,0,1505.56,1664.12,589.498,922.513
76,58,3,1178.32,1315.53,16.8029,117.62
76,60,0,1190.13,1392.87,904.332,1363.14
77,1,0,2025.48,2066.83,0.162259,35.9856
77,3,0,1920.65,1965.5,0.946514,34.5343
77,4,0,1833.03,1883.89,0.865386,53.4736
77,7,3,1568.85,1705,3.0649,128.329
77,11,0,2048.51,2105.34,60.3606,182.38
77,12,3,1366.63,1577.98,159.736,319.976
77,23,0,2069.87,2108.59,0.0360578,48.3534
77,28,1,1049.44,1384.7,111.337,459.493
77,31,0,1950.96,2036.73,234.808,417.692
77,36,0,2011.82,2162.78,429.871,716.422
77,40,0,403.943,566.42,462.951,729.591
77,43,0,2162.16,2265.53,390.072,632.812
77,45,3,498.963,1009.65,557.139,962.685
77,52,0,2042.44,2203.02,718.692,1099.56
77,53,0,1516.61,1667.76,571.811,894.029
77,58,3,1171.49,1308.51,18.5337,116.971
77,60,0,1218.71,1413.41,865.027,1311.45
78,1,0,2023.46,2065.77,0,33.5246
78,3,0,1920.12,1966.03,0.811298,32.2176
78,4,0,1832.86,1890.22,0.558894,48.3353
78,7,3,1567.6,1703.17,3.02884,127.356
78,11,0,2046.92,2100.77,59.5673,180.577
78,12,3,1379.13,1583.94,154.615,316.154
78,23,0,2067.79,2107.6,0.79327,50.5889
78,28,1,1062.79,1391.57,108.082,453.434
78,31,0,1954.88,2038.97,229.543,411.418
78,36,0,2019.85,2165.35,422.774,712.102
78,40,0,387.434,557.501,465.197,724.391
78,43,0,2172.31,2270.77,379.327,627.981
78,45,3,517.18,1017.81,554.066,950.605
78,52,0,2050.87,2201.8,704.69,1078.56
78,53,0,1526.64,1672.43,549.79,862.896
78,58,3,1168.32,1299.38,20.7332,118.305
78,60,0,1250.19,1441.72,828.836,1264.66
78,61,0,48.3091,320.142,555.213,811.075
79,1,0,2023.46,2065.77,0,33.5246
79,3,0,1920.58,1965.58,0.405649,29.9008
79,4,0,1826.26,1872.2,1.02765,46.0637
79,7,3,1580.29,1705.87,4.47116,125.697
79,11,0,2043.94,2100.67,59.8918,173.474
79,12,3,1383.08,1589.23,148.125,312.26
79,23,0,2077.62,2113.15,0.108173,48.8582
79,28,1,1074.23,1399.81,108.08,446.545
79,31,0,1956.54,2040.38,224.062,403.053
79,36,0,2030.18,2178.77,418.259,701.265
79,40,0,353.142,530.2,458.153,716.968
79,43,0,2170.62,2272.45,369.014,608.87
79,45,3,532.672,1032.02,531.16,937.003
79,52,0,2058.51,2210.47,687.706,1052.63
79,53,0,1540.72,1686.68,528.061,818.806
79,58,3,1156.59,1294.18,23.4375,116.466
79,60,0,1295.42,1475.97,776.07,1191.38
79,61,2,81.2226,338.149,549.589,791.834
80,3,0,1921.73,1964.42,0.658053,27.1965
80,4,0,1833.22,1880.62,0.631009,41.845
80,7,3,1574.28,1705.72,1.6226,125.156
80,11,0,2044.42,2100.19,59.1707,173.329
80,12,3,1385.77,1595.77,140.12,309.014
80,23,0,2077.62,2113.15,0.108173,48.8582
80,28,1,1087.08,1400.95,102.924,441.183
80,31,0,1959.01,2040.99,219.447,396.13
80,36,0,2041.35,2188.28,416.761,692.672
80,40,0,321.309,507,458.812,709.909
80,43,0,2169.81,2270.19,356.683,598.125
80,45,3,554.466,1035.56,529.179,919.665
80,52,0,2062.47,2213.58,675.665,1033.48
80,53,0,1549.43,1693.41,502.738,797.377
80,58,3,1151.49,1293.12,29.7115,108.75
80,60,0,1318.51,1492.27,745.502,1148.72
80,61,2,93.4501,346.764,548.452,796.926
81,3,0,1922.52,1963.63,0.0090149,25.8083
81,4,0,1830.89,1870.65,0.234375,40.0421
81,7,3,1577.64,1708.51,3.31731,122.091
81,11,0,2043.58,2097.96,59.4952,169.255
81,12,3,1398.46,1598.46,141.779,304.183
81,28,1,1105.27,1400.41,95.8724,427.184
81,31,0,1964.78,2044.45,210.577,377.885
81,36,0,2051.58,2201.59,416.426,689.922
81,40,0,275.501,474.366,462.708,704.421
81,43,0,2172.98,2270.1,346.514,585.793
81,45,3,574.062,1052.93,521.312,899.969
81,52,0,2074.29,2218.73,653.015,1012.96
81,53,0,1561.77,1705.02,476.987,754.79
81,58,3,1139.9,1289.33,27.512,128.834
81,60,0,1353.66,1528.44,704.171,1089.84
81,61,2,112.98,350.729,545.589,805.544
82,3,0,1922.86,1966.37,0,22.0763
82,4,0,1829.33,1872.21,0,37.9327
82,7,3,1580.91,1708.32,2.09135,120.938
82,11,0,2043.41,2098.12,60.649,167.236
82,12,3,1406.2,1601.49,137.308,297.692
82,28,1,1112.69,1414.03,87.0982,419.951
82,31,0,1965.1,2047.21,209.639,375.649
82,36,0,2071.78,2198.99,410.048,676.875
82,40,0,245.222,449.999,458.038,700.578
82,43,0,2176.32,2269.83,337.428,576.418
82,45,3,583.802,1060.46,516.412,886.749
82,52,0,2077.4,2218.87,648.185,990.891
82,53,0,1567.31,1713.88,458.109,736.999
82,58,3,1142.69,1280.38,30.3966,106.478
82,60,0,1373.96,1539.64,678.79,1048.64
82,61,2,104.951,360.439,546.954,795.004
83,3,0,1922.86,1966.37,0,22.0763
83,4,0,1828.97,1869.5,0,36.4363
83,7,3,1583.85,1711.54,0.649037,118.486
83,11,0,2034.83,2094.4,54.988,161.358
83,12,3,1406.83,1602.4,134.495,293.87
83,23,0,2074.18,2110.43,0.540864,47.3798
83,28,1,1119.92,1418.4,83.2465,415.896
83,31,0,1965.87,2049.52,205.312,372.764
83,36,0,2079.66,2209.57,407.452,674.856
83,40,0,212.757,427.676,458.684,691.024
83,43,0,2175.72,2270.43,330.938,568.486
83,45,3,599.042,1069.22,507.643,878.07
83,52,0,2082.61,2222.61,637.652,976.655
83,53,0,1576.52,1720.67,437.365,715.915
83,58,3,1130.67,1278.56,28.3414,129.014
83,60,0,1392.35,1551.53,647.365,1018.87
83,61,2,116.59,372.828,550.939,794.608
84,4,0,1830.67,1870.87,0,33.0469
84,7,3,1588.99,1709.47,2.8125,113.87
84,11,0,2034.59,2094.64,54.0505,160.565
84,12,3,1415.72,1611.97,131.394,286.298
84,23,0,2074.18,2110.43,0.540864,47.3798
84,28,1,1134.08,1434.09,82.5822,408.161
84,31,0,1972.52,2052.09,198.678,366.995
84,36,0,2089.28,2218.41,399.952,667.356
84,40,0,212.757,427.676,458.684,691.024
84,43,0,2172.93,2267.07,323.942,546.058
84,45,3,623.359,1079.7,494.526,858.943
84,52,0,2089.76,2219.24,613.957,955.119
84,53,0,1594.81,1725.19,420.144,680.048
84,58,3,1124.42,1270.96,31.9111,137.56
84,60,0,1423.62,1578.35,617.083,970.474
84,61,2,130.998,381.131,549.559,793.168
84,67,0,1868.65,1912.88,0,27.9177
85,4,0,1829.98,1868.49,0,31.884
85,7,3,1590.14,1717.55,3.28125,111.526
85,11,0,2033.39,2092.76,50.4808,160.529
85,12,3,1420.38,1618.08,129.952,281.106
85,28,1,1141.67,1435.24,78.1396,402.924
85,31,0,1971.49,2053.13,195.649,361.947
85,36,0,2094.71,2225.29,399.014,660.793
85,40,0,104.229,347.735,455.87,677.354
85,43,0,2173.05,2266.95,318.101,531.13
85,45,3,633.417,1085.84,480.381,843.201
85,52,0,2091.51,2227.2,607.019,943.63
85,53,0,1606.11,1732.36,406.442,660.865
85,58,3,1119.18,1266.97,34.7957,143.762
85,60,0,1442.06,1595.85,591.647,938.901
85,61,2,137.243,381.582,541.949,795.82
85,67,0,1871.08,1913.53,0,26.6647
85,68,5,1367.4,1624.9,2.16346,168.462
86,4,0,1829.98,1868.49,0,31.884
86,7,3,1595,1718.85,3.67788,113.365
86,11,0,2033.44,2092.72,49.5793,158.257
86,12,3,1433.46,1626.54,124.543,275.553
86,28,1,1152.43,1438.36,71.5748,392.615
86,31,0,1974.54,2056.23,193.125,353.221
86,36,0,2108.65,2239.04,397.861,646.947
86,40,0,78.0362,271.218,448.094,689.631
86,43,0,2163.58,2261.03,305.841,526.082
86,45,3,653.811,1096.44,476.241,829.706
86,52,0,2096.85,2223.45,582.542,922.706
86,53,0,1618.75,1741.25,386.106,635.625
86,58,3,1115.82,1259.57,39.988,147.224
86,60,0,1470.22,1618.08,563.546,893.606
86,61,2,157.714,395.259,548.535,793.815
86,67,0,1871.08,1913.53,0,26.6647
86,68,5,1367.4,1624.9,2.16346,168.462
87,7,3,1596.15,1717.69,3.46154,113.149
87,11,0,2031.47,2091.61,48.7139,154.94
87,12,3,1435.53,1632.16,122.452,271.298
87,28,1,1164.95,1443.57,71.4386,387.231
87,31,0,1976.78,2057.07,189.231,347.596
87,36,0,2118.75,2247.4,389.423,635.769
87,40,0,32.7461,257.595,452.585,691.132
87,43,0,2162.98,2258.56,297.62,525.072
87,45,3,664.263,1103.19,467.563,815.378
87,52,0,2099.06,2227.28,582.244,907.069
87,53,0,1625.29,1743.94,375.288,612.404
87,58,3,1103.41,1267.36,38.9784,149.675
87,60,0,1482.57,1630.29,542.515,866.113
87,61,2,155.345,408.659,551.229,791.765
87,68,5,1382.88,1629.42,1.44231,165.288
88,7,3,1594.33,1719.52,3.78606,110.517
88,11,0,2031.06,2092.02,44.0625,152.091
88,12,3,1440.96,1634.42,120.865,269.712
88,28,1,1169.64,1452.16,67.2199,383.167
88,31,0,1984.42,2061.73,178.269,336.923
88,36,0,2121.2,2254.18,390.288,626.25
88,40,0,7.69931,233.345,463.381,686.058
88,43,0,2165.24,2256.3,298.558,497.596
88,45,3,681.584,1114.34,463.441,801.544
88,52,0,2103.84,2235.87,571.084,895.79
88,53,0,1632.21,1755.48,360.361,595.601
88,58,3,1104.57,1244.66,40.1683,152.38
88,60,0,1498.87,1642.19,523.554,840.505
88,61,2,156.145,414.266,556.202,791.453
88,68,5,1382.88,1629.42,1.44231,165.288
89,4,0,1840.99,1879.01,0,22.3287
89,7,3,1596.15,1726.92,4.36298,109.507
89,11,0,2032.07,2091.01,39.1226,149.387
89,12,3,1450.34,1638.89,114.375,264.375
89,28,1,1173.85,1468.63,59.7514,369.587
89,31,0,1986.9,2062.33,177.187,333.389
89,36,0,2131.54,2262.31,388.846,621.923
89,40,0,0,181.357,461.35,693.181
89,43,0,2162.28,2253.1,284.135,479.135
89,45,3,701.266,1127.73,447.854,790.192
89,52,0,2107.55,2233.35,553.897,881.669
89,53,0,1642.45,1763.7,341.394,571.875
89,58,3,1098.65,1235.19,43.4135,153.173
89,60,0,1520.7,1661.83,499.037,801.622
89,61,2,195.655,426.596,553.598,795.37
89,68,5,1386.73,1636.35,1.08173,161.611
89,73,0,1256.59,1295.72,0.306491,55.5469
90,4,0,1840.65,1879.35,0,22.2746
90,7,3,1594.13,1725.87,2.66827,107.308
90,11,0,2029.57,2090.43,34.8678,149.603
90,12,3,1453.41,1646.59,113.005,262.861
90,28,1,1182.7,1474.48,59.607,367.182
90,31,0,1988.51,2063.8,172.572,329.928
90,36,0,2141.59,2267.64,381.346,619.038
90,40,0,0.0961494,137.5,462.404,687.981
90,43,0,2159.09,2250.14,275.913,478.125
90,45,3,712.837,1137.74,444.646,778.483
90,52,0,2107.89,2237.11,546.924,869.378
90,53,0,1647.45,1767.93,326.25,555.865
90,58,3,1092.84,1230.24,44.9639,156.094
90,60,0,1530.56,1670.83,479.083,775.96
90,61,2,200.442,432.995,551.745,796.307
90,68,1,1393.46,1632.69,2.52404,157.284
90,73,0,1251.01,1296.68,0.162259,60.1983
91,4,0,1840.65,1879.35,0,22.2746
91,7,3,1604.9,1730.48,4.25481,106.01
91,11,0,2029.5,2090.5,34.6154,146.683
91,12,3,1473.27,1642.12,102.981,258.462
91,28,1,1202.66,1485.19,59.4825,355.781
91,31,0,1992.09,2069.45,169.76,322.067
91,36,0,2149.04,2272.5,371.755,608.438
91,40,0,1.875,72.6442,457.644,696.202
91,43,0,2153.87,2239.98,272.74,441.49
91,45,3,731.511,1147.18,431.795,764.331
91,51,0,1164.9,1218.17,95.9135,220.817
91,52,0,2112.44,2238.48,539.056,849.422
91,53,0,1657.45,1773.32,317.596,538.558
91,58,3,1087.02,1228.37,47.0553,157.32
91,60,0,1552.02,1690.32,455.09,742.623
91,61,2,199.182,446.402,552.828,800.092
91,68,1,1393.46,1632.69,2.52404,157.284
91,73,0,1250.14,1296.01,0.126203,62.506
91,75,0,1089.31,1127.61,0.667069,48.9844
92,7,3,1604.9,1730.48,4.25481,106.01
92,11,0,2027.16,2086.68,30.6851,145.132
92,12,3,1466.06,1649.33,101.538,256.442
92,28,1,1213.89,1487.05,53.9567,353.162
92,31,0,1992.04,2069.5,164.567,317.452
92,36,0,2160.91,2279.09,371.611,610.889
92,40,0,1.875,72.6442,457.644,696.202
92,43,0,2149.71,2237.98,270.144,440.625
92,45,3,744.606,1154.98,423.658,751.119
92,51,0,1162.76,1218.77,95.5529,223.486
92,52,0,2112.28,2239.07,531.125,842.706
92,53,0,1662.31,1774.62,309.231,522.692
92,58,3,1084.38,1224.86,49.0385,161.538
92,60,0,1563.14,1703.14,435.538,719.443
92,61,2,200.266,453.827,554.833,799.276
92,73,0,1248.35,1294.72,3.38942,59.2428
92,75,0,1082.67,1121.95,0,48.3894
92,77,0,1723.99,1765.24,0,65.012
93,11,0,2025,2085.77,31.9111,140.445
93,12,3,1473.65,1657.12,102.837,250.24
93,28,1,1220.63,1489.16,56.5276,346.245
93,31,0,1993.68,2070.94,159.952,313.413
93,36,0,2163.03,2280.05,378.317,605.914
93,43,0,2146.13,2232.33,263.654,444.808
93,45,3,751.931,1160.06,416.589,743.57
93,51,0,1162.57,1215.89,102.945,226.19
93,52,0,2113.65,2241.3,526.831,831.492
93,53,0,1666.92,1776.15,297.404,507.981
93,58,3,1080.48,1221.06,49.9038,161.25
93,60,0,1575.77,1704.23,424.904,698.942
93,61,2,192.318,459.675,557.573,798.109
93,73,0,1246.75,1287.09,2.97476,54.3209
93,75,0,1077.36,1116.49,0,49.6334
93,77,0,1727,1768.39,0,64.9399
94,7,3,1622.6,1737.4,0,99.0505
94,11,0,2025.36,2082.33,30.8654,137.019
94,12,3,1478.8,1659.66,100.817,245.337
94,28,1,1233.47,1495.21,45.0748,339.894
94,31,0,1999.66,2074.18,154.255,305.841
94,36,0,2164.52,2284.71,372.043,606.995
94,43,0,2138.46,2224.62,254.135,438.75
94,45,3,770.935,1171.12,404.031,725.276
94,51,0,1160.89,1214.5,103.558,226.731
94,52,0,2118.24,2247.78,517.913,819.502
94,53,0,1678.75,1782.79,284.567,494.856
94,58,3,1075.05,1212.64,49.2548,167.668
94,60,0,1591.97,1715.72,397.644,670.817
94,61,2,218.747,475.234,558.717,797.672
94,73,0,1241.48,1289.29,4.18269,49.9038
94,75,0,1066.51,1107.33,0.252403,52.1755
94,77,0,1727,1768.39,0,64.9399
95,7,3,1624.62,1735.38,0,99.375
95,11,0,2026.35,2081.35,26.899,134.928
95,12,3,1490,1666.92,102.548,239.856
95,28,1,1238.43,1499.91,45.9533,336.946
95,31,0,2002.19,2074.74,152.091,303.389
95,36,0,2176.39,2297.45,369.447,602.668
95,43,0,2138.85,2221.15,251.25,438.75
95,45,3,783.824,1180.46,398.544,717.678
95,51,0,1161.11,1215.82,102.224,226.046
95,52,0,2129.86,2239.37,509.135,813.173
95,53,0,1688.89,1788.03,273.822,484.255
95,58,3,1074.52,1213.17,49.976,168.534
95,60,0,1603.08,1723.08,385.096,645.288
95,61,2,216.181,483.342,558.101,802.067
95,73,0,1248.8,1297.36,3.0649,61.262
95,75,0,1058.79,1099.68,1.92909,52.2656
95,77,0,1731.01,1770.53,0,62.2716
96,7,3,1626.68,1739.47,0,95.4447
96,11,0,2025.02,2079.59,25.7452,133.63
96,12,3,1499.52,1666.63,93.75,239.135
96,28,1,1241.12,1505.36,42.2175,328.979
96,31,0,2003.82,2076.18,148.413,291.779
96,36,0,2182.21,2300.87,361.01,590.336
96,43,0,2131.37,2216.32,238.197,423.534
96,45,3,804.621,1191.78,386.187,700.834
96,51,0,1160.94,1215.99,105.541,231.382
96,52,0,2134.81,2246.73,499.038,801.346
96,53,0,1697.93,1797.45,263.798,460.817
96,58,3,1071.44,1210.1,50.9856,168.389
96,60,0,1618.51,1741.49,368.221,620.048
96,61,2,222.377,501.95,557.33,806.108
96,73,0,1248,1295.07,2.05529,65.0481
96,75,0,1048.34,1091.66,0.432692,57.1514
96,77,0,1727.9,1767.49,0,60.7392
96,79,0,1194.11,1233.58,0.270433,38.8161
97,7,3,1626.68,1739.47,0,95.4447
97,11,0,2024.06,2077.48,27.5841,130.781
97,12,3,1503.32,1672.07,93.5337,236.178
97,28,1,1259.4,1515.26,41.6833,322.624
97,31,0,2006.42,2076.66,147.873,289.147
97,36,0,2187.21,2305.1,358.99,592.356
97,43,0,2123.94,2205.29,237.837,418.702
97,45,3,814.022,1200.85,382.555,690.138
97,51,0,1160.72,1214.66,106.767,233.906
97,52,0,2124.87,2258.39,492.98,791.346
97,53,0,1707.5,1800.19,258.389,448.918
97,58,3,1060.38,1202.69,57.2236,175.276
97,60,0,1631.92,1749.62,353.726,601.659
97,61,2,286.594,512.93,552.45,810.886
97,73,0,1247.96,1295.12,1.47837,68.149
97,75,0,1041.63,1079.9,1.94711,56.7548
97,77,0,1732.14,1772.48,0.739185,59.982
97,79,0,1186.27,1229.11,0.198317,39.8257
98,7,3,1628.03,1741.2,0,94.2909
98,11,0,2022.84,2075.62,30.2524,129.844
98,12,3,1507.6,1673.94,88.2692,235.385
98,28,1,1264.16,1518.28,36.1427,316.056
98,31,0,2005.24,2077.84,144.195,285.613
98,36,0,2188.61,2309.86,356.25,590.481
98,43,0,2121.23,2201.85,231.995,412.428
98,45,3,823.639,1207.41,377.65,677.558
98,51,0,1159.86,1213.99,103.666,235.276
98,52,0,2137.16,2250.53,491.827,784.327
98,53,0,1708.2,1802.57,250.312,435.649
98,58,3,1058.17,1203.37,60.4327,176.971
98,60,0,1642.12,1751.73,345.938,590.409
98,61,2,283.915,518.607,551.552,811.887
98,73,0,1245.22,1294.78,2.90264,73.1791
98,75,0,1033.62,1074.07,1.92909,59.5853
98,77,0,1730.55,1774.06,0,57.1334
98,79,0,1181.88,1222.74,0.901442,42.0793
98,80,0,1997.85,2239.16,1404.71,1919.93
99,7,3,1635.82,1745.72,0.324519,88.2332
99,11,0,2022.33,2076.13,28.8101,124.363
99,12,3,1512.26,1681.59,84.6995,230.877
99,28,1,1279.47,1519.41,36.5348,310.9
99,31,0,2011.73,2074.42,142.644,275.048
99,36,0,2196.59,2317.26,351.418,587.812
99,43,0,2111.37,2196.32,227.885,405
99,45,3,846.839,1217.36,366.751,662.19
99,51,0,1158.39,1212.38,105.757,237.512
99,52,0,2137.6,2250.1,481.01,766.298
99,53,0,1716.11,1806.97,242.308,412.5
99,58,3,1055.29,1204.71,61.6586,180.361
99,60,0,1652.93,1765.53,321.995,560.697
99,61,2,286.968,536.248,549.603,815.852
99,73,0,1245.37,1290.01,1.33413,77.2716
99,75,0,1026.23,1070.7,7.04928,54.6094
99,77,0,1725.12,1773.34,0.450722,55.9435
99,79,0,1174.98,1214.25,0.324519,44.6755
99,80,0,1996.83,2235.63,1332.97,1905.36
100,7,3,1642.26,1745.43,1.98317,87.4399
100,11,0,2022.16,2076.3,28.7019,123.317
100,12,3,1522.07,1681.01,84.6274,226.334
100,28,1,1285.34,1526.98,37.0629,306.779
100,31,0,2011.97,2074.18,139.724,271.623
100,36,0,2203.27,2319.81,349.111,582.62
100,43,0,2107.91,2187.48,224.279,396.49
100,45,3,852.114,1230.86,360.718,654.323
100,51,0,1158,1211.23,107.38,238.774
100,52,0,2142.36,2257.64,474.88,762.043
100,53,0,1723.97,1811.42,233.654,406.731
100,58,3,1055.29,1203.17,63.5697,182.2
100,60,0,1662.55,1771.3,322.139,553.63
100,61,2,293.228,541.354,531.101,793.734
100,73,0,1244.41,1287.9,1.40625,79.0745
100,75,0,1019.53,1055.85,1.65865,74.4952
100,77,0,1736.85,1777,0.414664,57.1334
100,79,0,1170.7,1209.3,0.144231,43.4495
100,80,0,1997.71,2231.46,1294.51,1850.24
101,7,3,1642.88,1747.88,2.19952,85.9976
101,11,0,2023.05,2078.49,21.0577,120.144
101,12,3,1521.68,1696.78,87.1154,219.519
101,28,1,1292.51,1528.98,29.2742,300.576
101,31,0,2011.56,2077.67,127.356,270.433
101,36,0,2203.94,2322.21,344.135,578.365
101,43,0,2101.8,2178.2,213.678,388.63
101,45,3,869.446,1239.78,352.488,641.083
101,51,0,1156.95,1212.28,106.478,240.252
101,52,0,2146.06,2260.1,469.976,755.409
101,53,0,1733.1,1817.67,223.125,389.567
101,58,3,1056.11,1200.82,65.2644,186.562
101,60,0,1676.54,1791.15,310.457,529.543
101,61,2,296.089,562.924,552.737,814.73
101,73,0,1241.88,1291.97,0.829328,82.6082
101,75,0,1010.22,1049.78,2.34375,76.6226
101,77,0,1732.62,1775.07,0,57.2596
101,79,0,1158.2,1200.26,0,45.0541
101,80,0,2001.05,2226.42,1232.46,1776.37
102,7,3,1643.56,1750.29,3.06491,84.0505
102,11,0,2020.62,2077.84,21.8149,119.82
102,12,3,1526.73,1704.04,85.1322,217.752
102,28,1,1295.3,1533.05,33.9861,295.915
102,31,0,2010.99,2078.25,123.678,266.611
102,36,0,2220.34,2333.51,343.269,581.539
102,43,0,2095.14,2169.47,207.909,377.668
102,45,3,883.547,1242.93,342.827,630.964
102,51,0,1151.83,1206.63,109.291,236.863
102,52,0,2152.31,2266.15,466.659,746.034
102,53,0,1734.95,1815.82,212.596,371.25
102,58,3,1052.84,1201.01,65.7692,188.077
102,60,0,1686.3,1796.78,291.851,516.418
102,61,2,301.88,573.779,551.474,814.814
102,73,0,1240.84,1288.39,0,83.0409
102,75,0,1001.13,1040.41,0.50481,77.7404
102,77,0,1731.88,1775.82,1.29808,54.988
102,79,0,1152.86,1196.37,0,43.774
102,80,0,2001.31,2220.95,1195.56,1727.78
103,7,3,1641.73,1752.12,2.74038,81.7067
103,11,0,2019.9,2075.48,20.4447,119.748
103,12,3,1527.31,1706.54,86.2139,214.075
103,28,1,1298.98,1534.85,31.6414,292.996
103,31,0,2013.1,2079.21,120.865,263.942
103,36,0,2221.15,2335.77,338.798,578.51
103,43,0,2090.55,2164.83,201.779,375.144
103,45,3,894.695,1247.99,340.435,619.946
103,51,0,1148.99,1204.86,108.606,238.125
103,52,0,2153.08,2262.31,465.288,741.635
103,53,0,1737.28,1816.56,207.548,363.894
103,58,3,1050.43,1198.8,65.9135,192.548
103,60,0,1692.98,1799.33,291.418,510.505
103,61,2,310.472,585.374,551.79,814.039
103,73,0,1239.64,1286.51,0.360578,84.7356
103,75,0,993.005,1033.15,0,83.9423
103,77,0,1731.45,1776.24,0.685095,54.8077
103,79,0,1144.86,1185.91,0.865386,47.7764
103,80,0,1997.02,2216.44,1155.83,1679.92
104,7,3,1647.02,1756.06,2.77644,78.137
104,11,0,2018.27,2074.04,20.8053,117.656
104,12,3,1539.66,1715.72,88.738,209.82
104,28,1,1305.78,1541.62,24.0295,287.112
104,31,0,2011.88,2080.43,118.522,257.632
104,36,0,2224.62,2344.62,337.572,576.274
104,43,0,2074.57,2156.2,195.144,367.356
104,45,3,904.683,1257.54,329.655,606.382
104,51,0,1147.69,1203.08,111.923,240.577
104,52,0,2158.94,2262.6,460.673,732.404
104,53,0,1742.72,1823.44,198.173,355.385
104,58,3,1049.28,1196.88,67.4279,192.476
104,60,0,1702.93,1804.76,274.688,488.005
104,61,2,332.099,599.782,551.907,814.926
104,73,0,1240.17,1287.52,0.612981,84.3389
104,75,0,980.505,1024.11,1.08173,86.8269
104,77,0,1731.45,1776.24,0.685095,54.8077
104,79,0,1136.65,1175.66,1.47837,49.976
104,80,0,2000.81,2219.62,1108.05,1615.27
105,7,3,1653.08,1762.31,2.88461,76.875
105,11,0,2018.68,2073.63,15.1803,112.897
105,12,3,1548.51,1713.03,75.3606,208.774
105,28,1,1312.87,1546.79,20.6854,286.935
105,31,0,2015.62,2079.76,116.575,247.464
105,36,0,2233.17,2348.37,335.048,574.183
105,43,0,2075.84,2151.85,192.692,362.596
105,45,3,914.944,1271.96,325.531,596.079
105,51,0,1147.16,1203.61,110.913,242.452
105,52,0,2158.65,2265.96,450.721,724.471
105,53,0,1748.75,1829.71,194.026,339.627
105,58,3,1049.13,1197.02,67.9688,195.685
105,60,0,1711.23,1808.77,262.788,472.212
105,61,2,344.127,610.051,550.016,817.699
105,73,0,1241.69,1289.07,1.73077,88.7019
105,75,0,972.801,1016.43,0.793269,89.2788
105,79,0,1130.62,1172.45,1.46034,55.4748
105,80,0,2001.1,2216.28,1073.67,1573.28
106,7,3,1656.01,1771.68,2.46995,76.0637
106,11,0,2019.06,2076.32,14.2067,111.202
106,12,3,1556.88,1716.97,75.2524,204.267
106,28,1,1312.87,1546.79,20.6854,286.935
106,31,0,2018.22,2080.24,111.887,243.209
106,36,0,2238.56,2355.29,333.245,570.793
106,43,0,2070.58,2147.88,186.202,352.644
106,45,3,930.777,1284.07,316.692,585.028
106,51,0,1144.35,1200.26,110.192,247.5
106,52,0,2169.62,2276.54,442.716,726.13
106,53,0,1749.95,1831.59,187.356,321.779
106,58,3,1051.92,1197.31,69.4111,199.147
106,60,0,1717.79,1817.6,261.13,453.101
106,61,2,383.39,620.675,550.809,817.578
106,73,0,1239.86,1289.38,2.41587,91.6226
106,75,0,960.529,1004.09,0.108172,93.2091
106,79,0,1120.22,1164.4,1.26202,57.1514
106,80,0,2008.43,2212.28,1033.55,1513.79
106,83,0,1392.73,1676.98,1426.39,1919.22
107,7,3,1656.68,1774.09,1.85697,75.1623
107,11,0,2019.47,2075.91,13.0529,112.428
107,12,3,1562.07,1724.09,73.2332,203.69
107,31,0,2019.45,2079.01,110.048,243.317
107,36,0,2240.62,2359.38,334.183,569.856
107,43,0,2065.72,2140.43,181.947,345.938
107,45,3,944.381,1290.67,307.081,574.224
107,51,0,1144.09,1200.53,111.094,246.887
107,52,0,2171.63,2280.67,440.913,722.74
107,53,0,1754.86,1835.91,182.416,321.815
107,58,3,1049.33,1195.29,72.512,199.796
107,60,0,1721.18,1817.28,249.952,445.817
107,61,2,392.266,634.497,550.146,817.96
107,73,0,1239.18,1291.59,4.79567,95.5889
107,75,0,951.779,995.913,2.77644,95.3726
107,79,0,1111.68,1160.63,1.37019,60.1442
107,80,0,2006.43,2212.05,1005,1476.75
107,83,0,1421.88,1692.45,1374.77,1917.89
108,7,3,1656.68,1774.09,1.85697,75.1623
108,11,0,2019.76,2075.62,15.7933,109.543
108,12,3,1565.58,1726.73,69.4111,200.445
108,28,1,1333.77,1556.35,11.2588,266.123
108,31,0,2019.11,2076.27,107.524,237.476
108,36,0,2248.03,2361.2,332.812,564.303
108,43,0,2063.15,2133.77,175.889,337.572
108,45,3,951.957,1297.74,303.606,567.009
108,51,0,1141.35,1201.73,108.029,251.971
108,52,0,2178.89,2282.64,439.327,718.558
108,53,0,1760.87,1836.06,169.255,314.207
108,58,3,1050.96,1196.73,70.0601,199.075
108,60,0,1729.45,1827.48,240.865,437.019
108,61,2,394.886,644.776,553.447,819.177
108,73,0,1238.75,1290.48,5.91346,93.8221
108,75,0,945.457,989.928,2.63221,100.349
108,79,0,1105.46,1151.47,2.0012,64.2368
108,80,0,2009.37,2202.74,978.375,1435.17
108,83,0,1434.19,1703.06,1327.71,1912.94
109,11,0,2019.09,2073.22,10.1322,108.714
109,12,3,1574.28,1733.41,69.6635,198.317
109,28,1,1342.59,1556.56,8.65623,262.589
109,31,0,2020.67,2077.79,102.368,232.536
109,36,0,2253.08,2365.38,331.947,562.861
109,43,0,2053.61,2127.93,170.769,329.712
109,45,3,967.349,1306.86,294.055,554.469
109,51,0,1138.08,1200.38,104.495,254.639
109,52,0,2182.31,2288.46,434.135,709.904
109,53,0,1765.29,1840.87,160.601,309.014
109,58,3,1049.9,1196.25,73.738,204.916
109,60,0,1735.99,1830.17,235.096,418.558
109,61,2,409.603,662.237,547.513,823.221
109,73,0,1243.79,1291.6,10.3846,98.6539
109,75,0,930.553,974.062,6.16587,104.171
109,79,0,1095.65,1138.2,2.28966,62.6863
109,80,0,2013.18,2199.92,936.526,1386.35
109,83,0,1482.27,1718.89,1274.33,1868.36
110,11,0,2019.28,2076.11,8.32933,105.974
110,12,3,1581.54,1744.62,69.1226,195.829
110,28,1,1345.21,1554.95,9.52446,256.608
110,31,0,2018.8,2076.59,100.529,229.76
110,36,0,2252.16,2366.3,333.534,559.543
110,43,0,2048.25,2124.06,169.111,323.005
110,45,3,981.386,1311.01,289.108,546.158
110,51,0,1133.63,1200.22,116.394,257.163
110,52,0,2187.74,2292.26,431.827,708.173
110,53,0,1771.03,1844.35,156.166,300.18
110,58,3,1051.63,1197.6,76.6586,206.755
110,60,0,1740.65,1834.74,229.904,411.635
110,61,2,427.674,674.08,547.785,824.302
110,73,0,1244.71,1290.67,8.94231,99.2308
110,75,0,920.962,966.731,13.2332,106.478
110,79,0,1090.12,1131.42,2.03726,65.3906
110,80,0,2017.89,2201.1,909.675,1353.93
110,83,0,1506.02,1743.07,1226.04,1817.17
111,11,0,2018.61,2076.78,9.1226,106.118
111,12,3,1592.74,1748.8,67.3918,190.637
111,28,1,1356.38,1566.11,5.98337,253.55
111,31,0,2022.72,2078.82,98.5096,222.548
111,36,0,2260.48,2376.44,325.962,550.962
111,43,0,2045.46,2117.62,162.26,314.567
111,45,3,999.274,1324.19,281.411,535.25
111,51,0,1131.54,1196.15,117.909,258.822
111,52,0,2195.53,2299.86,429.087,694.76
111,53,0,1777.21,1850.48,153.425,275.805
111,58,3,1057.55,1199.38,79.1106,209.207
111,60,0,1746.75,1840.94,219.88,401.466
111,61,2,437.349,704.51,548.78,822.878
111,73,0,1247.79,1292.21,12.2596,104.351
111,75,0,909.76,954.856,15.2163,109.399
111,79,0,1079.74,1123.34,1.17188,69.393
111,80,0,2011.36,2200.8,879.101,1308.95
111,83,0,1531,1760.98,1171.06,1739.27
112,7,3,1682.88,1784.81,0,66.7608
112,11,0,2020.62,2077.84,11.9351,103.666
112,12,3,1593.7,1747.84,66.0938,187.464
112,28,1,1359.57,1569.65,2.17707,250.47
112,31,0,2022,2076.47,94.0385,214.904
112,36,0,2266.25,2379.9,323.221,554.279
112,43,0,2042.52,2111.32,158.293,308.438
112,45,3,1005.9,1328.91,276.088,524.774
112,51,0,1128.63,1195.99,118.99,260.337
112,52,0,2199.33,2302.21,427.5,695.192
112,53,0,1776.2,1854.57,149.207,283.486
112,58,3,1057.5,1211.73,82.3918,208.377
112,60,0,1750.24,1843.61,209.207,391.947
112,61,2,444.051,714.494,550.103,824.201
112,73,0,1246.89,1293.11,11.1418,105.613
112,75,0,903.666,950.18,18.9663,113.438
112,79,0,1075.84,1118,0.865384,69.6635
112,80,0,2015.46,2198.4,853.394,1282.41
112,83,0,1548.88,1780.27,1141.54,1695.5
113,7,3,1684.13,1786.63,0.847356,65.8233
113,11,0,2020.14,2075.24,10.6731,101.25
113,12,3,1600.62,1759.38,66.3462,184.76
113,28,1,1361.06,1568.57,1.6866,246.189
113,31,0,2021.85,2076.61,93.3894,208.918
113,36,0,2268.03,2381.2,322.212,550.096
113,43,0,2037.55,2107.07,154.399,304.832
113,45,3,1014.88,1333.89,271.571,517.99
113,51,0,1126.3,1189.09,127.825,260.733
113,52,0,2203.56,2304.13,424.111,678.966
113,53,0,1780.29,1856.63,145.06,262.825
113,58,3,1058.85,1211.92,85.024,207.188
113,60,0,1755.89,1847.19,204.519,377.885
113,61,2,466.617,727.653,551.733,821.779
113,73,0,1244.69,1295.31,10.0962,108.173
113,75,0,892.115,937.115,22.0673,114.952
113,79,0,1067.64,1112.36,1.89303,75.2704
113,80,0,2017.4,2192.57,834.195,1254.19
113,83,0,1572.43,1801.4,1103.69,1643.37
114,7,3,1688.56,1788.37,1.0637,63.4435
114,11,0,2020.43,2074.95,8.1851,102.44
114,12,3,1608.56,1766.83,63.7139,182.055
114,28,1,1365.02,1575.21,0.171032,242.949
114,31,0,2021.85,2076.61,93.3894,208.918
114,36,0,2270.43,2384.95,319.976,549.447
114,43,0,2033.61,2098.7,147.44,293.329
114,45,3,1026.01,1346.43,264.016,507.237
114,51,0,1118.8,1193.51,120.901,265.06
114,52,0,2209.23,2313.85,427.067,674.856
114,53,0,1791.95,1860.36,134.712,261.346
114,58,3,1065.96,1214.04,83.726,208.341
114,60,0,1760.75,1851.56,198.173,368.654
114,61,2,481.404,743.525,552.653,823.491
114,73,0,1246.42,1298.2,10.8534,105.613
114,75,0,878.209,924.868,28.0529,123.101
114,79,0,1059.41,1100.59,2.74038,76.2981
114,80,0,2019.77,2190.58,804.152,1208.95
114,83,0,1595.71,1819.25,1061.66,1580.79
115,7,3,1688.94,1794.13,0.486778,63.2993
115,11,0,2020.38,2075,4.83173,102.62
115,12,3,1616.54,1774.23,60.7933,179.495
115,28,1,1379.48,1591.13,1.78463,236.118
115,36,0,2273.75,2384.71,319.688,546.851
115,43,0,2030.58,2098.65,145.637,290.228
115,45,3,1040.16,1354.53,258.578,500.231
115,51,0,1116.66,1191.03,120.577,263.942
115,52,0,2215.91,2331.78,422.668,676.947
115,53,0,1796.59,1861.88,130.312,254.495
115,58,3,1058.89,1225.72,89.5312,212.2
115,60,0,1761.11,1851.2,189.375,361.298
115,61,2,491.711,760.573,548.571,826.239
115,73,0,1244.06,1302.09,8.6899,107.127
115,75,0,868.101,914.976,30.5769,124.327
115,79,0,1052.38,1098.39,3.44351,77.1094
115,80,0,2021.84,2187.64,787.139,1188.1
115,83,0,1609.54,1830.42,1028.05,1549.6
116,7,3,1693.03,1796.2,0,61.893
116,11,0,2020.46,2074.93,4.65144,98.9062
116,12,3,1625.19,1784.04,56.2139,174.988
116,28,1,1385.27,1600.5,0,232.698
116,36,0,2283.27,2387.5,314.135,543.75
116,43,0,2029.23,2090.77,146.394,282.837
116,45,3,1051.81,1363.14,248.455,484.864
116,51,0,1114.98,1183.49,133.125,258.606
116,52,0,2226.97,2342.26,421.875,673.702
116,53,0,1802.12,1868.65,127.608,247.969
116,58,3,1062.84,1231.01,91.4062,218.113
116,60,0,1766.3,1855.24,181.875,350.337
116,61,2,515.11,769.292,550.604,827.594
116,73,3,1210.34,1326.59,0,102.548
116,75,0,853.462,903.462,28.4495,128.762
116,79,0,1039.69,1086.47,4.21875,83.9062
116,80,0,2022.96,2183.86,757.458,1151.81
116,83,0,1632.86,1843.21,988.686,1483.32
117,7,3,1695.67,1796.63,0,59.0986
117,11,0,2020.5,2074.88,4.03846,97.7885
117,12,3,1631.35,1790.19,55.3125,171.13
117,28,1,1389.86,1591.77,1.70973,230.057
117,36,0,2279.9,2387.79,311.538,542.885
117,43,0,2022.86,2087.91,131.034,279.447
117,45,3,1063.54,1367.65,244.19,482.678
117,51,0,1113.75,1181.63,130.096,254.135
117,52,0,2231.3,2347.16,418.413,661.586
117,53,0,1801.73,1869.04,122.632,238.233
117,58,3,1062.98,1235.48,92.0192,219.808
117,60,0,1767.93,1853.61,173.293,339.014
117,61,2,531.763,781.195,551.251,830.277
117,73,0,1246.88,1299.28,13.738,115.998
117,75,0,843.462,895,29.4231,132.115
117,79,0,1031.56,1076.13,1.04568,85.4928
117,80,0,2025.43,2174.63,739.905,1126.42
117,83,0,1653.09,1862.62,960.831,1448.27
118,7,3,1694.62,1797.69,0,60.0541
118,11,0,2019.38,2072.93,6.09375,94.8678
118,12,3,1635.53,1792.16,49.5793,167.488
118,28,1,1391.92,1592.82,1.14434,226.501
118,36,0,2282.84,2394.09,311.683,536.971
118,43,0,2017.24,2081.23,125.048,273.894
118,45,3,1074.25,1372.48,238.645,474.161
118,51,0,1112.98,1176.25,130.601,256.226
118,52,0,2235.14,2355.63,415.601,662.668
118,53,0,1806.95,1869.98,116.935,237.007
118,58,3,1065.96,1237.12,94.0024,221.863
118,60,0,1768.73,1855.89,170.625,334.471
118,61,2,540.177,797.48,552.015,830.974
118,73,0,1244.25,1297.28,14.6034,116.575
118,75,0,831.875,881.971,33.101,135.793
118,79,0,1023.94,1069.9,2.16346,90.5769
118,80,0,2025.62,2172.88,721.189,1110.14
118,83,0,1652.93,1869.32,936.439,1413.64
119,7,3,1695.87,1802.6,0,57.3678
119,11,0,2018.77,2073.53,6.5625,102.188
119,12,3,1643.61,1799.47,46.0096,168.317
119,28,1,1391.92,1592.82,1.14434,226.501
119,36,0,2284.62,2392.31,309.808,536.539
119,43,0,2013.61,2075.62,120,269.135
119,45,3,1084.73,1383.54,232.513,463.107
119,51,0,1105.77,1178.85,124.038,267.115
119,52,0,2242.26,2366.97,417.043,654.88
119,53,0,1806.95,1869.98,116.935,237.007
119,58,3,1066.44,1241.25,94.4711,227.452
119,60,0,1773.39,1860.46,160.385,325.096
119,61,2,552.979,810.408,553.619,830.88
119,73,0,1244.25,1297.28,14.6034,116.575
119,75,0,820.361,867.332,36.851,140.409
119,79,0,1016.18,1059.21,0.865384,93.3173
119,80,0,2021.86,2169.4,699.014,1065.32
119,83,0,1682.45,1884,897.521,1369.62
119,85,3,1184.71,1306.06,0,117.837
120,7,3,1695.87,1802.6,0,57.3678
120,11,0,2020.05,2075.34,5.44471,100.853
120,12,3,1651.01,1804.37,43.6659,163.594
120,36,0,2288.7,2388.22,312.26,519.086
120,43,0,2013.68,2078.63,118.99,264.375
120,45,3,1093.17,1388.58,229.693,457.489
120,51,0,1103.32,1168.99,124.111,275.986
120,52,0,2247.5,2377.12,415.168,653.87
120,58,3,1071.11,1242.74,93.8942,226.298
120,60,0,1778.22,1858.7,156.562,316.803
120,61,2,578.592,832.96,554.955,828.117
120,75,0,808.221,861.01,37.7885,145.385
120,79,0,1007.69,1053.85,0.90144,94.5793
120,80,0,2021.42,2167.17,683.947,1052.4
120,83,0,1691.3,1895.27,870.216,1337.38
120,85,3,1172.74,1301.11,0,122.272
121,11,0,2019.81,2072.5,3.17308,91.5144
121,12,3,1660.53,1813.32,38.9423,158.942
121,36,0,2288.7,2388.22,312.26,519.086
121,43,0,2012.74,2073.41,121.118,254.171
121,45,3,1106.86,1400.33,222.879,446.925
121,51,0,1094.04,1165.96,125.625,275.048
121,52,0,2256.54,2392.69,409.904,651.058
121,58,3,1068.8,1246.59,94.0385,229.038
121,60,0,1778.63,1861.37,152.74,307.933
121,61,2,590.99,854.781,554.118,829.49
121,73,0,1245.67,1303.56,22.2476,130.493
121,75,0,792.933,845.529,44.6394,149.928
121,79,0,994.736,1040.65,1.15385,98.7981
121,80,0,2022.87,2163.24,663.198,1017.64
121,83,0,1713.67,1906.81,838.914,1296.71
121,85,3,1158.8,1296.59,1.98318,119.459
122,11,0,2020.5,2071.8,3.17308,87.2596
122,12,3,1666.59,1816.49,41.25,156.923
122,43,0,2005.05,2068.8,120.757,252.224
122,45,3,1112.41,1404.79,221.838,442.411
122,51,0,1090.22,1165.17,126.202,276.49
122,52,0,2263.61,2401.01,409.183,651.779
122,58,3,1071.83,1251.25,94.2188,225.108
122,60,0,1780.62,1859.38,151.298,301.587
122,61,2,605.239,868.002,550.765,829.451
122,73,0,1250.48,1301.83,21.6707,130.349
122,75,0,779.327,834.519,42.1154,153.606
122,79,0,987.188,1034.35,7.7524,102.296
122,80,0,2023.72,2162.02,649.603,1003.07
122,83,0,1728.18,1911.84,821.548,1271.37
122,85,3,1151.11,1285.82,2.23558,113.005
122,87,0,1822.57,1885.12,102.115,217.788
123,11,0,2018.12,2074.18,3.24519,86.3221
123,12,3,1673.46,1818.85,39.9159,154.219
123,43,0,2002.86,2067.91,115.024,243.822
123,45,3,1123.87,1411.38,217.915,435.572
123,51,0,1090.77,1161.54,127.644,277.356
123,52,0,2271.88,2411.2,409.111,651.851
123,58,3,1078.94,1251.83,94.7957,225.685
123,60,0,1790.99,1867.48,144.808,292.5
123,61,2,619.823,884.905,553.467,831.338
123,73,0,1250.67,1301.63,24.0865,131.538
123,75,0,769.399,821.37,46.6226,156.599
123,79,0,979.663,1029.57,11.5024,104.171
123,80,0,2020.33,2159.44,638.384,980.233
123,83,0,1733.26,1912.98,804.361,1241.25
123,85,3,1147.26,1280.43,2.1274,117.584
123,87,0,1827.55,1886.3,94.4711,213.317
124,11,0,2018.7,2073.61,0.504806,83.2933
124,12,3,1682.79,1824.9,33.3173,147.26
124,43,0,1998.97,2065.65,109.363,236.791
124,45,3,1131.86,1422.04,213.192,426.274
124,51,0,1085.46,1157.62,132.043,281.034
124,52,0,2279.71,2421.83,408.894,649.76
124,58,3,1083.37,1256.63,95.5529,228.101
124,60,0,1792.26,1872.36,139.111,285.505
124,61,2,637.59,913.771,557.247,830.143
124,73,0,1252.04,1301.8,22.1394,135.072
124,75,0,752.74,810.337,54.9159,161.863
124,79,0,969.183,1018.51,14.6034,106.983
124,80,0,2021.59,2156.52,617.957,961.019
124,83,0,1746.76,1928.95,778.261,1208.32
124,85,3,1135.38,1267.69,4.47115,121.587
124,87,0,1834.86,1891.3,89.8197,201.094
124,88,4,2512.18,2546.29,100.493,220.853
125,11,0,2020.29,2075.1,0.46875,82.7524
125,12,3,1686.83,1833.17,36.9231,146.827
125,43,0,1995.29,2060.1,104.207,230.12
125,45,3,1144.04,1432.88,211.01,415.529
125,51,0,1083.34,1158.2,134.784,281.466
125,52,0,2284.18,2429.66,408.461,650.192
125,58,3,1082.93,1261.68,96.5625,226.514
125,60,0,1795.65,1875.12,135.036,278.329
125,61,2,665.856,927.02,553.687,831.016
125,73,0,1246.3,1301.39,28.6298,132.62
125,75,0,744.712,796.827,58.0529,167.236
125,79,0,958.486,1007.67,9.26683,106.983
125,80,0,2019.86,2155.15,604.096,941.427
125,83,0,1749.11,1938.23,759.989,1185.19
125,85,3,1129.42,1262.88,3.17308,115.889
125,87,0,1833.27,1892.88,87.1514,202.175
125,88,4,2512.18,2546.29,100.493,220.853
126,11,0,2020.14,2072.16,0,79.5433
126,12,3,1693.56,1838.75,33.5697,142.536
126,36,0,2253.85,2358.46,300.433,503.798
126,43,0,1989.54,2056.61,101.611,223.774
126,45,3,1161.92,1445.77,202.861,409.832
126,51,0,1076.9,1155.41,137.885,283.269
126,52,0,2294.71,2449.9,411.707,649.255
126,58,3,1082.69,1268.08,98.149,225.793
126,60,0,1796.68,1877.16,129.447,269.207
126,61,2,679.078,945.717,556.995,833.513
126,73,0,1256.59,1304.95,27.9808,132.26
126,75,0,728.63,780.601,55.8534,172.897
126,79,0,944.471,993.99,16.3341,114.05
126,80,0,2019.7,2150.7,586.927,915.922
126,83,0,1767.53,1940.32,734.455,1147.59
126,85,3,1129.42,1262.88,3.17308,115.889
126,87,0,1844.47,1900.14,87.2236,194.026
127,11,0,2017.07,2072.16,0,79.5433
127,12,3,1701.59,1846.11,33.0649,140.3
127,36,0,2245.43,2351.49,296.25,502.788
127,43,0,1988.61,2054.47,95.1202,221.322
127,45,3,1170.19,1451.35,194.207,405.216
127,51,0,1072.84,1154.86,135.505,285.361
127,52,0,2297.07,2450.62,410.769,646.731
127,58,3,1080.48,1268.75,102.115,226.154
127,60,0,1797.62,1876.23,124.76,267.26
127,61,2,693.542,957.527,555.463,836.609
127,73,0,1256.75,1306.32,28.4135,134.712
127,75,0,718.197,765.649,60.7933,176.899
127,79,0,935.673,982.789,19.2909,115.421
127,80,0,2016.73,2147.47,575.118,895.806
127,83,0,1775.11,1941.8,720.177,1125.76
127,85,3,1102.79,1246.44,6.95913,113.618
127,87,0,1842.38,1902.24,81.5264,193.089
128,11,0,2015.26,2070.89,0,79.5433
128,12,3,1705.58,1845.19,30.6851,136.911
128,36,0,2231.92,2355.77,295.889,506.034
128,43,0,1981.47,2049.3,91.3702,216.995
128,45,3,1175.77,1459.62,192.692,392.019
128,51,0,1071.15,1153.46,136.514,286.37
128,52,0,2300.48,2453.37,407.74,652.644
128,58,3,1097.64,1274.66,102.548,221.683
128,60,0,1799.78,1880.22,122.849,262.824
128,61,2,702.952,972.471,555.008,835.264
128,73,0,1256.49,1308.12,30.6851,134.315
128,75,0,705.337,757.74,63.5337,182.524
128,79,0,926.971,976.106,21.238,119.387
128,80,0,2018.65,2149.72,565.44,884.02
128,83,0,1779.8,1942.96,708.632,1104.63
128,85,3,1098.22,1240.24,7.46394,120.469
128,87,0,1840.41,1904.21,79.5433,188.438
129,11,0,2018.75,2067.4,0.0901437,67.0132
129,12,3,1715.53,1850.62,29.1707,132.945
129,31,0,2018.56,2073.75,50.4808,163.269
129,36,0,2217.79,2348.37,290.625,503.221
129,43,0,1980.38,2044.23,88.8461,211.442
129,45,3,1188.46,1476.15,184.615,391.154
129,51,0,1073.05,1151.56,138.317,290.048
129,52,0,2310,2462.31,404.784,649.255
129,58,3,1100.05,1276.88,103.413,225.433
129,60,0,1801.3,1881.78,116.935,255.757
129,61,2,725.682,989.859,561.397,838.658
129,73,0,1259.57,1312.74,31.4784,135.541
129,75,0,685.168,742.524,67.8966,187.392
129,79,0,914.808,965.192,28.1971,123.101
129,80,0,2019.23,2142.12,548.847,864.679
129,83,0,1794.76,1955.74,684.839,1075.6
129,85,3,1098.22,1240.24,7.46394,120.469
129,87,0,1842.93,1904.76,73.3774,187.392
130,11,0,2020.6,2068.63,0,65.4086
130,12,3,1720.34,1855.05,26.863,130.925
130,31,0,2015.94,2070.22,49.399,163.774
130,36,0,2213.08,2340.77,289.615,500.769
130,43,0,1980.79,2040.75,80.625,209.567
130,45,3,1199.04,1479.42,181.082,384.014
130,51,0,1073.68,1152.48,137.957,291.851
130,52,0,2316.83,2464.71,405.361,649.832
130,58,3,1102.64,1274.28,106.082,227.957
130,60,0,1805.72,1880.43,110.95,249.627
130,61,2,738.327,1007.12,564.314,840.089
130,73,0,1260.05,1313.8,31.8389,136.623
130,75,0,673.365,726.635,74.0625,188.149
130,79,0,903.197,956.803,27.5481,128.51
130,80,0,2014.84,2141.56,533.83,850.434
130,83,0,1800,1961.06,674.621,1056.94
130,87,0,1848.65,1908.27,72.2236,188.546
131,11,0,2020.6,2068.63,0,65.4086
131,12,3,1727.4,1860.29,25.3846,126.923
131,31,0,2014.88,2068.2,50.625,158.942
131,36,0,2191.11,2328.89,284.712,495.865
131,43,0,1976.49,2035.82,80.4808,204.087
131,45,3,1212.02,1491.06,177.115,377.885
131,51,0,1076.03,1151.66,140.769,294.519
131,52,0,2313.65,2461.73,406.154,646.731
131,58,3,1101.2,1277.26,107.524,231.995
131,60,0,1810.1,1879.13,112.5,240.288
131,61,2,762.122,1032.63,560.927,840.362
131,73,0,1260.7,1316.23,38.149,137.236
131,75,0,652.019,708.75,83.5457,198.137
131,79,0,887.38,938.774,34.363,131.935
131,80,0,2016.1,2140.74,522.429,830.981
131,83,0,1806.36,1967.97,655.707,1030.72
131,87,0,1846.66,1910.26,64.9039,182.308
131,90,0,2336.83,2423.17,100.925,202.536
132,12,3,1729.52,1867.4,20.9135,122.812
132,31,0,2011.39,2068.61,48.7139,152.632
132,36,0,2178.08,2320.38,279.591,494.639
132,43,0,1972.55,2030.53,79.6154,198.606
132,45,3,1221.25,1497.21,174.808,375.288
132,51,0,1078.82,1148.87,141.635,296.25
132,52,0,2317.16,2461.3,405.937,647.524
132,58,3,1105.05,1279.57,107.2,234.05
132,60,0,1811.13,1878.1,107.668,236.178
132,61,2,777.247,1044.15,565.18,837.078
132,73,0,1261.9,1316.56,41.1058,138.75
132,75,0,637.788,698.365,82.0673,201.49
132,79,0,875.216,927.861,36.1659,135.613
132,80,0,2015.68,2140.07,511.904,823.865
132,83,0,1810.1,1975.09,639.217,1012.91
132,87,0,1848.65,1911.35,60.9735,179.315
132,90,0,2322.91,2412.48,101.25,199.615
133,12,3,1736.83,1875.48,20.9135,121.01
133,31,0,2015.31,2070.84,45.7933,153.389
133,36,0,2166.88,2310.05,277.572,490.312
133,43,0,1972.64,2030.43,74.1707,198.57
133,45,3,1229.62,1504.23,172.284,368.87
133,51,0,1077.62,1148.53,151.406,297.44
133,52,0,2317.69,2460.77,404.351,649.688
133,58,3,1107.98,1282.79,105.541,237.44
133,60,0,1813.08,1879.23,102.512,231.238
133,61,2,792.423,1056.86,561.365,841.483
133,73,0,1263.73,1320.89,41.7548,142.572
133,75,0,624.087,685.144,86.4663,203.582
133,79,0,868.269,919.423,44.0986,138.353
133,80,0,2027.02,2136.06,504.663,803.798
133,83,0,1822.6,1977.45,632.48,987.579
133,85,3,1053.37,1189.71,24.2308,143.365
133,87,0,1851.68,1914.47,57.2236,179.892
133,90,0,2309.35,2398.34,76.262,200.805
134,12,3,1744.95,1876.59,23.7981,117.764
134,31,0,2016.49,2069.66,41.2861,149.387
134,36,0,2146.35,2293.65,270.577,488.077
134,43,0,1968.17,2022.6,70.1322,191.791
134,45,3,1241.73,1509.04,170.12,359.207
134,51,0,1082.98,1152.4,150.577,299.712
134,52,0,2320.96,2457.5,406.659,645.649
134,58,3,1124.04,1283.65,102.945,242.921
134,60,0,1814.83,1880.55,96.7067,226.947
134,61,2,809.883,1083.38,562.31,845.246
134,73,0,1270.58,1326.35,41.899,148.197
134,75,0,606.683,664.087,91.7308,212.885
134,79,0,855.962,908.654,42.6562,144.267
134,80,0,2024.71,2138.37,492.188,783.966
134,83,0,1836.28,1991.44,616.009,972.835
134,85,3,1053.37,1189.71,24.2308,143.365
134,87,0,1860.87,1917.6,55.3125,173.438
134,90,0,2297.69,2363.85,77.3438,198.137
134,91,0,1218.45,1263.09,1.83894,87.2236
135,12,3,1750.19,1877.5,22.5,116.755
135,31,0,2016.49,2069.66,36.851,148.341
135,36,0,2129.76,2276.39,270.288,484.904
135,43,0,1968.17,2022.6,66.8149,190.925
135,45,3,1254.81,1522.12,166.514,357.043
135,51,0,1084.4,1155.6,151.082,302.957
135,52,0,2319.38,2456.01,406.587,646.875
135,58,3,1109.57,1290.43,109.435,239.026
135,60,0,1814.88,1880.5,93.4976,222.079
135,61,2,822.31,1098.69,561.852,847.984
135,73,0,1271.9,1331.18,41.5385,149.135
135,75,0,593.197,652.188,96.1659,221.142
135,79,0,845.168,896.37,45.3606,145.745
135,80,0,2027.74,2141.49,481.082,766.226
135,83,0,1845.11,1996.77,602.82,958.743
135,87,0,1860.12,1918.34,55.4207,171.31
135,90,0,2286.01,2357.07,69.8798,196.514
135,91,0,1219.27,1265.35,2.48798,87.7284
136,12,3,1751.54,1882.31,21.1659,113.906
136,31,0,2013.65,2066.35,30.5048,146.034
136,36,0,2097.31,2253.46,258.462,475.962
136,43,0,1959.74,2015.65,64.5433,184.399
136,45,3,1266.44,1528.94,157.716,349.399
136,51,0,1087.76,1156.85,149.639,303.822
136,52,0,2315.87,2453.37,408.462,646.154
136,58,3,1108.99,1294.09,109.147,239.892
136,60,0,1813.37,1878.94,87.9808,214.615
136,61,2,857.004,1125.15,563.892,850.164
136,73,0,1274.13,1330.48,39.8798,150.505
136,75,0,568.534,624.543,96.851,226.226
136,79,0,825.793,878.822,51.5625,150.649
136,80,0,2028.99,2137.16,467.308,753.461
136,83,0,1848.97,2006.98,586.135,933.452
136,87,0,1863.8,1923.89,48.9303,161.647
136,90,0,2268.75,2340.48,74.8918,188.329
136,91,0,1219,1264.07,2.45192,89.6394
137,12,3,1762.69,1889.62,15.3245,114.7
137,31,0,2014.25,2065.75,27.8726,141.887
137,36,0,2085.1,2234.9,257.74,472.644
137,43,0,1958.58,2013.73,61.9471,179.928
137,45,3,1278.08,1534.23,153.245,343.774
137,51,0,1091.13,1162.72,147.909,304.688
137,52,0,2315.82,2453.41,406.875,647.164
137,58,3,1128.41,1291.59,102.8,247.392
137,60,0,1812.72,1879.59,86.6466,212.488
137,61,2,863.881,1142.91,563.296,849.638
137,73,0,1276.3,1332.93,37.3197,151.334
137,75,0,554.928,612.764,97.5721,229.543
137,79,0,816.779,869.375,55.3846,153.173
137,80,0,2029.23,2136.92,461.971,736.875
137,83,0,1853.35,2015.23,576.728,917.952
137,87,0,1864.11,1926.66,44.2428,156.959
137,90,0,2257.07,2327.55,67.1034,188.474
137,91,0,1219.42,1265.19,2.01923,90.0721
137,92,0,1137.5,1174.81,1.56851,55.0421
138,12,3,1766.49,1891.97,15.8293,111.094
138,31,0,2015.6,2070.55,31.4423,133.558
138,36,0,2061.63,2221.44,259.038,466.731
138,43,0,1957.16,2012.07,64.6875,170.553
138,45,3,1287.5,1541.73,149.784,340.312
138,51,0,1101.54,1170.77,149.135,306.346
138,52,0,2318.61,2456.78,407.812,646.803
138,58,3,1112.5,1301.35,105.974,243.93
138,60,0,1816.92,1878.46,81.274,208.63
138,61,2,876.093,1152.34,567.117,851.646
138,73,0,1278.7,1333.61,39.2308,150.433
138,75,0,540.144,599.087,105.072,233.582
138,79,0,806.106,861.587,54.6995,158.762
138,80,0,2034.52,2147.02,453.101,721.514
138,83,0,1863.07,2018.75,572.288,899.84
138,85,3,998.317,1140.14,30.8293,172.536
138,87,0,1869.76,1930.24,43.4856,154.399
138,90,0,2248.46,2314.62,65.3005,187.248
138,91,0,1221.73,1265.96,1.98317,90.1082
138,92,0,1135.7,1172,0.919472,53.2752
139,12,3,1774.04,1893.65,12.2957,110.95
139,31,0,2020.67,2071.63,25.3846,131.538
139,36,0,2038.37,2192.4,256.01,457.644
139,43,0,1955.36,2007.72,60.7212,166.731
139,45,3,1295.87,1551.83,147.476,332.236
139,51,0,1105.29,1179.33,153.173,307.212
139,52,0,2317.79,2457.6,407.308,645.577
139,58,3,1116.78,1306.3,110.156,243.786
139,60,0,1820.72,1880.82,74.2428,201.671
139,61,2,901.269,1169.8,564.727,855.791
139,73,0,1282.21,1337.79,44.1346,152.163
139,75,0,517.933,576.683,110.409,240.938
139,79,0,790.577,846.346,61.3341,163.954
139,80,0,2035.62,2152.07,440.264,707.812
139,83,0,1877.44,2031.23,556.341,881.285
139,85,3,983.125,1127.64,33.8582,177.296
139,87,0,1870.05,1933.03,36.6707,151.118
139,90,0,2236.35,2302.12,62.1995,186.599
139,91,0,1223.55,1268.76,5.87741,95.9495
139,92,0,1135.7,1172,0.919472,53.2752
140,12,3,1777.45,1899.47,10.1322,110.156
140,31,0,2018.34,2070.89,25.6731,130.096
140,36,0,2018.99,2177.93,255.144,453.894
140,43,0,1952.69,2004.23,61.2981,163.99
140,45,3,1309.62,1558.08,144.519,329.423
140,51,0,1107.74,1184.57,152.236,307.861
140,52,0,2316.2,2456.11,409.471,646.298
140,58,3,1119.33,1308.37,107.812,246.13
140,60,0,1821.95,1882.67,70.7812,196.334
140,61,2,914.833,1189.87,569.275,854.639
140,73,0,1281.08,1337.38,40.601,152.668
140,75,0,498.99,561.779,113.005,245.841
140,79,0,780.048,835.337,60.649,167.236
140,80,0,2039.42,2151.35,425.697,698.149
140,83,0,1887.41,2032.8,545.347,867.683
140,85,3,969.279,1124.57,49.4351,180.325
140,87,0,1871.54,1934.62,33.4255,149.459
140,90,0,2219.09,2291.68,63.137,179.603
140,91,0,1223.09,1270.76,2.92067,97.1034
140,92,0,1115.19,1155.58,0.144231,60.613
141,12,3,1780,1900,8.76202,106.623
141,31,0,2018.53,2067.62,26.2139,129.123
141,36,0,1986.35,2145.96,250.385,440.192
141,43,0,1944.01,2000.6,54.3029,161.034
141,45,3,1321.35,1567.88,141.995,323.87
141,51,0,1110.89,1192.19,153.75,313.846
141,52,0,2315.38,2456.92,412.5,643.846
141,58,3,1117.36,1308.8,108.894,249.952
141,60,0,1820.96,1883.65,68.3293,191.43
141,61,2,928.502,1210.75,577.742,853.787
141,73,0,1282.02,1336.44,43.4856,154.111
141,75,0,472.188,536.274,120.325,256.983
141,79,0,758.413,813.894,66.4183,172.861
141,80,0,2043.75,2156.25,419.856,679.183
141,83,0,1900.65,2049.86,533.448,846.134
141,85,3,956.394,1105.14,47.4519,188.077
141,87,0,1876.15,1936.15,32.6322,141.599
141,90,0,2208,2275.07,61.9471,176.466
141,91,0,1222.76,1269.54,4.36298,99.1947
141,92,0,1103.77,1143.92,1.55048,66.4183
142,12,3,1786.92,1908.46,7.31971,103.377
142,31,0,2020.48,2068.75,25.2043,127.103
142,36,0,1970.43,2121.88,245.625,440.337
142,43,0,1944.3,1997.24,49.4712,157.644
142,45,3,1326.54,1573.46,137.524,320.841
142,51,0,1115.89,1202.57,157.644,316.298
142,52,0,2316.01,2456.3,412.861,644.062
142,58,3,1118.41,1309.28,107.993,254.026
142,60,0,1821.51,1883.1,66.851,187.861
142,61,2,954.623,1225.99,572.206,857.083
142,73,0,1284.9,1338.17,43.774,156.13
142,75,0,456.25,517.596,129.339,262.103
142,79,0,749.399,803.678,65.6971,176.899
142,80,0,2049.09,2157.07,416.178,668.438
142,83,0,1909.85,2052.08,524.43,832.155
142,85,3,946.731,1100.96,49.2909,193.305
142,87,0,1881.44,1937.02,31.1178,136.911
142,90,0,2195.53,2262.93,59.3149,175.204
142,91,0,1224.15,1271.24,3.64183,101.286
142,92,0,1098.27,1137.12,1.11779,67.1755
143,12,3,1788.56,1916.06,7.42788,103.99
143,31,0,2023.61,2071.78,19.6514,123.137
143,36,0,1948.27,2107.12,241.947,440.553
143,43,0,1943.85,1997.69,49.0745,154.579
143,45,3,1335.77,1581.15,140.481,316.442
143,51,0,1123.25,1212.14,159.231,318.462
143,52,0,2318.94,2459.52,409.904,649.904
143,58,3,1120.19,1313.65,108.245,254.928
143,60,0,1820.31,1884.3,62.3438,184.291
143,61,2,971.595,1239.08,572.802,856.361
143,73,0,1288.46,1339.23,43.0529,161.899
143,75,0,440.312,505.841,131.791,267.44
143,79,0,740.288,796.635,69.0144,184.255
143,80,0,2057.84,2166.78,416.394,661.298
143,83,0,1911.03,2060.68,521.719,822.023
143,85,3,935.048,1094.18,53.7981,197.452
143,87,0,1885.87,1941.83,29.9639,132.296
143,90,0,2192.57,2253.58,56.5024,175.853
143,91,0,1226.9,1273.1,4.29087,105.252
143,92,0,1092.5,1132.12,0.667069,69.6094
144,12,3,1795.53,1918.32,7.46394,101.502
144,31,0,2023.41,2071.97,18.75,124.183
144,36,0,1924.18,2078.89,236.683,439.471
144,43,0,1944.18,1997.36,44.1346,149.423
144,45,3,1344.9,1588.94,133.053,306.562
144,51,0,1131.73,1226.73,162.404,322.212
144,52,0,2320.1,2458.37,409.76,648.317
144,58,3,1127.21,1314.33,111.599,251.286
144,60,0,1824.33,1886.44,59.0264,179.387
144,61,2,989.071,1269.53,571.27,860.916
144,73,0,1292.36,1344.57,45.7572,162.224
144,75,0,415.168,478.678,139.219,275.589
144,79,0,723.365,781.25,73.0168,188.041
144,80,0,2069.71,2179.52,404.495,650.697
144,83,0,1926.68,2074.65,500.948,803.606
144,85,3,920.865,1079.13,61.5144,201.995
144,87,0,1898.32,1950.91,23.4375,121.803
144,90,0,2179.83,2241.71,43.7019,172.788
144,91,0,1230.43,1274.18,8.22116,105.793
144,92,0,1083.79,1122.37,0.216343,71.1058
145,12,3,1794.95,1928.12,4.97596,99.0865
145,31,0,2021.13,2071.18,21.0577,120.721
145,36,0,1901.39,2061.68,229.832,431.322
145,43,0,1928.94,1984.9,40.0601,143.257
145,45,3,1352.31,1593.85,130.529,303.317
145,51,0,1143.56,1237.98,157.5,321.346
145,52,0,2319.42,2455.96,410.625,647.452
145,58,3,1127.88,1316.73,111.274,249.591
145,60,0,1823.17,1884.52,58.0168,175.925
145,61,2,999.335,1289.69,569.002,863.138
145,73,0,1293.73,1346.27,45.2524,163.594
145,75,0,393.125,464.567,137.812,281.611
145,79,0,707.26,765.817,83.6899,188.329
145,80,0,2075.29,2183.17,393.317,636.49
145,83,0,1935.59,2078.59,491.828,792.131
145,85,3,920.865,1079.13,61.5144,201.995
145,87,0,1895.79,1950.36,25.2404,118.413
145,90,0,2174.3,2231.85,48.4255,168.065
145,91,0,1228.8,1274.28,8.58173,105.938
145,92,0,1077.21,1116.63,1.37019,75.7933
146,12,3,1804.81,1918.27,1.00962,99.2308
146,31,0,2017.98,2071.25,20.5889,117.44
146,36,0,1872.02,2026.44,228.75,427.788
146,43,0,1928.61,1985.24,38.7981,142.356
146,45,3,1369.71,1599.52,128.149,296.466
146,51,0,1152.64,1255.05,157.788,323.942
146,52,0,2318.51,2453.8,410.625,645.144
146,58,3,1127.93,1318.22,109.687,251.755
146,60,0,1824.57,1883.12,48.6418,166.983
146,61,2,1018.21,1309.34,571.833,861.02
146,73,0,1295.19,1350.96,45.3606,164.207
146,75,0,364.76,437.548,144.7,288.57
146,79,0,690.168,751.37,84.9159,197.344
146,80,0,2085.48,2197.6,387.548,627.836
146,83,0,1946.96,2089.51,481.769,774.901
146,87,0,1901.03,1951.27,21.9231,114.591
146,90,0,2156.01,2216.3,50.1923,163.269
146,91,0,1226.01,1273.99,9.15865,106.803
146,92,0,1064.52,1104.71,0.757213,77.7764
147,12,3,1807.12,1943.65,0.036056,99.3389
147,31,0,2018.27,2070.96,20.3726,115.421
147,36,0,1852.93,2011.68,225.721,429.663
147,43,0,1927.28,1983.49,37.5721,140.409
147,45,3,1374.62,1603.85,127.788,291.635
147,51,0,1159.86,1266.3,163.269,323.942
147,52,0,2319.47,2449.76,411.202,646.298
147,58,3,1130.87,1321.44,111.635,252.692
147,60,0,1825.96,1884.81,47.0192,163.558
147,61,2,1028.31,1319.17,577.077,863.489
147,73,0,1296.8,1353.97,47.4519,165.144
147,75,0,350.361,418.87,154.399,297.909
147,79,0,679.135,739.327,87.3678,200.661
147,80,0,2098.37,2203.17,380.769,621.346
147,83,0,1958.49,2097.1,469.158,763.725
147,85,3,882.452,1042.16,67.9327,218.51
147,87,0,1901.03,1951.27,21.9231,114.591
147,90,0,2149.18,2210.82,50.9856,161.755
147,91,0,1225.82,1275.72,10.7091,106.262
147,92,0,1054.19,1098.11,2.8125,79.0385
