35.0,21.0,0.0,1404.14,1763.96,1468.98,1917.86
36.0,21.0,0.0,1406.17,1764.85,1417.51,1917.53
37.0,21.0,0.0,1419.49,1766.75,1371.95,1914.07
38.0,21.0,0.0,1438.53,1766.36,1319.96,1914.74
39.0,21.0,0.0,1441.82,1762.13,1285.71,1914.68
40.0,21.0,0.0,1459.73,1760.11,1250.14,1910.22
41.0,21.0,0.0,1481.84,1774.7,1215.1,1868.93
42.0,21.0,0.0,1494.7,1792.16,1197.22,1836.88
43.0,21.0,0.0,1498.96,1784.48,1180.72,1815.63
44.0,21.0,0.0,1508.68,1804.05,1177.75,1795.42
45.0,21.0,0.0,1513.94,1789.46,1170.14,1770.82
46.0,21.0,0.0,1512.39,1790.88,1168.85,1771.04
47.0,21.0,0.0,1510.28,1779.81,1180.79,1788.11
48.0,21.0,0.0,1506.79,1778.96,1178.57,1788.38
49.0,21.0,0.0,1514.81,1786.85,1177.5,1791.27
50.0,21.0,0.0,1509.8,1793.16,1180.55,1791.85
51.0,21.0,0.0,1504.9,1799.33,1182.58,1791.05
52.0,21.0,0.0,1507.22,1794.27,1183.79,1790.45
53.0,21.0,0.0,1506.79,1798.5,1184.58,1791.83
54.0,21.0,0.0,1496.72,1794.62,1181.09,1793.81
55.0,21.0,0.0,1505.65,1796.09,1182.73,1790.05
56.0,21.0,0.0,1499.42,1796.02,1182.78,1794.64
57.0,21.0,0.0,1510.8,1792.44,1183.64,1794.23
58.0,21.0,0.0,1506.31,1784.53,1182.25,1791.99
59.0,21.0,0.0,1510.15,1790.96,1185.3,1795.15
60.0,21.0,0.0,1512.15,1794.48,1185.09,1794.72
61.0,21.0,0.0,1506.81,1780.58,1180.23,1797.56
62.0,21.0,0.0,1499.7,1771.74,1181.33,1800.93
63.0,21.0,0.0,1502.75,1768.88,1178.31,1800.49
64.0,21.0,0.0,1504.24,1774.16,1178.5,1800.04
65.0,21.0,0.0,1499.28,1767.1,1177.82,1798.02
66.0,21.0,0.0,1501.41,1769.49,1176.91,1799.5
67.0,21.0,0.0,1500.25,1764.05,1176.76,1799.93
68.0,21.0,0.0,1497.81,1763.55,1176.66,1800.93
69.0,21.0,0.0,1497.74,1766.08,1176.32,1802.81
70.0,21.0,0.0,1498.06,1765.23,1178.87,1800.9
71.0,21.0,0.0,1500.97,1761.57,1183.07,1802.14
72.0,21.0,0.0,1503.34,1778.18,1182.74,1799.52
73.0,21.0,0.0,1501.85,1772.96,1180.19,1800.51
74.0,21.0,0.0,1508.29,1765.1,1182.52,1804.51
75.0,21.0,0.0,1505.44,1764.14,1179.23,1803.89
76.0,21.0,0.0,1504.1,1767.38,1180.62,1800.19
77.0,21.0,0.0,1503.36,1765.23,1181.29,1800.93
78.0,21.0,0.0,1503.59,1765.6,1182.11,1799.82
79.0,21.0,0.0,1512.83,1748.41,1187.45,1791.42
80.0,21.0,0.0,1509.49,1745.16,1184.16,1794.06
81.0,21.0,0.0,1509.95,1743.62,1187.08,1795.79
82.0,21.0,0.0,1510.47,1743.91,1187.15,1796.45
83.0,21.0,0.0,1512.91,1745.86,1186.33,1794.44
84.0,21.0,0.0,1513.96,1747.23,1187.74,1793.48
85.0,21.0,0.0,1511.64,1745.27,1189.14,1791.93
86.0,21.0,0.0,1509.94,1745.83,1187.21,1791.77
87.0,21.0,0.0,1509.11,1747.0,1188.88,1791.67
88.0,21.0,0.0,1509.98,1746.71,1186.53,1792.27
89.0,21.0,0.0,1509.23,1743.84,1184.03,1796.91
90.0,21.0,0.0,1508.88,1744.03,1184.25,1796.54
91.0,21.0,0.0,1506.64,1742.71,1183.87,1796.75
92.0,21.0,0.0,1507.99,1743.92,1183.1,1797.18
93.0,21.0,0.0,1499.36,1757.18,1181.85,1802.51
94.0,21.0,0.0,1499.97,1758.54,1181.29,1802.48
95.0,21.0,0.0,1508.47,1743.76,1187.22,1795.93
96.0,21.0,0.0,1508.24,1743.14,1185.6,1795.49
97.0,21.0,0.0,1509.2,1743.46,1183.7,1796.58
98.0,21.0,0.0,1506.74,1741.23,1186.26,1796.75
99.0,21.0,0.0,1499.75,1755.93,1182.1,1801.93
100.0,21.0,0.0,1503.92,1759.85,1184.08,1800.56
101.0,21.0,0.0,1500.96,1768.53,1181.77,1797.49
102.0,21.0,0.0,1500.56,1780.14,1187.28,1795.79
103.0,21.0,0.0,1504.22,1783.25,1185.81,1795.63
104.0,21.0,0.0,1498.62,1771.59,1180.83,1797.12
105.0,21.0,0.0,1497.33,1769.77,1179.87,1799.06
106.0,21.0,0.0,1495.22,1763.18,1177.75,1797.39
107.0,21.0,0.0,1496.38,1765.38,1187.1,1800.12
108.0,21.0,0.0,1492.58,1765.69,1186.55,1800.99
109.0,21.0,0.0,1489.73,1764.97,1187.6,1799.31
110.0,21.0,0.0,1490.43,1765.27,1185.71,1802.29
111.0,21.0,0.0,1496.34,1762.86,1188.52,1802.06
112.0,21.0,0.0,1499.85,1764.29,1188.09,1802.3
113.0,21.0,0.0,1496.04,1772.23,1189.12,1800.31
114.0,21.0,0.0,1495.59,1768.29,1189.09,1800.24
115.0,21.0,0.0,1500.38,1770.7,1183.45,1800.15
116.0,21.0,0.0,1501.8,1764.7,1181.66,1800.62
117.0,21.0,0.0,1502.8,1764.42,1181.62,1799.93
118.0,21.0,0.0,1499.32,1762.48,1182.11,1799.68
119.0,21.0,0.0,1503.48,1765.99,1184.82,1806.96
120.0,21.0,0.0,1500.69,1780.75,1188.64,1802.97
121.0,21.0,0.0,1505.76,1781.68,1184.63,1797.43
122.0,21.0,0.0,1502.15,1784.27,1189.42,1797.56
123.0,21.0,0.0,1510.07,1786.53,1185.07,1799.21
124.0,21.0,0.0,1501.87,1794.87,1183.61,1800.16
125.0,21.0,0.0,1506.11,1784.6,1185.29,1799.13
126.0,21.0,0.0,1509.15,1790.85,1178.43,1800.23
127.0,21.0,0.0,1507.57,1782.01,1177.4,1803.01
128.0,21.0,0.0,1509.57,1800.65,1173.14,1803.65
129.0,21.0,0.0,1509.14,1797.59,1177.01,1803.31
130.0,21.0,0.0,1504.23,1790.65,1180.49,1801.19
131.0,21.0,0.0,1508.29,1793.24,1177.98,1802.79
132.0,21.0,0.0,1505.7,1798.84,1180.34,1802.48
133.0,21.0,0.0,1503.09,1803.55,1179.26,1802.12
134.0,21.0,0.0,1510.84,1772.84,1174.55,1803.37
135.0,21.0,0.0,1521.59,1790.46,1175.14,1799.14
136.0,21.0,0.0,1516.56,1785.56,1177.79,1799.17
137.0,21.0,0.0,1504.27,1767.94,1180.14,1801.72
138.0,21.0,0.0,1499.42,1775.07,1177.93,1803.12
139.0,21.0,0.0,1504.07,1768.39,1179.34,1803.57
140.0,21.0,0.0,1508.38,1776.6,1181.08,1802.23
141.0,21.0,0.0,1507.33,1776.2,1177.97,1802.66
142.0,21.0,0.0,1506.14,1777.26,1180.32,1803.33
143.0,21.0,0.0,1508.8,1787.84,1181.15,1803.25
144.0,21.0,0.0,1507.48,1783.54,1177.59,1804.76
145.0,21.0,0.0,1502.45,1792.04,1180.55,1802.12
146.0,21.0,0.0,1499.68,1792.89,1177.89,1803.0
147.0,21.0,0.0,1498.18,1786.78,1177.48,1803.2
148.0,21.0,0.0,1506.05,1785.9,1177.28,1803.46
