2,1,0,1920.99,2117.71,844.912,1304.16
2,2,3,1811.48,2261.37,533.324,876.919
2,3,0,2128.17,2348.75,1178.34,1754.65
2,4,1,2506.47,2558.15,0,346.01
2,5,0,2385.23,2550.14,334.265,630.165
2,6,3,1484.42,1823.27,3.38943,152.236
2,7,1,1786.06,2217.76,0,172.353
2,8,1,689.057,1372.3,671.219,1527.42
2,9,0,1241.92,1335,2.34375,138.57
2,10,0,1139.42,1239.04,0,125.841
3,1,0,1946.44,2124.15,806.632,1251.97
3,2,3,1839.28,2274.84,504.591,856.763
3,3,0,2100.65,2328.65,1117.08,1678.4
3,4,1,2506.47,2558.15,0,346.01
3,5,0,2416.18,2553.57,313.805,615.578
3,6,3,1491.73,1819.04,3.75,153.317
3,7,1,1788.65,2214.36,0,172.499
3,8,1,723.564,1390.98,614.548,1467.2
3,9,0,1237.45,1334.86,1.51442,141.707
3,10,0,1140.77,1234.62,0,125.841
4,1,0,1965.43,2143.75,771.494,1201.45
4,2,3,1867.03,2294.59,482.465,814.838
4,3,0,2103.42,2313.23,1055.98,1596.84
4,5,0,2446.3,2559.86,296.899,578.87
4,6,3,1488.94,1818.75,2.74038,153.029
4,7,1,1793.19,2209.12,0,173.006
4,8,1,761.396,1431.75,587.076,1377.97
4,9,0,1243.15,1333.77,2.01923,141.346
4,10,0,1140.84,1231.47,0,126.887
5,1,0,1993.83,2165.02,737.255,1161.06
5,2,3,1894.66,2317.23,461.737,787.563
5,3,0,2092.64,2295.28,1002.74,1527.6
5,5,0,2479.23,2560,290.048,563.798
5,6,3,1485.67,1825.1,2.52404,150.505
5,7,1,1785.83,2224.97,0,169.033
5,8,1,813.406,1473.69,545.044,1305.45
5,9,0,1245.53,1336.01,2.52404,138.245
5,10,0,1139.38,1239.09,0.252407,125.3
6,1,0,2012.22,2170.16,706.391,1113.02
6,2,3,1919.22,2342.83,439.753,764.784
6,3,0,2095.23,2283.52,953.734,1458.25
6,5,0,2493.32,2558.99,265.601,523.053
6,6,3,1486.92,1823.85,2.66827,150.793
6,7,1,1794.57,2219.37,0,170.753
6,8,1,845.732,1505.05,506.87,1239.57
6,9,0,1243.92,1334.54,2.16346,140.337
6,10,0,1139.47,1242.07,0.288463,123.317
7,1,0,2025.09,2184.03,679.215,1055.93
7,2,3,1950.31,2366.59,421.377,737.371
7,3,0,2095.87,2279.3,901.361,1396.12
7,5,0,2493.32,2558.99,265.601,523.053
7,6,3,1486.54,1821.15,1.65866,152.957
7,7,1,1797.88,2208.8,0,172.573
7,8,1,889.088,1554.23,461.928,1183.54
7,9,0,1245.43,1340.72,2.16346,150.144
7,10,0,1138.8,1241.2,0,123.101
8,1,0,2049.57,2204.04,647.664,1019.05
8,2,3,1987.34,2389.63,398.507,710.324
8,3,0,2097.24,2284.52,861.024,1334.62
8,6,3,1487.12,1826.73,1.58654,151.154
8,7,1,1794.06,2208.21,0,172.649
8,8,1,952.975,1573.56,411.496,1134.78
8,9,0,1243.56,1336.44,3.42548,136.118
8,10,0,1142.16,1242.45,0,126.743
8,12,3,727.5,1542.5,1520.68,1915.78
9,1,0,2064.96,2218.23,616.486,978.323
9,2,3,2017.13,2420.8,381.82,687.01
9,3,0,2090.01,2278.16,820.204,1279.34
9,6,3,1486.44,1818.17,2.23557,153.389
9,7,1,1786.51,2212.32,0,169.183
9,8,1,997.803,1606.08,388.711,1068.26
9,9,0,1239.47,1334.38,2.95673,138.462
9,10,0,1142.16,1237.84,0,124.543
9,12,3,770,1555,1424.37,1920
10,1,0,2064.54,2238.76,594.946,953.278
10,2,3,2046.39,2445.55,358.812,656.133
10,3,0,2106.56,2281.69,776.128,1239.55
10,6,3,1486.73,1820.96,3.24519,155.841
10,7,1,1788.47,2209.3,0,171.41
10,8,1,1050.58,1631.86,373.453,1021.41
10,9,0,1240.24,1338.22,2.52404,151.37
10,10,0,1142.98,1238.56,0,124.219
10,12,3,823.125,1562.5,1345.11,1914.46
10,14,0,2478.08,2558.16,904.511,1405.95
11,1,0,2099.28,2244.39,560.933,940.367
11,2,3,2087.68,2477.64,338.573,629.36
11,3,0,2112.46,2288.92,739.574,1187.75
11,6,3,1487.02,1820.67,2.23557,151.803
11,7,1,1795.37,2216.76,0,175.151
11,8,1,1096.74,1676.32,348.09,965.051
11,9,0,1247.74,1335.34,0.396638,140.084
11,10,0,1142.76,1237.24,0,127.067
11,12,3,865,1585,1249.74,1834.09
11,14,0,2464.98,2560,868.036,1328.07
11,15,1,6.5864,546.476,106.744,406.689
12,1,0,2116.43,2250.61,538.43,864.844
12,2,3,2120.61,2514.83,321.735,608.504
12,3,0,2118.09,2298.82,703.971,1138.46
12,6,3,1485.48,1819.13,3.89423,150.288
12,7,1,1791.23,2220.56,0,175.036
12,8,1,1145.44,1717.99,329.621,926.069
12,9,0,1246.2,1336.88,0,139.76
12,10,0,1143.56,1242.6,0,127.5
12,12,3,908.125,1602.5,1181.3,1723.32
12,14,0,2457.22,2558.45,830.083,1279.46
12,15,1,11.4542,628.329,74.9304,416.018
13,1,0,2115.83,2252.12,514.192,850.311
13,2,3,2153.58,2547.61,309.466,587.242
13,3,0,2125.96,2296.19,683.322,1097.71
13,6,3,1485.87,1818.75,4.4351,150.18
13,7,1,1793.29,2215.92,0,175.479
13,8,1,1188.8,1753.36,312.603,879.899
13,9,0,1242.98,1337.02,0.757213,140.156
13,10,0,1142.84,1240.24,0,124.688
13,12,3,962.5,1612.5,1105.02,1630.08
13,14,0,2445.06,2558.82,800.599,1226.53
13,15,1,30,653.75,41.7106,417.616
14,1,0,2115.83,2252.12,514.192,850.311
14,2,3,2191.82,2558.29,287.68,558.426
14,3,0,2141.45,2297.55,648.568,1057.93
14,6,3,1485.77,1818.85,3.71394,149.459
14,7,1,1788.32,2222.53,0,176.114
14,8,1,1234.24,1799.49,279.23,830.552
14,9,0,1242.72,1340.36,1.44231,138.462
14,10,0,1143.41,1241.2,0,126.094
14,12,3,1002.5,1647.5,1032.1,1542.16
14,14,0,2428.82,2558.61,764.531,1185.86
14,15,1,78.9537,774.05,95.8319,377.707
15,1,0,2148.36,2291.5,467.904,769.972
15,2,3,2232.95,2554.7,270.018,538.583
15,3,0,2143.53,2298.72,621.051,1019.91
15,6,3,1485.67,1822.02,4.6875,148.918
15,7,1,1789.26,2228.37,0,173.992
15,8,1,1278.33,1846.21,257.629,808.884
15,9,0,1246.44,1342.79,1.22596,138.389
15,10,0,1144.33,1241.83,0,126.599
15,12,3,1042.5,1667.5,963.607,1468.45
15,14,0,2421.91,2557.11,729.469,1143.05
15,15,1,188.878,866.217,81.94,377.595
16,1,0,2148.36,2291.5,467.904,769.972
16,2,3,2274.51,2557.37,254.519,519.083
16,3,0,2147.71,2304.15,592.979,985.223
16,6,3,1487.31,1826.54,5.04808,148.558
16,7,1,1792.21,2223.86,0,171.758
16,8,1,1326.03,1890.46,235.889,777.472
16,9,0,1246.44,1342.79,1.22596,138.389
16,10,0,1142.79,1243.37,0,126.31
16,12,3,1083.75,1693.75,916.528,1385.44
16,14,0,2410.99,2557.46,701.777,1108.11
16,15,1,119.375,1224.38,34.7248,369.716
17,2,3,2307.57,2555.67,244.313,510.692
17,3,0,2155.06,2313.03,568.082,958.225
17,6,3,1485.19,1825.58,4.97596,149.062
17,7,1,1792.26,2222.73,0,172.606
17,8,1,1377.14,1932,219.379,742.125
17,10,0,1144.38,1244.86,0,128.257
17,12,3,1128.75,1705,856.103,1320.51
17,14,0,2407.87,2559.73,674.255,1072.04
17,15,1,195.625,1602.5,25.2268,341.385
18,1,0,2212.96,2346.16,409.302,730.499
18,2,3,2348.49,2557.1,218.919,488.438
18,3,0,2164.66,2304.76,541.591,924.468
18,6,3,1485.19,1825.58,2.95673,149.495
18,7,1,1786.56,2234.16,0,175.858
18,8,1,1433.87,1970.87,205.498,724.049
18,10,0,1144.38,1244.86,0,128.257
18,12,3,1168.07,1724.7,810.582,1242.26
18,14,0,2412.6,2555.61,647.32,1036.63
18,15,1,203.75,1523.75,21.8487,347.327
19,1,0,2250.94,2377.72,387.381,705.185
19,2,3,2381.71,2560,217.062,472.175
19,3,0,2170.03,2306.28,516.983,893.372
19,6,3,1487.6,1826.25,2.01922,150
19,7,1,1792.12,2213.02,0,175.505
19,8,1,1479.23,2022.56,185.498,680.666
19,10,0,1154.71,1228.37,2.52404,120.216
19,12,3,1188.95,1758.71,758.452,1192.99
19,14,0,2409.18,2556.18,620.291,1008.44
19,15,1,116.875,1240.62,7.56454,372.35
20,1,0,2282.28,2406.73,370.695,693.898
20,2,3,2424.5,2559.86,193.798,476.113
20,3,0,2174.98,2313.45,496.294,859.537
20,6,3,1486.35,1827.5,2.37981,149.495
20,7,1,1790.77,2215.52,0,174.731
20,8,1,1534.19,2066.23,170.411,657.307
20,10,0,1154.71,1228.37,2.52404,120.216
20,12,3,1235.26,1783.52,723.777,1124.3
20,14,0,2414.36,2553.71,591.489,972.827
20,15,1,443.192,1268.04,111.032,350.125
20,21,3,2212.98,2463.94,0.360578,100.817
21,1,0,2309.5,2435.36,343.496,650.246
21,2,3,2458.17,2560,179.928,447.764
21,3,0,2185.56,2323.52,475.925,830.591
21,6,3,1481.92,1825.77,1.22596,149.639
21,7,1,1775.9,2223.64,0,167.761
21,8,1,1581.07,2111.95,151.887,631.586
21,10,0,1146.08,1241.61,0,130.673
21,12,3,1280.03,1798.7,680.931,1064.99
21,14,0,2415.12,2554.74,571.615,938.702
21,15,1,568.493,1270.07,48.2143,364.092
21,21,3,2266.44,2521.25,0.0360596,100.06
22,1,0,2340.07,2469.86,318.261,622.253
22,2,3,2504.04,2557.5,182.668,431.755
22,3,0,2195.06,2324.15,450.417,807.559
22,6,3,1483.94,1829.9,2.01922,150
22,7,3,1791.44,2103.94,21.7067,147.62
22,8,1,1638.78,2162.32,129.892,618.455
22,10,0,1146.08,1241.61,0,130.673
22,12,3,1314.35,1821.56,643.394,1026.14
22,14,0,2421.3,2556.86,545.081,914.145
22,15,1,579.375,1327.5,30.7786,361.14
22,21,3,2283.75,2513.17,0,99.6995
23,1,0,2375.05,2480.34,300,602.308
23,2,3,2504.04,2557.5,182.668,431.755
23,3,0,2206.07,2336.18,435.032,782.944
23,6,3,1490.38,1829.62,4.32692,149.856
23,7,3,1791.44,2103.94,21.7067,147.62
23,8,1,1691.54,2207.34,116.844,576.591
23,12,3,1350.4,1844.83,608.039,975.494
23,14,0,2429.35,2555.76,531.975,882.68
23,15,1,683.01,1385.44,48.9687,362.083
23,21,3,2263.27,2518.27,0,98.4375
23,22,3,0,262.321,102.071,391.293
24,1,0,2414.62,2523.85,286.154,571.154
24,3,0,2215.92,2336.19,418.59,753.726
24,6,3,1493.08,1823.85,4.72356,149.748
24,8,1,1746.56,2260.1,96.1221,554.973
24,12,3,1386.35,1870.93,576.925,930.389
24,14,0,2436.09,2555.14,512.429,855.01
24,15,1,701.25,1512.5,18.6913,347.604
24,21,3,2252.69,2525.77,0.0721157,102.692
24,22,3,0,262.321,102.071,391.293
25,1,0,2443.29,2535.17,268.053,531.562
25,3,0,2231.69,2361.99,401.047,727.781
25,6,3,1491.73,1825.19,4.65144,149.531
25,8,1,1804.09,2302.19,84.2903,526.317
25,12,3,1414.28,1887.49,546.418,890.685
25,14,0,2444.85,2557.94,489.63,827.188
25,15,1,752.5,1532.5,19.8298,351.971
25,21,3,2256.54,2521.92,0,102.512
26,1,0,2477.69,2556.15,252.548,510.144
26,3,0,2248.38,2376.47,377.689,705.461
26,6,3,1494.23,1825.77,7.5,151.875
26,8,1,1860.86,2340.11,70.9043,502.797
26,12,3,1448.73,1912.05,518.469,859.14
26,14,0,2459.44,2557.22,465.449,806.112
26,15,1,847.158,1544.98,37.1674,363.112
26,21,3,2218.65,2464.42,0,100.421
26,23,0,2331.4,2557.77,1317.01,1872.46
27,1,0,2477.69,2556.15,252.548,510.144
27,3,0,2270.83,2398.8,361.516,682.126
27,6,3,1489.04,1827.88,4.18269,149.423
27,8,1,1921.45,2382.57,52.7733,492.862
27,12,3,1483.42,1939.91,492.206,825.962
27,14,0,2471.39,2559.38,458.221,777.548
27,15,1,892.395,1601.2,48.2209,350.149
27,21,3,2218.65,2464.42,0,100.421
27,23,0,2307.4,2544.49,1225.41,1754.39
27,22,3,10.4547,527.354,81.6667,416.157
28,3,0,2299.39,2435.27,356.4,653.386
28,6,3,1481.35,1826.35,4.36298,149.387
28,7,1,1787.72,2230.1,0,174.269
28,8,1,1977.42,2436.63,37.5054,472.149
28,12,3,1514.82,1958.92,462.543,797.851
28,14,0,2480.07,2559.93,435.433,765.721
28,15,1,952.103,1656.77,38.8082,350.093
28,23,0,2275.25,2521.32,1147.32,1651.34
28,22,3,5.35044,606.613,74.8866,402.347
29,3,0,2322.27,2460.33,324.643,638.438
29,6,3,1399.23,1853.04,4.65093,150.351
29,7,1,1786.07,2234.12,0,168.898
29,8,1,2024.59,2485.56,43.6363,436.417
29,12,3,1546.32,1987.86,441.371,772.611
29,14,0,2496.13,2559.25,416.683,729.086
29,15,1,996.428,1694.93,15.3849,350.693
29,23,0,2255.06,2488.84,1073,1562.71
29,22,3,68.8854,660.248,83.4762,403.234
30,3,0,2351.52,2484.98,311.911,617.055
30,6,3,1401.07,1838.42,0,158.493
30,7,1,1779.41,2232.02,0,172.32
30,8,1,2077.99,2525.66,34.529,420.183
30,12,3,1581.4,2018.22,420.238,738.321
30,14,0,2512.76,2558,400.962,728.077
30,15,1,1031.55,1705.26,10.0644,349.988
30,23,0,2234.71,2457.95,1017.35,1470.59
30,22,3,117.267,717.21,75.1077,386.582
31,3,0,2384.05,2519.78,288.683,590.161
31,6,3,1432.19,1828.83,0,164.662
31,7,1,1779.41,2232.02,0,172.32
31,8,1,2119.29,2560,0.76807,423.791
31,12,3,1617.78,2044.87,395.101,714.469
31,14,0,2533.47,2558.83,386.538,696.346
31,15,1,1095.22,1781.55,15.9011,349.331
31,23,0,2227.91,2442.96,951.054,1389.38
31,22,3,208.803,787.031,76.2395,379.979
32,3,0,2429.86,2542.45,274.471,576.49
32,6,3,1432.19,1828.83,0,164.662
32,8,1,2181.06,2559.63,5.32731,391.924
32,12,3,1658.59,2087.09,381.033,681.565
32,14,0,2533.47,2558.83,386.538,696.346
32,15,1,1041.25,1920,29.2841,305.177
32,23,0,2216.15,2425.22,882.357,1322.45
32,22,3,230.055,832.199,68.2706,387.716
32,27,0,2139.57,2458.86,1353.75,1915.81
33,3,0,2457.98,2557.4,263.798,555.433
33,8,1,2232.35,2560,0,381.067
33,12,3,1695.78,2117.95,357.161,652.996
33,15,1,1130,1917.5,18.0698,311.04
33,23,0,2206.88,2414.42,847.228,1252.42
33,22,3,237.688,896.436,65.8468,392.988
33,27,0,2104.83,2402.38,1261.27,1828.01
34,3,0,2498.12,2560,237.837,541.587
34,8,1,2279.63,2560,0,356.175
34,10,0,1143.94,1257.6,0,124.724
34,12,3,1738.26,2158.24,333.912,628.056
34,15,1,1215.83,1890.69,13.7182,343.023
34,23,0,2208.63,2410.6,795.326,1186.57
34,22,3,281.959,934.623,66.1197,395.826
34,27,0,2088.66,2351.42,1178.77,1716.34
34,28,5,0,761.875,1298.15,1920
35,3,0,2498.12,2560,237.837,541.587
35,7,1,1585.32,2236.39,1.78218,164.006
35,8,1,2341.81,2560,3.25819,337.169
35,10,0,1143.94,1257.6,0,124.724
35,12,3,1781.96,2201.43,309.591,597.693
35,15,1,1260.46,1929.25,18.96,340.087
35,23,0,2200.57,2406.02,742.93,1121.53
35,22,3,292.357,1010.92,72.4199,379.29
35,27,0,2063.5,2325.69,1099.82,1622.64
35,28,5,0,811.875,1258.49,1916.62
36,7,1,1575.67,2243.48,0.539489,166.691
36,8,1,2397.97,2560,0,341.656
36,10,0,1141.88,1251.97,0,128.51
36,12,3,1825.76,2244.51,296.303,572.929
36,15,1,1283.45,1972.12,22.1005,334.413
36,23,0,2205.43,2400.66,700.114,1066.33
36,22,3,414.607,1052.46,57.8471,395.785
36,27,0,2049.22,2306.58,1033.81,1541.78
36,28,5,0,822.5,1208.47,1911.1
37,7,1,1582.24,2249.73,2.98749,157.028
37,8,1,2447.72,2558.85,0,333.81
37,10,0,1141.88,1251.97,0,128.51
37,12,3,1881.02,2288.55,266.552,550.846
37,15,1,1311.6,1997.93,16.409,334.143
37,23,0,2218.2,2397.13,665.006,1011.71
37,22,3,510.67,1109,81.6947,373.335
37,27,0,2038.68,2282.6,970.513,1455.11
37,28,5,0,820,1144.3,1920
38,7,1,1608.3,2216.95,4.85451,157.92
38,8,1,2499.52,2558.94,0,290.553
38,12,3,1935.12,2335.65,249.746,526.372
38,15,1,1364.4,2021.38,18.4244,335.655
38,21,3,2288.37,2496.25,0,102.368
38,23,0,2229.8,2402.8,625.355,972.058
38,22,3,548.47,1161.89,85.4495,371.1
38,27,0,2043.3,2267.93,916.899,1377.61
38,28,5,0,832.5,1107.76,1920
39,7,1,1608.3,2216.95,4.85451,157.92
39,8,1,2499.52,2558.94,0,290.553
39,12,3,1981.93,2384.22,235.026,495.519
39,15,1,1381.07,2046.93,9.20716,334.476
39,21,3,2314.9,2534.33,0,95.4447
39,23,0,2241.97,2406.05,590.311,935.516
39,22,3,597.41,1206.35,85.2787,369.99
39,27,0,2045.17,2266.64,860.217,1309.93
39,28,5,0,868.75,1056.28,1918.3
40,10,0,1141.01,1246.68,0,126.202
40,12,3,2042,2432.3,219.775,480.062
40,15,1,1400.88,2079.55,8.48092,333.988
40,21,3,2310.87,2544.52,0,98.1851
40,23,0,2255.97,2413.14,560.748,886.923
40,22,3,631.432,1252.54,85.5921,367.571
40,27,0,2051.55,2263.42,808.786,1241.69
40,28,5,0,882.5,1034.6,1920
41,10,0,1141.01,1246.68,0,126.202
41,12,3,2097.37,2479.14,204.8,455.237
41,15,1,1428.31,2093.19,10.4025,333.456
41,21,3,2261.35,2529.42,0,99.4471
41,23,0,2274.72,2429.53,528.296,850.239
41,22,3,685.223,1303.15,83.6272,366.468
41,27,0,2054.79,2264.5,760.437,1181.36
41,28,5,4.0625,896.25,969.083,1920
42,12,3,2145.31,2543.4,184.331,435.304
42,15,1,1432.72,2103.15,8.83977,332.525
42,21,3,2263.17,2527.6,0,99.6635
42,23,0,2289.56,2453.47,508.129,802.409
42,22,3,715.902,1333.53,45.7714,367.173
42,27,0,2078.73,2274,720.029,1121.62
42,28,5,0,921.25,953.018,1914.43
43,12,3,2210.71,2553.39,166.385,412.894
43,15,1,1486.03,2152.22,8.9965,330.594
43,21,3,2254.04,2539.81,0,100.565
43,23,0,2313.96,2464.93,471.293,776.363
43,22,3,767.683,1361.65,48.5836,363.269
43,27,0,2090.16,2283.81,676.221,1065.41
43,28,5,0.625,936.25,907.694,1920
44,12,3,2267.65,2555.96,145.354,391.774
44,15,1,1508.33,2167.72,9.78457,329.113
44,21,3,2257.79,2529.9,0,99.8798
44,23,0,2338.51,2489.88,450.823,740.894
44,22,3,788.701,1408.14,51.5077,360.031
44,27,0,2101.75,2296.73,638.113,1020.71
44,28,5,0.625,950.625,879.494,1920
45,12,3,2322.4,2559.11,120.45,374.135
45,15,1,1521.21,2187.07,11.8362,327.83
45,21,3,2246.35,2535.19,0,95.7692
45,23,0,2361.12,2510.76,426.202,708.518
45,22,3,829.517,1440.4,53.4365,362.525
45,27,0,2123.34,2310.44,605.393,976.558
45,28,5,2.8125,972.5,850.82,1920
46,12,3,2381.59,2560,112.047,373.976
46,15,1,1529.69,2199.46,9.8188,328.408
46,21,3,2249.33,2541.44,0,96.6346
46,23,0,2379.92,2534.43,399.483,681.042
46,22,3,861.936,1471.03,56.4013,358.44
46,27,0,2143.29,2322.57,576.04,934.886
46,28,5,4.375,987.5,829.603,1920
47,12,3,2437.69,2560,103.341,351.274
47,15,1,1591.07,2227.52,7.32596,324.711
47,21,3,2248.75,2526.63,0,97.7164
47,23,0,2427.4,2547.98,371.683,651.779
47,22,3,893.246,1510.57,49.7621,359.871
47,27,0,2161.68,2342.71,544.994,887.784
47,28,5,15,1005.62,801.156,1916.69
48,12,3,2505,2559.62,73.6298,323.005
48,15,1,1620.61,2242.93,21.4544,320.266
48,21,3,2248.75,2526.63,0,97.7164
48,23,0,2449.38,2556.78,341.538,610.961
48,22,3,922.632,1534.41,50.416,361.891
48,27,0,2180.53,2364.02,515.698,868.582
48,28,5,52.1875,1025,753.307,1893.62
49,6,3,1447.03,2010.76,1.50418,135.861
49,12,3,2505,2559.62,73.6298,323.005
49,15,1,1637.43,2272.95,22.1458,320.011
49,23,0,2483.49,2559.59,311.178,599.207
49,22,3,951.815,1548.98,55.4665,362.037
49,27,0,2199.78,2373.5,495.149,819.34
49,28,5,73.4375,1051.25,755.627,1871.7
49,30,3,1703.75,2443.75,1395.94,1920
50,6,3,1455.58,1998.91,2.07985,132.749
50,15,1,1637.98,2285.25,18.1424,313.653
50,21,3,2229.23,2546.15,0,100.132
50,23,0,2524.64,2558.44,262.933,574.183
50,22,3,974.9,1573.53,56.9721,356.368
50,27,0,2230.32,2394.19,460.827,789.5
50,28,5,105.625,1057.5,732.231,1822.92
50,30,3,1696.25,2390,1277.45,1911.14
51,6,3,1423.5,2033.03,0,139.893
51,15,1,1691.31,2330.73,18.4522,313.963
51,21,3,2240.58,2540.96,0,99.6635
51,23,0,2524.64,2558.44,262.933,574.183
51,22,3,999.841,1619.28,54.6001,358.414
51,27,0,2254.48,2411.96,442.605,756.208
51,28,5,126.562,1095,709.968,1792.5
51,30,3,1683.75,2343.75,1183.17,1726.65
52,6,3,1388.6,2075.94,0,140.107
52,15,1,1724.47,2341.8,19.7497,314.037
52,21,3,2240.58,2540.96,0,99.6635
52,22,3,1033.37,1638.91,53.0718,359.755
52,27,0,2275.52,2436.07,423.653,733.943
52,28,5,156.875,1110,678.244,1747.38
52,30,3,1683.75,2300,1087.92,1618.9
53,6,3,1388.6,2075.94,0,140.107
53,15,1,1728.64,2376.38,50.2183,298.275
53,22,3,1068.76,1664.77,44.4591,357.115
53,27,0,2299.51,2458.57,401.826,701.836
53,28,5,194.062,1116.25,643.78,1708.29
53,30,3,1688.75,2280,1000.81,1505.86
54,15,1,1773.68,2403.79,50.7119,302.721
54,22,3,1095.38,1690.94,51.1655,351.807
54,6,3,1302.15,1961.87,0,148.682
54,27,0,2333.27,2490.94,381.386,670.82
54,28,5,221.562,1138.75,644.824,1674.89
54,30,3,1691.25,2278.75,932.092,1411.29
55,15,1,1791.39,2433.31,23.3965,258.395
55,22,3,1115.17,1708.99,42.29,353.765
55,6,3,1302.15,1961.87,0,148.682
55,27,0,2358.72,2519.26,363.867,645.701
55,28,5,242.188,1153.75,624.379,1661.51
55,30,3,1710.51,2254.38,852.569,1315.81
55,21,3,2192.6,2404.33,0,102.656
56,15,1,1830.21,2438.27,20.8177,306.887
56,22,3,1147.8,1744.39,36.5017,358.846
56,6,3,1356.08,1899.01,1.67551,157
56,27,0,2389.89,2550.28,336.201,622.473
56,28,5,260.938,1165,613.858,1619.08
56,30,3,1730.18,2254.23,786.913,1243.64
56,21,3,2192.6,2404.33,0,102.656
57,15,1,1874.41,2470.84,13.6275,301.378
57,22,3,1187.48,1783.19,40.7012,350.243
57,6,3,1356.08,1899.01,1.67551,157
57,27,0,2425.22,2559.06,316.722,601.043
57,28,5,297.5,1173.75,602.754,1580.14
57,30,3,1759.76,2254.95,731.96,1164.49
58,10,0,1097.55,1223.99,0,124.904
58,15,1,1885.73,2481.59,16.542,297.97
58,22,3,1202.88,1804.14,29.5901,351.227
58,27,0,2476.11,2557.74,289.327,577.211
58,28,5,322.812,1186.25,584.948,1559.71
58,30,3,1784.48,2269.71,680.651,1072.28
59,10,0,1078.32,1210.91,0,125.661
59,15,1,1918.63,2506.82,34.6894,290.339
59,22,3,1230.38,1830.91,26.0132,349.145
59,27,0,2516.54,2557.31,272.019,558.75
59,28,5,344.688,1193.75,565.525,1525.65
59,30,3,1808.01,2266.27,632.134,1022.33
59,32,3,1540,2275,1471.35,1919.16
60,10,0,1076.15,1197.69,0,133.99
60,15,1,1948.61,2519.27,23.1282,289.295
60,22,3,1265.36,1855.72,27.8985,346.799
60,27,0,2516.54,2557.31,272.019,558.75
60,28,5,360.625,1226.88,560.68,1519.63
60,30,3,1821.85,2281.95,590.729,975.631
60,32,3,1553.75,2257.5,1368.16,1920
61,10,0,1064.95,1176.59,1.26202,127.68
61,15,1,1964.05,2547.38,21.0083,289.672
61,22,3,1291.58,1892.55,33.0128,345.898
61,28,5,367.812,1231.25,541.621,1498.35
61,30,3,1854.44,2298.1,551.69,909.059
61,32,3,1574.26,2235.19,1279.55,1908.56
62,10,0,1052.5,1156.73,0.721157,130.24
62,15,1,2002.55,2555.11,18.7005,300.026
62,22,3,1331.3,1919.49,31.1217,346.23
62,7,1,1631.04,2188.48,0,166.965
62,28,5,388.438,1228.75,543.309,1463.84
62,30,3,1885.67,2314.3,524.758,874.702
62,32,3,1591.25,2215,1204.51,1769.47
62,33,0,1160.34,1256.59,0,166.298
63,10,0,1046.59,1141.11,0.396631,133.45
63,15,1,2030.32,2560,14.5572,294.786
63,22,3,1364.96,1947.44,29.4001,346.747
63,7,1,1606.05,2217.68,0,164.015
63,28,5,413.125,1239.38,528.963,1436.1
63,30,3,1916.21,2331.72,483.724,819.851
63,32,3,1595,2211.25,1124.47,1659.02
63,9,0,1142.33,1236.13,0,163.341
64,10,0,1019.71,1124.9,1.47836,130.132
64,15,1,2064.5,2557.3,39.3496,287.914
64,22,3,1391.43,1981.21,33.1454,343.974
64,7,1,1606.05,2217.68,0,164.015
64,28,5,433.125,1250.62,514.775,1415.74
64,30,3,1945.14,2355.87,453.457,786.724
64,32,3,1612.5,2216.25,1054.64,1562.81
64,9,0,1116.15,1220.77,0,169.111
65,10,0,1002.74,1104.95,1.47837,139.075
65,15,1,2094.77,2559.84,12.6518,296.495
65,22,1,1431.01,2014.34,19.7021,337.863
65,7,1,1637.24,2194.54,0,161.79
65,28,5,444.688,1270,506.81,1400.32
65,30,3,1990.98,2389.95,425.728,739.607
65,32,3,1640.3,2207.07,983.069,1476.31
65,9,0,1090.82,1198.41,2.01923,172.212
65,34,3,0.492363,725.045,1786.84,1915.67
66,10,0,984.567,1101.59,0,141.238
66,15,1,2136.03,2551.37,11.8591,262.955
66,22,3,1465.51,2051.84,14.7978,336.474
66,7,1,1637.24,2194.54,0,161.79
66,28,5,459.375,1290,501.672,1380.9
66,30,3,2030.13,2417.86,394.931,710.809
66,32,3,1666.47,2210.33,925.783,1398.39
66,9,0,1058.41,1176.97,0,175.745
66,34,3,25.5363,723.183,1751.04,1915.82
67,10,0,964.231,1065,0.793269,138.534
67,15,1,2156.24,2554.18,5.82979,261.675
67,22,3,1499.76,2086.52,21.7205,331.867
67,28,5,473.75,1290,483.659,1366.01
67,30,3,2071.34,2450.83,365.368,657.009
67,32,3,1686.88,2213.37,859.117,1322.7
67,9,0,1035.19,1152.5,5.12019,178.197
67,34,3,15.0588,747.795,1727.43,1916.72
68,10,0,938.942,1081.06,0,158.149
68,15,1,2200.89,2558.52,3.88664,260.537
68,22,3,1543.03,2133.24,13.3079,330.965
68,28,5,492.5,1305,472.148,1353.74
68,30,3,2119.82,2500.61,343.634,634.351
68,32,3,1698.28,2226.96,815.432,1242.92
68,9,0,998.798,1128.89,0.144231,179.712
68,34,3,3.15872,765.083,1704.34,1912.59
69,10,0,914.087,1032.07,0,159.519
69,15,1,2224.37,2553.92,12.3105,292.71
69,22,3,1576.95,2142.34,18.4038,329.841
69,28,5,506.875,1302.5,456.602,1340.35
69,30,3,2164.3,2546.11,314.306,608.019
69,32,3,1738.64,2232.27,757.362,1194.35
69,9,0,985.481,1100.67,6.92308,191.106
69,34,3,1.2476,763.172,1682.7,1917.52
69,6,3,1326.82,1761.03,2.50485,158.78
69,38,5,17.3438,633.75,1.31759,436.578
70,10,0,914.087,1032.07,0,159.519
70,15,1,2239.59,2560,4.62228,253.84
70,22,3,1633.8,2184.47,21.653,325.208
70,28,5,516.562,1321.25,449.57,1331.92
70,30,3,2220.96,2554.96,288.332,580.079
70,32,3,1758.35,2245.68,717.331,1117.27
70,9,0,939.327,1071.44,0.288463,196.01
70,34,3,0,771.519,1659.74,1916.03
70,6,3,1322.6,1772.21,7.30508,160.82
70,38,5,15.3125,828.75,0,422.265
71,15,1,2300.01,2556.81,13.5096,298.248
71,22,3,1667.62,2222.07,24.1644,326.388
71,28,5,536.562,1323.75,444.281,1302.94
71,30,3,2267.1,2558.38,263.416,553.806
71,32,3,1786.3,2257.95,683.562,1054.9
71,9,0,903.558,1042.6,1.875,201.202
71,34,3,1.07414,773.676,1640.81,1917.37
71,6,3,1349.52,1685.87,8.65384,164.567
71,38,5,0,841.875,0.905957,418.471
71,40,3,1162.02,1550.29,2.09134,123.678
72,15,1,2335.21,2557.43,2.08032,252.381
72,22,3,1721.68,2245.89,32.5796,319.944
72,28,5,538.75,1336.25,439.61,1295.25
72,30,3,2318.55,2558.02,248.624,518.274
72,32,3,1807.43,2269.48,638.151,1013.86
72,9,0,903.558,1042.6,1.875,201.202
72,34,3,3.73642,771.637,1625.62,1912.39
72,6,3,1311.05,1688.41,1.42444,178.638
72,38,5,0,936.875,9.77534,425.916
72,40,3,1149.81,1542.5,0,135.649
73,15,1,2356.32,2559.88,3.6311,244.402
73,22,3,1767.11,2289.15,28.1561,319.939
73,28,5,546.875,1337.5,440.48,1275.89
73,30,3,2373.85,2560,224.059,496.888
73,32,3,1832.62,2283.55,608.705,975.175
73,34,3,8.4375,765,1598.38,1920
73,6,3,1232.97,1685.92,5.33993,165.752
73,38,5,0,1015,9.43791,404.443
73,40,3,1130.77,1495.38,0.252407,131.214
73,21,3,2149.23,2416.92,0,99.1586
74,15,1,2403.4,2559.42,0,250.403
74,22,3,1821.38,2337.2,27.8212,314.695
74,28,5,558.125,1345,431.49,1270.17
74,30,3,2426.53,2559.08,195.527,483.833
74,32,3,1860.61,2297.93,558.83,910.058
74,34,3,27.5,774.375,1580.51,1919.53
74,6,3,1274.49,1644.2,0,186.052
74,38,5,16.25,1118.75,15.5535,407.102
74,40,3,1130.77,1495.38,0.252407,131.214
74,21,3,2148.75,2408.17,0,101.791
75,15,1,2427.6,2560,5.26442,233.293
75,22,3,1866.11,2370.54,21.6118,315.935
75,28,5,563.75,1350,428.705,1260.65
75,30,3,2484.4,2558.68,170.264,459.736
75,32,3,1891.39,2317.8,539.143,878.237
75,34,3,39.0625,777.5,1563.15,1920
75,6,3,1259.63,1621.65,0.149431,184.872
75,38,5,0,1265,9.09242,416.587
75,21,3,2145.1,2448.75,1.65865,104.567
75,44,0,1414.08,1725.82,1515.07,1918.83
76,7,1,1680.22,2118.05,0,188.564
76,15,1,2427.6,2560,5.26442,233.293
76,22,3,1923.81,2437,12.4788,314.444
76,28,5,570.312,1355,421.876,1254.44
76,30,3,2528.93,2560,171.779,442.644
76,32,3,1917.65,2338.38,503.478,846.151
76,34,3,48.4375,781.25,1546.76,1920
76,6,3,1239.45,1595.86,0.943401,192.791
76,38,5,0,1285,4.76669,429.478
76,21,3,2145.1,2448.75,1.65865,104.567
76,44,0,1424.86,1708.91,1432.63,1919
77,7,1,1679.21,2116.91,0.211158,189.13
77,22,3,1952.42,2483.94,7.10043,312.961
77,28,5,573.438,1366.25,423.281,1246.14
77,30,3,2528.93,2560,171.779,442.644
77,32,3,1944.93,2358.05,478.018,796.685
77,34,3,47.8125,788.75,1530.79,1916.56
77,6,3,1313.17,1574.52,11.8269,192.981
77,38,5,0,1347.5,5.15018,427.792
77,44,0,1437.82,1692.19,1365.68,1920
78,7,1,1662.13,2126.89,0,187.597
78,22,1,2002.18,2560,0,315.802
78,28,5,572.812,1372.5,422.064,1240.52
78,32,3,1982.62,2380.32,448.919,768.286
78,34,3,55.9375,797.5,1510.9,1917.74
78,6,3,1313.17,1574.52,11.8269,192.981
78,38,5,0,1433.75,12.8177,422.757
78,44,0,1430.49,1693.52,1290.8,1902.63
79,7,1,1642.66,2140.54,0,191.997
79,22,1,2060.21,2554.4,0,317.456
79,28,5,575.312,1371.25,423.652,1230.99
79,32,3,2015.24,2410.43,426.578,733.149
79,34,3,61.875,800,1493.69,1918.77
79,38,5,0,1522.5,11.2534,426.075
79,44,0,1438.88,1677.93,1222.13,1811.54
80,7,1,1622.51,2063.21,0,191.119
80,22,1,2101.13,2557.78,2.37179,304.817
80,28,5,579.688,1370,417.226,1239.48
80,32,3,2045.9,2429.82,395.531,703.302
80,34,3,70.625,796.875,1473.24,1920
80,38,5,0,1592.5,15.2088,418.497
80,44,0,1443.51,1679.72,1157.48,1734.92
81,7,1,1577.18,2049.49,0.211594,196.177
81,22,1,2134.45,2560,4.09078,301.81
81,28,5,580.312,1373.75,419.464,1229.76
81,32,3,2079.09,2466.16,372.627,674.408
81,34,3,80,800,1453.37,1919.77
81,38,5,0,1672.5,8.60782,405.256
81,44,0,1450.53,1677.64,1109.01,1658.52
82,7,1,1556.62,2043.74,1.95655,197.015
82,22,1,2183.6,2560,1.33697,308.92
82,28,5,578.125,1375,418.178,1234.04
82,32,3,2123.47,2495.99,351.829,640.776
82,34,3,87.5,800,1434.79,1920
82,38,5,0,1777.5,8.38433,394.616
82,44,0,1456.57,1676.74,1053.41,1594.54
83,7,1,1591.74,2025.31,3.59666,198.037
83,22,1,2224.82,2560,2.72462,277.969
83,28,5,597.5,1383.75,419.804,1226.95
83,32,3,2165.09,2525.35,324.623,613.007
83,34,3,90.3125,805,1416.34,1920
83,38,5,0,1832.5,6.84525,388.112
83,44,0,1470.12,1690.75,1007.06,1520.02
84,7,1,1591.74,2025.31,3.59666,198.037
84,22,1,2260.59,2560,0,322.568
84,28,5,596.562,1385,418.001,1227.71
84,32,3,2190.62,2559.87,308.204,590.837
84,34,3,100.625,806.25,1399.24,1920
84,38,5,0,1907.5,11.3257,383.76
84,21,3,2090.77,2383.08,0,111.274
84,44,0,1474.8,1690.96,971.605,1474.15
85,22,1,2298.38,2560,1.04336,319.119
85,28,5,598.125,1382.5,417.963,1228.86
85,32,3,2236.04,2555.13,283.378,559.397
85,34,3,107.5,813.75,1386.58,1920
85,38,5,26.25,2001.25,12.8156,358.103
85,21,3,2084.42,2300.19,2.84856,113.257
85,44,0,1483.41,1690.55,927.463,1419.33
86,22,1,2339.81,2559.25,10.0097,294.331
86,28,5,596.25,1385,421.15,1226.13
86,32,3,2278.4,2559.41,257.489,531.519
86,34,3,123.125,813.75,1368.83,1920
86,38,5,24.375,2037.5,9.65481,363.649
86,21,3,2069.9,2287.02,2.59615,120.865
86,44,0,1495.38,1693.16,890.205,1371.14
87,22,1,2339.81,2559.25,10.0097,294.331
87,28,5,596.562,1385,421.24,1224.65
87,32,3,2321.44,2558.61,247.581,511.887
87,34,3,135.312,813.75,1360.47,1920
87,38,5,39.375,2065,9.41069,369.243
87,21,3,2064.23,2301.92,3.02885,120.433
87,44,0,1501.64,1706.95,857.291,1324.12
88,22,5,2398.08,2560,0,257.809
88,28,5,596.875,1382.5,419.08,1226.22
88,32,3,2371.08,2558,222.134,497.506
88,33,0,66.3462,180.385,67.1394,278.438
88,34,3,143.75,815.625,1349.91,1920
88,38,5,68.125,2112.5,13.6634,373.495
88,21,3,2056.63,2300.29,1.875,118.197
88,44,0,1512.44,1714.47,819.529,1283.51
89,22,3,2428.12,2560,0,221.394
89,28,5,583.438,1372.5,428.202,1223.99
89,32,3,2417.71,2559.64,199.914,492.118
89,33,0,27.4038,151.827,66.274,285.361
89,34,3,148.125,820,1342.35,1919.54
89,38,5,13.125,2142.5,13.6871,373.256
89,21,3,2053.65,2309.42,0.540866,116.575
89,44,0,1517.47,1719.98,790.105,1242.24
90,22,5,2455.48,2559.9,0,250.817
90,28,5,583.125,1372.5,426.96,1225.67
90,32,3,2417.71,2559.64,199.914,492.118
90,33,0,27.4038,151.827,66.274,285.361
90,34,3,158.75,826.25,1327.25,1913.17
90,38,5,0,2240,20.9243,368.411
90,21,3,2071.35,2291.73,2.63221,115.276
90,44,0,1536.41,1725.49,758.836,1204.83
91,22,5,2490.02,2556.13,0,252.837
91,28,5,582.812,1373.75,426.354,1227.21
91,34,3,166.25,830,1316.07,1917.06
91,38,5,1.875,2257.5,25.4047,365.754
91,21,3,2071.35,2291.73,2.63221,115.276
91,44,0,1543.65,1733.05,733.299,1169.54
92,22,5,2507.73,2556.89,0,255.216
92,28,5,584.375,1370,428.741,1226.87
92,34,3,168.75,833.125,1309.07,1911.75
92,38,5,382.5,2272.5,14.5906,373.808
92,44,0,1542.3,1739.31,710.209,1135.73
93,22,5,2507.73,2556.89,0,255.216
93,28,5,583.75,1371.25,426.733,1227.79
93,34,3,170,837.5,1302.93,1903.26
93,38,5,456.875,2347.5,2.23588,368.628
93,44,0,1547.23,1740.69,684.904,1109.12
94,28,5,584.062,1371.25,425.187,1231.54
94,34,3,169.688,838.75,1293.75,1900.34
94,38,5,588.75,2363.75,6.11629,366.74
94,44,0,1548.25,1739.23,663.579,1076.51
95,28,5,583.125,1372.5,424.895,1233.22
95,34,3,178.438,840,1283.99,1897.28
95,38,5,591.25,2461.25,8.01812,362.791
95,44,0,1535.92,1735.64,651.087,1046.12
96,28,5,585.625,1367.5,425.21,1233.93
96,34,3,184.688,845,1275.06,1894.53
96,38,5,652.5,2440,3.83263,367.196
96,44,0,1521.12,1719.74,629.334,1029.41
97,28,5,583.75,1370,422.787,1232.49
97,34,3,182.188,845,1267.72,1885.9
97,38,5,704.375,2560,6.07115,354.152
97,44,0,1501.48,1701.98,609.692,1006.75
98,10,0,108.558,223.942,121.226,349.832
98,28,5,582.5,1371.25,422.003,1229.93
98,34,3,205.719,835.151,1265.19,1880.76
98,38,5,732.5,2542.5,4.23141,348.341
98,40,3,348.592,796.504,10.1553,290.932
98,44,0,1484.11,1684.46,593.197,985.392
99,10,0,83.75,190.865,144.375,351.779
99,28,5,580.312,1373.75,421.555,1229.09
99,34,3,188.75,843.125,1263.25,1860.37
99,38,5,836.875,2560,1.7931,350.554
99,40,3,346.666,784.443,5.54988,296.373
99,44,0,1471.09,1658,582.202,967.775
100,10,0,48.9423,159.712,173.077,365.769
100,28,5,583.75,1371.25,424.246,1230.21
100,34,3,196.562,846.25,1257.69,1843.18
100,38,5,867.5,2560,0.438752,344.38
100,40,3,312.057,811.404,9.12332,301.477
100,44,0,1442.17,1643.14,567.226,963.271
101,10,0,22.1635,132.26,164.279,378.606
101,28,5,582.188,1371.25,423.275,1229.23
101,34,3,200.312,848.75,1256.25,1842.31
101,38,5,1027.5,2560,1.06135,351.872
101,40,3,297.843,753.197,13.6219,317.139
101,44,0,1422.83,1615.26,555.536,944.633
102,10,0,1.20193,91.8269,155.481,383.942
102,28,5,579.375,1375,425.419,1228.82
102,34,3,200,846.875,1247.78,1837.01
102,6,3,683.255,1042.2,88.5741,313.058
102,38,5,1051.25,2560,0,358.113
102,40,3,205.102,665.909,25.2778,318.596
102,44,0,1401.75,1580.77,545.94,916.675
103,10,0,1.20193,91.8269,155.481,383.942
103,28,5,581.875,1370,423.249,1224.89
103,34,3,205,848.75,1245.27,1832.2
103,6,3,674.741,1016.91,96.0379,319.401
103,38,5,1116.25,2560,0.972562,347.358
103,40,3,198.876,618.804,31.5484,320.531
103,44,0,1369.14,1547.54,528.089,912.77
104,28,5,583.438,1362.5,424.168,1224.83
104,34,3,203.75,848.75,1243.2,1831.63
104,6,3,663.383,999.838,95.8897,327.499
104,38,5,1166.25,2560,0,350.663
104,40,3,138.794,598.028,49.8338,343.296
104,44,0,1346.38,1528.52,523.373,895.605
104,9,2,52.8846,152.5,196.298,438.317
105,28,5,582.188,1367.5,423.422,1226.44
105,34,3,204.062,848.75,1242.56,1829.56
105,6,3,649.826,980.257,100.633,326.933
105,38,5,1210,2560,0,344.185
105,40,3,63.7967,567.306,45.0106,348.232
105,44,0,1326.9,1491.66,516.355,884.542
105,9,2,23.5096,129.375,204.231,469.038
105,54,3,1468.75,2198.75,1501.43,1915.19
106,28,5,583.438,1362.5,427.136,1223.32
106,34,3,205.312,847.5,1242.92,1832.07
106,6,3,635.532,961.874,106.633,340.373
106,38,5,1229.38,2560,0.925169,334.203
106,40,5,8.34131,534.342,25.7239,368.816
106,44,0,1312.46,1464.54,504.812,865.646
106,9,2,23.5096,129.375,204.231,469.038
106,54,3,1507.5,2193.75,1393.01,1920
107,28,5,579.688,1372.5,432.358,1219.46
107,34,3,204.844,844.375,1244.44,1837.85
107,6,3,629.852,951.371,108.228,347.621
107,38,5,1402.5,2560,2.99825,339.301
107,40,3,27.8757,588.724,18.722,366.367
107,44,0,1299.19,1435.25,494.202,864.327
107,9,0,0,92.1394,219.736,478.918
107,54,3,1532.5,2190,1303.91,1915.63
107,55,3,971.198,1309.3,3.79498,220.789
108,28,5,593.75,1390,427.581,1221.82
108,34,3,204.375,844.375,1247.35,1839.67
108,6,3,620.65,939.277,113.222,358.426
108,38,5,1455,2560,5.08976,330.647
108,40,3,9.97877,472.589,106.845,372.509
108,44,0,1296.44,1414.04,481.296,861.147
108,9,0,0,92.1394,219.736,478.918
108,54,3,1561.25,2198.75,1222.53,1795.47
108,55,3,940.432,1282.69,0,231.718
108,56,0,479.712,595.673,0.216343,183.678
109,7,1,1116.11,1569.72,6.91272,291.658
109,28,5,591.875,1392.5,421.632,1226.81
109,34,3,204.688,845,1245.25,1838.37
109,6,3,597.071,918.746,124.825,366.773
109,38,5,1535,2560,4.42121,325.872
109,40,3,8.3897,430.76,134.405,382.477
109,44,0,1296.44,1414.04,481.296,861.147
109,54,3,1587.5,2202.5,1158.96,1688.91
109,55,3,911.894,1273.92,0,234.978
109,56,0,479.712,595.673,0.216343,183.678
110,7,1,1095.67,1580.07,8.70772,290.652
110,28,5,592.188,1392.5,422.953,1223.81
110,34,3,204.688,846.25,1244.27,1835.94
110,6,3,591.222,903.763,126.569,383.321
110,38,5,1627.5,2560,0,332.541
110,40,3,13.863,408.18,114.81,393.503
110,54,3,1608.75,2212.5,1086.86,1590.49
110,55,3,883.746,1213.53,2.34114,236.11
110,58,0,2440.12,2556.58,1327.93,1863.67
111,7,1,1064.14,1567.65,12.582,289.952
111,28,5,593.438,1388.75,426.895,1225.02
111,34,3,205.156,844.375,1245.9,1836.85
111,6,3,582.473,890.168,137.074,388.983
111,38,5,1687.5,2560,1.7574,325.808
111,40,3,13.863,408.18,114.81,393.503
111,54,3,1645.11,2202.55,1020.65,1528.3
111,55,3,842.859,1185.62,0,235.809
111,58,0,2424.01,2556.23,1280.3,1772.65
112,7,1,1037.73,1546.98,6.48904,297.561
112,28,5,582.812,1373.75,430.283,1221.43
112,34,3,202.5,843.75,1242.58,1835.12
112,6,3,568.387,880.775,145.805,401.884
112,38,5,1778.75,2560,0,330.365
112,54,3,1673.87,2205.79,965.293,1447.46
112,55,3,833.593,1171.45,0,245.252
112,58,0,2424.01,2556.23,1280.3,1772.65
112,60,0,484.76,584.471,73.8462,285.288
113,7,1,1021.94,1543.78,5.79889,303.446
113,28,5,582.5,1375,429.672,1221.01
113,34,3,205.781,845,1240.3,1831.61
113,6,3,553.858,865.789,156.738,409.773
113,38,5,1845.55,2560,0,311.102
113,40,3,0,276.278,106.021,430.806
113,21,3,1603.65,1873.27,10.9615,197.452
113,54,3,1693,2219.74,904.325,1370.52
113,55,3,791.023,1124.7,5.32956,239.069
113,60,0,456.202,548.413,104.207,303.101
113,61,0,2344.04,2553.16,1434.1,1914.92
114,7,1,992.399,1493.64,0.421901,315.568
114,28,5,582.5,1373.75,430.503,1221.07
114,34,3,205.625,848.125,1240.13,1829.06
114,6,3,533.979,854.635,161.586,422.397
114,38,5,1911.92,2556.66,0,320.328
114,40,3,0,276.278,106.021,430.806
114,21,3,1568.66,1916.47,5.83397,217.853
114,54,3,1708.85,2220.51,846.067,1300.9
114,55,3,772.117,1107.59,6.08492,251.888
114,60,0,421.178,517.284,97.6442,309.375
114,61,0,2322.21,2554.74,1377.61,1917.69
115,7,1,963.12,1467.24,5.39795,320.852
115,28,5,585.312,1368.75,429.105,1224.9
115,34,3,213.281,850,1235.45,1825.18
115,6,3,517.152,841.825,171.417,439.802
115,38,5,1953.91,2556.94,0,285.283
115,40,3,0,258.839,94.5009,465.236
115,21,3,1545.96,1892.16,5.07913,220.489
115,54,3,1740.78,2230.08,804.342,1241.54
115,55,3,743.897,1097.97,6.27583,259.603
115,60,0,421.178,517.284,97.6442,309.375
115,61,0,2305.85,2546.19,1300.12,1900.56
116,7,1,934.737,1446.11,7.69245,320.959
116,28,5,585.625,1367.5,429.466,1225.45
116,34,3,213.75,849.375,1233.65,1820.86
116,6,3,498.937,830.905,182.893,459.418
116,38,5,2041.97,2553.9,0,319.912
116,40,3,0,258.839,94.5009,465.236
116,21,3,1523.54,1868.14,8.97131,220.706
116,54,3,1758.3,2230.81,755.431,1191.99
116,55,3,707.25,1103.3,10.8988,263.532
116,61,0,2277.92,2537.82,1264.14,1819.18
116,58,0,2331.97,2556.65,1060.76,1498.23
117,7,1,909.575,1414.38,11.8584,334.203
117,28,5,581.562,1372.5,431.027,1221.2
117,34,3,217.812,851.25,1229.39,1815.74
117,6,3,481.549,813.031,188.512,471.49
117,38,5,2095.15,2556.49,0,277.338
117,21,3,1497.17,1840.59,10.5018,233.701
117,54,3,1788.79,2240.55,718.893,1120.69
117,55,3,675.522,1018.45,23.3292,278.581
117,61,0,2258.7,2516.57,1202.72,1741.74
117,58,0,2320.55,2532.77,1030.28,1376.73
118,7,1,870.206,1387.17,10.2093,342.015
118,28,5,583.125,1370,431.187,1222.33
118,34,3,221.406,853.125,1223.42,1807.06
118,6,3,462.077,794.045,202.225,479.967
118,38,5,2139.86,2559.71,0,277.676
118,21,3,1479.38,1820.72,16.1113,234.567
118,54,3,1796.14,2257.79,684.5,1066.03
118,55,3,653.187,1003.64,20.6443,282.468
118,61,0,2235.23,2477.08,1150.18,1686.44
118,58,0,2310.38,2521.11,992.986,1432.39
119,7,1,842.919,1353.17,9.18015,339.048
119,28,5,599.062,1383.75,423.395,1219.19
119,34,3,225.938,860,1216.58,1795.54
119,6,3,444.287,782.554,218.807,495.297
119,38,5,2245.3,2549.51,0,286.888
119,21,3,1453.55,1800.34,15.3803,238.253
119,54,3,1813.67,2264.69,645.655,1016.26
119,55,3,600.742,1023.37,25.3585,281.516
119,61,0,2222.2,2458.07,1099.88,1624.24
119,58,0,2324.83,2512.05,951.736,1360.5
119,64,3,1892.98,2220.87,2.16346,152.163
120,7,1,812.937,1324.69,5.97745,353.113
120,28,5,600.312,1382.5,423.499,1220.46
120,34,3,228.75,862.5,1209.98,1789.29
120,6,3,425.795,766.299,228.861,500.999
120,38,5,2303.84,2560,3.07732,315.344
120,21,3,1432.34,1772.09,28.4286,243.576
120,54,3,1840.61,2270.89,614.844,978.906
120,55,3,575.023,940.509,24.6387,294.222
120,61,0,2206.69,2442.76,1060.42,1566.53
120,58,0,2318.56,2499.47,912.258,1285.4
120,64,3,1863.97,2247.94,0,168.613
121,7,1,775.131,1293.74,6.82267,363.407
121,28,5,598.75,1382.5,428.518,1215.62
121,34,3,236.875,865.625,1208.44,1776.75
121,6,3,399.477,749.506,235.932,525.339
121,38,5,2342.23,2559.05,0,262.419
121,21,3,1406.46,1757.09,23.048,247.559
121,54,3,1862.04,2285.29,580.224,933.947
121,55,3,552.216,901.306,33.0478,295.328
121,61,0,2193.9,2410.14,1011.56,1518.05
121,58,0,2313.89,2489.35,882.838,1301.3
121,64,3,1845.29,2145.48,3.31731,163.702
122,7,1,735.533,1262.56,7.47936,370.299
122,28,5,584.062,1371.25,433.906,1213.35
122,34,3,242.969,866.875,1202.54,1768.74
122,6,3,385.372,732.169,251.523,536.999
122,38,5,2390.46,2554.45,0,291.918
122,21,3,1375.92,1737.94,20.8418,252.678
122,54,3,1882.65,2303.6,551.484,887.037
122,55,3,508.337,843.808,38.8111,300.643
122,61,0,2190.55,2398.4,974.543,1467.61
122,58,0,2317.83,2491.38,847.03,1267.79
122,64,3,1810.4,2196.39,2.97447,168.68
123,7,1,713.044,1227.3,5.57515,383.493
123,28,5,581.562,1372.5,435.306,1211.34
123,34,3,245.781,873.125,1196.29,1745.91
123,6,3,379.893,714.546,263.826,548.467
123,38,5,2443.47,2553.35,0,331.654
123,21,3,1356.64,1715.23,27.7284,253.449
123,54,3,1909.78,2313.55,523.824,852.727
123,55,3,493.181,832.358,40.2177,315.832
123,61,0,2180.52,2383.53,936.89,1414.32
123,58,0,2314.18,2485.42,821.607,1236.66
123,64,3,1782.97,2175.6,0,173.715
124,7,1,662.494,1194.14,5.30891,394.748
124,28,5,578.75,1373.75,435.992,1209.19
124,34,3,249.844,877.5,1188.58,1738.7
124,6,3,380.991,698.253,274.882,574.051
124,38,5,2443.47,2553.35,0,331.654
124,21,3,1334.56,1687.85,38.2795,265.77
124,54,3,1933.07,2334.14,491.928,818.989
124,55,3,469.276,819.475,44.5766,318.615
124,60,0,113.798,218.317,195,442.5
124,61,0,2176.05,2375.09,901.711,1368.99
124,58,0,2314.59,2484.45,793.937,1212.6
124,64,3,1768.21,2136.83,0,189.337
125,7,1,635.754,1161.82,3.38446,404.499
125,28,5,580.938,1372.5,433.386,1209.99
125,34,3,252.344,880,1178.91,1727.99
125,6,3,377.029,685.432,287.202,587.359
125,21,3,1314.31,1667.26,36.6298,274.051
125,54,3,1963.06,2345.53,468.629,780.484
125,55,3,429.195,783.955,49.3943,324.975
125,60,0,80.9615,191.731,205.096,450.288
125,61,0,2178.76,2369.65,864.485,1320.72
125,58,0,2322.14,2484.94,766.566,1173.44
125,64,3,1746.88,2130.09,1.49791,190.325
126,7,1,597.683,1128.43,0,416.927
126,28,5,580.312,1372.5,432.286,1207.94
126,34,3,256.406,880,1173.98,1711.24
126,6,3,369.367,660.859,297.502,602.684
126,21,3,1287.25,1642.96,39.3777,278.741
126,54,3,1990.3,2370.16,443.688,755.125
126,55,3,395.629,738.636,65.2032,321.111
126,60,0,54.6635,163.221,218.437,473.293
126,61,0,2176.94,2370.74,833.147,1286.83
126,58,0,2319.2,2477.76,738.604,1139.07
126,64,3,1719.39,2085.14,5.77202,190.856
127,7,1,556.19,1083.19,0.521793,422.616
127,28,5,580.312,1371.25,430.984,1210.43
127,34,3,264.688,880,1171.54,1693.38
127,6,3,262.004,642.421,311.921,619.016
127,21,3,1264.03,1620.96,48.4258,280.885
127,54,3,2014.25,2388.67,419.066,718.463
127,55,3,395.629,738.636,65.2032,321.111
127,60,0,23.125,135.337,231.418,485.697
127,61,0,2183.91,2365.75,807.846,1238.43
127,58,0,2329.46,2471.49,713.688,1103.4
127,64,3,1677.61,2056.55,2.85557,199.684
128,7,1,540.726,1050.14,4.33233,427.562
128,28,5,578.125,1372.5,427.61,1212.6
128,34,3,275.464,873.73,1137.98,1711.97
128,6,3,231.046,618.304,323.941,635.53
128,21,3,1238.2,1598.99,51.5997,281.772
128,54,3,2042.68,2416.38,390.294,688.304
128,60,0,2.69231,109.231,236.827,492.404
128,61,0,2180.58,2368.51,773.953,1206.33
128,58,0,2313.05,2466.96,688.083,1072.69
128,64,3,1665.46,2048.58,1.22052,200.296
128,68,3,1576.25,2342.5,1502.26,1918.86
129,7,1,358.438,1008.75,11.9779,429.034
129,28,5,573.438,1373.75,427.647,1211.68
129,34,3,283.705,872.696,1135.66,1696.9
129,6,3,203.886,597.626,330.662,655.534
129,21,3,1220.34,1572.34,49.0123,290.533
129,54,3,2082.09,2437.89,368.391,652.998
129,60,0,0.0721145,78.5817,258.317,519.375
129,61,0,2178.78,2363.61,744.59,1165.56
129,58,0,2307.69,2456.46,662.389,1043.68
129,64,3,1637.99,2020.13,3.4345,201.928
129,68,3,1582.5,2301.25,1390.11,1920
130,7,1,353.75,982.5,18.3171,440.547
130,28,5,576.25,1371.25,427.008,1212.76
130,34,3,292.217,868.127,1131.92,1690.55
130,6,3,178.17,574.563,348.285,668.902
130,21,3,1199.35,1550.41,61.3527,288.594
130,54,3,2118.08,2469.83,347.657,628.708
130,60,0,2.62019,43.4615,272.524,560.553
130,61,0,2181.93,2360.08,719.358,1129.02
130,58,0,2306.65,2448.85,644.349,1006.74
130,64,3,1609.55,1994.64,5.58101,207.841
130,68,3,1592.5,2270,1291.06,1904.28
131,7,1,378.349,919.167,17.6324,470.916
131,28,5,578.125,1367.5,432.557,1212.2
131,34,3,286.094,880.625,1144.29,1654.66
131,6,3,146.436,556.161,338.064,684.354
131,21,3,1172.35,1530.33,67.9583,299.257
131,54,3,2155.96,2509.42,323.922,598.697
131,60,0,2.62019,43.4615,272.524,560.553
131,61,0,2177.4,2367.45,693.472,1099.95
131,58,0,2301.65,2447.97,621.544,977.684
131,64,3,1575.27,1960.17,4.42485,217.351
131,68,3,1605,2242.5,1204.15,1771.42
131,69,3,2000.77,2279.23,0.108175,127.103
132,7,1,373.487,866.871,16.718,477.589
132,28,5,580.312,1366.25,431.156,1214.99
132,34,3,290,880.625,1135.65,1648.23
132,6,3,120.017,531.094,369.076,701.612
132,21,3,1156.98,1508.63,75.9274,304.643
132,54,3,2185.17,2532.3,305.342,568.311
132,61,0,2164.14,2342.49,681.951,1065.3
132,58,0,2301.83,2438.22,599.69,952.757
132,64,3,1553.09,1953.43,3.09942,223.188
132,68,3,1602.5,2227.5,1114.21,1662.85
132,69,3,1981.44,2270.87,1.58654,123.534
132,70,3,1062.53,1419.82,20.2409,204.784
133,7,1,191.875,840,42.6097,478.296
133,28,5,580,1365,429.98,1219.97
133,34,3,303.906,890,1117.85,1647.33
133,6,3,90.0142,508.203,368.368,723.303
133,21,3,1131.63,1479.02,75.2094,311.07
133,54,3,2230.31,2554.67,271.782,544.718
133,61,0,2158.56,2332.66,650.842,1033
133,58,0,2297.99,2440.19,583.172,933.076
133,64,3,1525.15,1918.02,4.15806,229.3
133,68,3,1625.62,2204.07,1046.1,1568.85
133,69,3,1947.21,2237.4,1.51442,128.582
133,70,3,1022.79,1398.77,26.2248,212.397
134,7,1,166.719,798.75,43.1461,489.164
134,28,5,577.188,1363.75,432.548,1212.95
134,34,3,298.766,898.203,1097.34,1646.58
134,6,3,55.0859,474.809,396.321,742.272
134,21,3,1117.61,1455.55,80.9581,317.367
134,54,3,2267.84,2558.41,255.582,519.694
134,61,0,2152.81,2324.29,629.203,1004.72
134,58,0,2298.16,2438.67,565.867,919.657
134,64,3,1500.54,1885.25,3.5396,236.255
134,68,3,1636.57,2196.74,979.085,1486.24
134,69,3,1912.98,2210.1,0.360575,154.399
134,70,3,987.48,1344.5,15.925,224.275
135,7,1,107.5,753.75,34.0174,522.439
135,28,5,577.812,1365,431.43,1213.16
135,34,3,297.103,900.062,1089.87,1638.18
135,6,3,18.8211,454.705,404.698,760.152
135,21,3,1081.5,1435.05,89.7988,327.829
135,54,3,2310.59,2556.82,241.879,507.349
135,61,0,2146.04,2309.75,602.193,979.64
135,58,0,2305.64,2447.78,546.472,895.022
135,64,3,1466.87,1866.28,0,242.778
135,68,3,1642.9,2186.5,921.124,1403.52
135,69,3,1883.17,2190.67,0,160.673
135,70,3,963.22,1318.15,22.9135,222.281
136,7,1,110.422,694.545,38.8832,513.456
136,28,5,576.25,1365,430.63,1210.84
136,34,3,302.67,899.478,1084.49,1636.49
136,6,3,0.240364,449.782,427.126,768.796
136,21,3,1060.14,1405.08,92.2959,333.743
136,54,3,2353.98,2557.26,217.754,480.388
136,61,0,2142.44,2300.07,581.153,951.006
136,58,0,2309.74,2454.54,523.906,873.884
136,64,3,1442.54,1849.97,4.63875,242.002
136,68,3,1655.06,2174.14,854.53,1324.95
136,69,3,1842.98,2163.17,0.865388,164.135
136,70,3,929.386,1293.18,26.2831,235.985
137,7,1,49.4733,658.052,37.0558,521.344
137,28,5,581.25,1362.5,432.223,1210.34
137,34,3,304.835,899.896,1084.02,1635.54
137,6,3,4.81764,446.23,421.357,796.7
137,21,3,1030.61,1379.95,103.2,345.237
137,54,3,2394.71,2560,194.899,457.726
137,61,0,2132.93,2299.13,561.675,921.004
137,58,0,2325.4,2466.98,507.689,855.494
137,64,3,1412.89,1818.98,3.88663,248.403
137,68,3,1662.97,2174.88,810.128,1248.61
137,69,3,1814.9,2138.94,3.24519,167.38
137,70,3,899.75,1247.99,27.9778,245.741
138,7,1,24.6766,552.323,89.5375,839.801
138,28,5,586.562,1361.25,427.229,1214.13
138,34,3,303.916,901.015,1084.28,1635.26
138,6,3,1.40547,316.198,455.742,814.457
138,21,3,989.274,1359.16,104.575,354.204
138,54,3,2443.61,2560,173.005,441.995
138,61,0,2128.68,2292.32,541.765,896.311
138,58,0,2329.11,2473.69,495.036,841.317
138,64,3,1386.68,1797.51,7.45899,255.085
138,68,3,1675.51,2155.93,756.38,1201.22
138,69,3,1767.91,2118.79,2.24007,184.188
138,70,3,869.77,1235.35,34.872,247.695
139,7,1,2.52802,549.054,64.6815,718.593
139,28,5,586.25,1362.5,429.341,1212.03
139,34,3,303.866,901.841,1084.83,1637.17
139,6,3,0.969524,323.936,467.526,837.447
139,40,3,499.534,774.907,113.037,347.256
139,21,3,968.936,1328.32,112.423,359.023
139,54,3,2490.84,2558.39,146.394,424.183
139,61,0,2123.78,2287.09,523.093,867.792
139,58,0,2340.79,2480.55,478.248,806.14
139,64,3,1361.61,1770.78,8.61041,264.096
139,68,3,1679.62,2150.76,707.808,1138.23
139,69,3,1746.53,2084.55,2.41607,195.014
139,70,3,830.016,1197.29,62.092,252.307
140,7,1,0,478.998,76.0012,557.225
140,28,5,577.812,1367.5,432.622,1210.36
140,34,3,303.756,900.855,1085.87,1634.91
140,6,3,0,319.164,489.716,858.049
140,40,3,427.678,743.363,116.601,351.313
140,21,3,941.782,1295.07,118.23,371.65
140,54,3,2536.11,2559.28,141.851,412.284
140,61,0,2122.2,2276.52,507.051,843.169
140,58,0,2351.13,2484.91,463.314,787.663
140,64,3,1335.72,1761.14,8.78212,270.982
140,68,3,1685.55,2142.97,668.595,1090.07
140,69,3,1713.61,2051.79,3.56252,198.86
140,70,3,798.588,1149.82,56.5028,261.748
141,7,1,0,452.085,102.25,568.213
141,28,5,581.562,1363.75,430.091,1213.55
141,34,3,303.825,899.468,1086.53,1633.43
141,6,3,0,284.037,501.394,888.075
141,40,3,396.449,720.331,121.836,357.84
141,21,3,914.131,1262.8,130.677,383.835
141,54,3,2536.11,2559.28,141.851,412.284
141,61,0,2120.28,2277.91,487.832,818.114
141,58,0,2367.6,2499.69,448.277,763.3
141,64,3,1313.51,1723.84,21.9839,279.05
141,68,3,1686.87,2139.1,634.903,1030.76
141,69,3,1690.98,2022.78,3.72462,200.842
141,70,3,778.31,1152.46,72.3027,267.743
142,7,1,3.93925,456.031,95.8673,614.292
142,28,5,586.562,1361.25,429.319,1212.01
142,34,3,304.9,899.672,1081.89,1636.45
142,6,3,0.097599,249.957,506.594,908.482
142,40,3,370.153,694.827,124.891,368.618
142,21,3,877.807,1236.66,140.701,396.843
142,61,0,2122.84,2275.18,462.128,792.672
142,58,0,2376.65,2512.24,436.152,739.365
142,64,3,1287.06,1700.25,19.4205,282.968
142,68,3,1686.87,2130.23,609.038,982.736
142,69,3,1665.34,2002.62,9.46569,202.912
142,70,3,748.529,1129.22,86.5422,266.59
143,7,1,3.93925,456.031,95.8673,614.292
143,28,5,581.25,1360,429.131,1211.06
143,34,3,303.212,902.064,1085.68,1628.52
143,6,3,0,219.885,534.331,926.862
143,40,3,354.483,672.41,133.581,371.756
143,21,3,848.248,1204.14,151.062,411.539
143,61,0,2124.56,2279.83,448.11,766.846
143,58,0,2391.33,2543.67,426.741,723.908
143,64,3,1260.87,1665.43,20.1985,291.474
143,68,3,1685.77,2107.23,567.384,948.359
143,69,3,1634.73,1978.83,5.96699,204.654
143,70,3,716.984,1097.96,71.7185,279.003
143,74,3,2067.88,2307.5,0.46875,50.1202
144,28,5,577.5,1362.5,427.437,1211.08
144,34,3,304.398,900.333,1083.98,1631.81
144,6,3,0,183.114,549.248,960.366
144,40,3,297.606,652.107,136.761,381.039
144,21,3,815.506,1174.62,157.61,418.182
144,61,0,2129.66,2289.97,428.672,747.175
144,58,0,2410.85,2549.79,406.471,702.986
144,64,3,1232.91,1639.1,33.0175,293.209
144,68,3,1680.58,2107.74,542.98,886.324
144,69,3,1613.43,1945.72,6.04735,213.737
144,70,3,689.123,1060.82,69.8299,284.872
144,75,3,2135.58,2362.88,0,100.168
145,28,5,578.75,1367.5,426.884,1211.3
145,34,3,304.644,900.287,1082.86,1632.3
145,6,3,0,156.255,580.053,997.696
145,40,3,315.755,629.366,140.173,385.512
145,21,3,778.417,1142.12,160.568,444.135
145,61,0,2146.34,2296.72,416.286,722.662
145,58,0,2429.31,2557.78,395.299,688.575
145,64,3,1213.75,1613.74,40.7864,299.442
145,68,3,1690.35,2101.83,509.713,857.698
145,69,3,1582.06,1918.03,9.805,221.307
145,70,3,669.049,1045.4,85.4063,285.946
145,75,3,2124.9,2355.1,0,100.745
146,28,5,579.375,1365,429.162,1217.8
146,34,3,302.156,902.178,1083.79,1633.03
146,6,3,0,120.37,598.742,996.483
146,40,3,272.293,600.153,139.704,401.344
146,21,3,752.518,1107.63,170.815,456.85
146,61,0,2163.35,2311.65,399.756,699.108
146,58,0,2456.78,2558.61,371.394,674.567
146,64,3,1182.44,1591.51,44.5292,308.56
146,68,3,1691.29,2096.44,484.884,824.642
146,69,3,1555.41,1883.75,10.2508,227.695
146,70,3,640.474,1013.08,89.5433,304.901
146,75,3,2106.63,2354.9,0,104.748
147,28,5,574.688,1365,434.746,1213.81
147,34,3,299.902,904.63,1086.24,1632.27
147,6,3,0,86.2647,599.039,1087.43
147,40,3,230.559,575.161,148.271,406.753
147,21,3,718.29,1079.78,182.897,458.613
147,61,0,2179.92,2328.88,379.302,685.006
147,58,0,2481.75,2558.25,355.673,657.981
147,64,3,1153.65,1561.38,55.0631,318.305
147,68,3,1692.23,2088.04,458.72,796.163
147,69,3,1531.61,1852.97,13.4417,234.229
147,70,3,610.306,986.015,95.3,308.929
147,75,3,2106.63,2354.9,0,104.748
147,74,3,1965,2216.54,1.0637,47.1094
148,28,5,574.688,1366.25,429.784,1217.46
148,34,3,299.492,904.22,1085.33,1637.26
148,6,3,0.454507,60.2557,691.407,1127.81
148,40,3,207.972,553.669,156.995,415.445
148,21,3,682.329,1051.4,197.148,475.026
148,61,0,2204.81,2351.53,366.578,659.174
148,58,0,2503.1,2558.44,331.587,649.183
148,64,3,1127.92,1540.56,58.2855,321.898
148,68,3,1700.81,2095.51,422.491,751.233
148,69,3,1501.13,1827.55,14.5727,238.591
148,70,3,585.189,959.708,96.0108,320.741
148,74,3,1965,2216.54,1.0637,47.1094
