2,1,0,1011.2,1068.8,130.962,256.731
2,2,3,0.144615,413.289,513.116,935.416
2,3,0,274.062,501.311,762.312,1257.07
2,4,3,923.269,1041.35,48.8582,143.69
2,5,0,1308.25,1345.6,63.4615,163.99
2,6,3,190,1173.75,923.574,1920
2,7,3,1007.93,1092.07,28.2332,97.1755
2,8,3,1279.5,1345.12,0.342548,37.9507
3,1,0,1011.44,1068.56,131.034,256.947
3,2,3,0,403.817,523.262,945.975
3,3,0,211.747,454.037,819.412,1355.94
3,4,3,925.865,1038.75,50.0481,141.49
3,5,0,1307.66,1344.65,60.5048,155.841
3,6,3,197.812,1168.75,923.396,1920
3,7,3,1009.3,1092.24,28.4495,97.7524
3,8,3,1280.19,1347.5,0,36.7428
3,9,4,1720.31,1747.38,117.692,245.192
4,1,0,1011.35,1068.65,130.529,257.163
4,2,3,0,388.309,548.254,990.929
4,3,0,136.467,378.845,874.755,1448.26
4,4,3,923.894,1040.72,47.9928,143.546
4,5,0,1308.4,1343.91,60.0361,152.56
4,6,3,205,1168.75,923.518,1920
4,7,3,1009.45,1092.09,28.4315,97.9147
4,8,3,1282.45,1348.32,0,37.3017
4,9,4,1720.31,1747.38,117.692,245.192
5,1,0,1010.84,1069.16,130.565,257.127
5,2,3,0,368.484,574.343,1042.59
5,3,0,19.9063,290.622,965.295,1584.41
5,4,3,924.952,1038.12,50.3365,142.212
5,5,0,1307.99,1341.24,56.25,145.817
5,6,3,192.5,1171.25,925.824,1920
5,7,3,1009.09,1092.45,28.8281,98.0228
5,8,3,1283.46,1348.85,0,33.723
5,9,4,1719.45,1748.25,126.599,249.555
6,1,0,1010.62,1069.38,130.493,257.199
6,2,3,0.798855,342.764,597.769,1094.15
6,3,0,3.39615,210.435,1048.57,1698.43
6,4,3,924.76,1038.32,50.3365,141.923
6,5,0,1307.26,1340.43,53.4375,141.274
6,6,3,198.75,1168.75,928.534,1920
6,7,3,1009.18,1092.36,28.8462,97.7885
6,8,3,1283.46,1348.85,0,33.723
6,9,4,1719.75,1747.94,127.428,247.284
7,1,0,1011.15,1068.85,130.673,257.308
7,2,3,2.87422,316.603,620.371,1140.57
7,3,0,2.54257,103.476,1179.89,1805.47
7,4,3,923.75,1040.87,48.6779,143.87
7,5,0,1305.19,1339.42,49.1466,138.065
7,6,3,185.312,1171.25,927.735,1920
7,7,3,1009.57,1091.97,28.4315,97.9147
7,9,4,1718.99,1748.7,126.887,249.555
8,1,0,1010.96,1069.04,131.575,256.983
8,2,3,0.23036,274.538,663.847,1238.53
8,3,0,2.54257,103.476,1179.89,1805.47
8,4,3,925.721,1038.89,50.7692,142.067
8,5,0,1304.03,1337.51,48.6418,135.252
8,6,3,188.125,1169.38,924.611,1920
8,7,3,1008.75,1091.25,28.7921,97.5541
8,9,4,1716.8,1744.74,129.483,248.69
8,12,0,1691.83,1892.79,262.572,438.966
9,1,0,1010.58,1069.42,131.286,257.272
9,2,3,0,239.713,706.531,1292.49
9,4,3,925.769,1038.85,50.3005,141.959
9,5,0,1302.14,1336.32,45.2163,130.745
9,6,3,186.562,1167.5,921.249,1920
9,7,3,1009.52,1092.02,29.0084,97.482
9,9,4,1723.26,1750.59,129.159,253.63
9,12,0,1634.13,1830.48,252.043,436.803
10,1,0,1010.62,1069.38,131.502,257.344
10,2,3,0,197.832,752.794,1376.54
10,4,3,925.577,1039.04,50.3365,141.923
10,5,0,1300.29,1333.56,42.7644,126.851
10,6,3,187.188,1168.75,921.896,1920
10,7,3,1009.47,1092.07,29.0445,97.3017
10,9,4,1723.85,1753.08,127.608,247.68
10,12,0,1565.29,1760.87,260.697,429.303
11,1,0,1010.72,1069.28,131.286,257.56
11,2,3,0,197.832,752.794,1376.54
11,4,3,923.654,1040.96,48.3894,143.87
11,5,0,1302.12,1333.27,36.2019,121.875
11,6,3,187.812,1170,920.177,1920
11,7,3,1009.57,1091.97,28.5757,97.482
11,9,4,1721.18,1752.67,129.808,247.5
11,12,0,1477.88,1675.96,254.207,424.255
12,1,0,1010.67,1069.33,131.502,257.344
12,4,3,925.721,1038.89,50.5889,141.671
12,5,0,1300.36,1330.41,35.4087,118.197
12,6,3,190,1167.5,918.806,1920
12,7,3,1009.38,1092.16,29.0084,97.2656
12,9,4,1719.51,1751.26,133.486,250.457
12,12,0,1408.22,1599.47,260.841,418.774
13,1,0,1010.1,1069.9,130.132,257.272
13,4,3,924.952,1038.12,50.1202,141.562
13,5,0,1301.37,1332.48,30.3245,113.113
13,6,3,190.312,1166.25,918.675,1920
13,7,3,1008.17,1091.83,29.0805,97.5541
13,9,4,1719.83,1750.94,131.935,248.257
13,12,0,1338.41,1530.82,259.832,418.053
14,1,0,1011.11,1070.43,130.096,257.596
14,4,3,925.192,1037.88,50.2284,141.599
14,5,0,1299.57,1329.66,29.0986,109.507
14,6,3,191.875,1165.62,918.16,1920
14,7,3,1009.33,1092.21,28.5577,97.3558
14,9,4,1717.64,1750.05,131.502,254.171
14,12,0,1338.41,1530.82,259.832,418.053
15,1,0,1011.11,1070.43,129.772,258.209
15,4,3,925.192,1037.88,50.1202,141.562
15,5,0,1297.6,1328.56,27.9087,104.856
15,6,3,191.25,1163.75,917.359,1920
15,7,3,1008.65,1091.35,28.7199,97.6262
15,9,4,1716.63,1747.98,132.043,253.053
15,12,0,1156.01,1350.14,242.163,400.529
16,1,0,1011.39,1070.14,130.889,258.534
16,4,3,925.096,1037.98,49.7957,141.454
16,5,0,1295.95,1325.59,24.2668,100.204
16,6,3,191.25,1163.75,918.004,1920
16,7,3,1008.94,1092.6,29.0084,97.6262
16,8,3,1288.17,1351.83,1.1268,22.4369
16,9,4,1716.32,1748.29,133.017,251.214
16,12,0,1088.56,1282.21,233.798,398.51
17,1,0,1011.27,1070.26,128.618,260.228
17,4,3,924.712,1038.37,49.4351,141.238
17,5,0,1295.79,1324.21,19.7596,98.0769
17,6,3,191.875,1163.12,916.776,1920
17,7,3,1009.76,1091.78,28.9724,97.1574
17,8,3,1288.17,1351.83,1.1268,22.4369
17,9,4,1718.68,1749.01,137.849,249.555
17,12,0,976.731,1178.65,225.577,402.692
17,17,0,1960.72,2106.97,304.255,464.207
18,1,0,1010.17,1071.37,127.32,251.719
18,4,3,924.904,1038.17,49.8678,141.671
18,5,0,1296.41,1323.59,20.3726,97.1755
18,6,3,191.875,1163.12,917.123,1920
18,7,3,1009.42,1092.12,28.5938,97.3918
18,9,4,1721.13,1752.72,136.983,251.863
18,12,0,900.913,1097.55,220.024,407.091
18,17,0,1838.56,2047.6,276.346,452.308
19,1,0,1011.37,1071.71,130.817,259.183
19,4,3,925.192,1037.88,49.6514,141.887
19,5,0,1296.3,1322.16,19.1106,94.976
19,6,3,191.875,1164.38,916.972,1920
19,7,3,1009.38,1092.16,29.2067,97.5
19,9,4,1717.75,1749.94,136.695,251.575
19,12,0,900.913,1097.55,220.024,407.091
19,17,0,1778.99,1947.16,282.764,445.312
20,1,0,1011.3,1070.24,130.853,257.127
20,4,3,925.144,1037.93,50.1202,142.284
20,5,0,1295.53,1321.39,17.2356,92.6683
20,6,3,191.25,1163.75,916.852,1920
20,7,3,1009.9,1091.63,28.9724,97.0132
20,9,4,1718.62,1749.07,142.32,257.2
20,17,0,1684.42,1887.88,263.221,444.663
21,1,0,1010.79,1070.75,129.087,258.029
21,4,3,925.096,1037.98,49.5072,142.464
21,5,0,1294.52,1320.87,12.2957,89.1707
21,6,3,190.625,1164.38,916.872,1920
21,7,3,1008.17,1091.83,28.3053,96.8149
21,9,4,1720.65,1750.12,138.498,262.464
21,12,0,626.635,819.519,225.072,396.274
21,17,0,1617.5,1816.35,261.995,433.774
22,1,0,1009.95,1071.59,128.474,258.353
22,4,3,924.231,1037.31,49.7957,142.608
22,5,0,1295.14,1321.78,12.3317,87.6923
22,6,3,190,1166.25,917.482,1920
22,7,3,1006.3,1092.16,28.3774,97.1034
22,9,4,1720.29,1753.56,135.649,263.293
22,12,0,551.779,738.221,216.346,400.962
22,17,0,1542.02,1741.06,256.587,429.375
23,1,0,1010.55,1070.99,128.654,257.885
23,4,3,924.519,1038.56,49.8317,141.995
23,5,0,1294.16,1321.23,10.9075,84.357
23,6,3,190,1165,916.611,1920
23,7,3,1007.96,1092.04,28.5397,96.6526
23,9,4,1721.35,1755.58,136.875,263.798
23,12,0,434.327,617.212,215.986,400.745
23,17,0,1450.34,1645.05,249.591,421.37
24,1,0,1010.62,1070.91,129.375,257.452
24,4,3,924.327,1038.75,50.1923,141.635
24,5,0,1295.84,1321.08,9.26683,83.9784
24,6,3,190.625,1164.38,917.029,1920
24,7,3,1008.68,1091.32,28.9183,96.274
24,9,4,1722.96,1757.04,139.94,267.656
24,12,0,350.913,539.856,217.644,400.817
24,17,0,1386.59,1578.03,246.49,408.317
25,1,0,1010.58,1070.96,129.267,257.272
25,4,3,924.279,1038.8,50.3726,141.454
25,5,0,1295.43,1321.49,7.93269,83.3654
25,6,3,190.938,1165,917.586,1920
25,7,3,1008.51,1091.49,28.9363,96.5445
25,9,4,1726.83,1759.33,137.524,265.168
25,12,0,265.385,450.769,224.423,401.538
25,17,0,1309.28,1503.03,234.88,403.774
26,1,0,1009.35,1070.65,128.726,258.101
26,4,3,924.904,1038.17,50.3005,142.392
26,5,0,1295.4,1321.53,5.33654,79.6875
26,6,3,191.562,1165,917.373,1920
26,7,3,1009.01,1092.52,28.9724,97.1574
26,9,4,1731.66,1763.73,137.668,269.351
26,12,0,149.904,331.635,227.38,404.928
26,17,0,1211.59,1403.8,227.957,402.043
27,1,0,1010,1071.54,129.123,257.993
27,4,3,924.423,1038.65,51.2019,142.212
27,5,0,1294.86,1320.53,3.89423,76.1538
27,6,3,190.938,1163.75,917.973,1920
27,7,3,1009.28,1092.26,29.3149,97.0312
27,9,4,1734.86,1763.61,144.123,268.954
27,12,0,74.5192,248.558,230.481,404.712
27,17,0,1143.08,1335.38,228.317,391.875
28,1,0,1010.26,1071.27,131.25,257.596
28,4,3,924.904,1038.17,50.9495,142.608
28,5,0,1295.3,1320.08,4.07452,74.9639
28,6,3,191.25,1162.5,916.097,1920
28,7,3,1009.01,1092.52,29.2969,96.9051
28,9,4,1734.86,1763.61,144.123,268.954
28,12,0,13.9904,158.51,237.115,404.423
28,17,0,1071.15,1262.69,227.091,389.062
29,1,0,1009.76,1070.24,127.572,257.236
29,4,3,925.385,1039.23,51.851,142.139
29,5,0,1295.3,1320.08,4.07452,74.9639
29,6,3,196.562,1168.75,916.209,1920
29,7,3,1008.15,1093.39,29.8918,96.887

29,17,0,971.731,1165.19,222.404,386.827
30,1,0,1011.15,1070.38,129.736,260.264
30,4,3,925.625,1038.99,52.4279,142.139
30,6,3,196.875,1169.38,915.766,1920
30,7,3,1009.01,1092.52,29.8017,97.1214
30,17,0,902.26,1086.97,220.168,382.716
30,21,3,0,205.962,266.034,453.966
31,1,0,1011.83,1069.71,132.296,257.993
31,4,3,925.962,1038.65,51.851,142.716
31,6,3,197.5,1167.5,915.497,1920
31,7,3,1011.23,1091.85,29.9639,97.6803
31,17,0,838.654,1013.65,232.32,378.065
31,21,3,4.71154,238.558,268.702,450.721
32,1,0,1011.54,1070,130.493,256.911
32,4,3,925.673,1038.94,51.5625,142.716
32,6,3,196.562,1168.75,915.124,1920
32,7,3,1009.71,1091.83,30.2164,97.1394
32,17,0,739.808,921.731,230.805,377.849
32,21,3,0,287.692,261.13,452.524
33,1,0,1011.56,1069.98,131.791,256.19
33,4,3,925.913,1038.7,51.6346,143.51
33,6,3,196.875,1169.38,915.166,1920
33,7,3,1010.02,1091.51,29.6935,97.2296
33,17,0,660.865,848.365,224.567,380.625
33,21,3,3.36537,322.788,266.466,449.495
34,1,0,1011.06,1070.48,130.457,256.37
34,4,3,924.423,1038.65,51.9231,142.5
34,6,3,196.562,1170,916.271,1920
34,7,3,1008.51,1091.49,29.4952,97.0673
34,17,0,592.885,779.423,222.692,377.308
34,21,3,4.51227,357.2,261.557,451.864
35,1,0,1011.73,1071.35,130.601,256.514
35,4,3,924.904,1038.17,52.6442,141.346
35,6,3,196.875,1170.62,916.316,1920
35,7,3,1009.47,1092.07,29.6755,96.887
35,17,0,501.346,685.577,216.13,380.986
35,21,3,6.56002,407.968,262.211,447.747
36,1,0,1011.59,1069.95,132.62,255.938
36,4,3,925.529,1039.09,53.149,139.976
36,6,3,195,1168.75,915.729,1920
36,7,3,1009.81,1091.73,30.1262,96.9411
36,17,0,437.26,609.663,217.933,380.337
36,21,3,40.7994,440.74,258.708,445.7
36,23,0,874.88,920.505,99.4471,186.418
37,1,0,1012.16,1069.37,133.341,255.793
37,4,3,926.635,1037.98,53.149,140.841
37,6,3,195,1167.5,917.194,1920
37,7,3,1010.77,1090.77,29.9279,96.851
37,17,0,393.365,542.019,211.947,374.784
37,21,3,81.896,479.5,259.067,443.384
37,23,0,883.293,921.322,107.524,191.899
38,1,0,1012.55,1068.99,133.522,255.901
38,4,3,925.865,1038.75,53.0409,140.373
38,6,3,194.375,1175.62,919.218,1920
38,7,3,1010.89,1090.65,29.9279,96.851
38,9,4,1771.18,1801.13,143.221,276.779
38,17,0,393.365,542.019,211.947,374.784
38,21,3,133.64,535.538,250.707,441.666
38,23,0,887.524,924.784,105.685,194.603
39,1,0,1012.74,1068.8,133.63,255.505
39,4,3,927.26,1038.89,53.149,140.409
39,6,3,195.312,1176.25,918.188,1920
39,7,3,1010.46,1091.08,30.018,96.7608
39,9,4,1773.65,1801.73,143.041,277.536
39,21,3,176.448,578.395,252.51,440.234
39,23,0,889.976,925.409,105.072,194.639
40,1,0,1012.62,1068.92,134.135,255.577
40,4,3,927.308,1038.85,52.9327,140.913
40,6,3,195.938,1176.25,919.468,1920
40,7,3,1010.96,1090.58,29.9279,96.9952
40,9,4,1773.65,1801.73,143.041,277.536
40,21,3,226.774,607.842,248.623,438.559
40,23,0,892.043,926.418,106.803,195.505
41,1,0,1012.12,1069.42,133.341,256.082
41,4,3,929.904,1042.4,52.3558,140.337
41,6,3,195.625,1178.12,920.425,1920
41,7,3,1010.77,1090.77,30.1623,96.6166
41,9,4,1778,1803.53,151.911,279.627
41,17,0,30.6731,204.712,225.577,395.192
41,21,3,273.571,663.77,249.177,433.27
41,23,0,894.351,928.726,107.957,198.101
42,1,0,1011.39,1068.61,133.053,256.082
42,4,3,927.644,1038.51,52.9688,141.743
42,6,3,197.5,1176.25,920.487,1920
42,7,3,1010.19,1089.81,29.7476,96.5986
42,9,4,1780.62,1807.07,152.74,276.202
42,17,0,0,134.567,223.053,395.409
42,21,3,313.085,699.587,247.445,430.194
42,23,0,893.161,928.377,104.567,198.894
43,1,0,1012.02,1069.52,132.656,256.19
43,4,3,926.49,1038.12,52.5361,141.743
43,6,3,195.625,1176.88,920.749,1920
43,7,3,1011.3,1090.24,29.4051,97.0132
43,9,4,1784.06,1812.86,152.668,279.736
43,17,0,0.889423,63.8702,239.135,393.173
43,21,3,347.223,743.954,248.043,425.95
43,23,0,895.805,928.81,110.084,203.185
43,25,0,1987.21,2135.87,288.75,457.788
44,1,0,1011.39,1068.61,132.981,256.154
44,4,3,925.337,1039.28,52.6803,141.454
44,6,3,192.812,1177.5,922.915,1920
44,7,3,1008.94,1091.06,29.9639,96.5264
44,9,4,1784.93,1812,155.409,272.957
44,17,0,0.889423,63.8702,239.135,393.173
44,21,3,407.803,798.574,238.71,421.906
44,23,0,894.856,931.298,113.474,206.142
44,25,0,1910.67,2110.87,293.365,457.212
45,1,0,1011.97,1069.57,132.909,256.226
45,4,3,925.673,1038.94,52.6082,140.228
45,6,3,193.125,1176.88,923.708,1920
45,7,3,1008.46,1091.54,29.982,96.6526
45,9,4,1784.44,1812.49,157.644,273.606
45,21,3,447.755,840.775,238.156,419.306
45,23,0,892.825,930.252,111.851,206.611
45,25,0,1880.19,2082.88,296.899,457.139
45,26,0,1327.85,1540.36,1382.26,1920
46,1,0,1011.88,1069.66,131.647,256.623
46,4,3,925.433,1039.18,52.2115,140.769
46,6,3,191.25,1175,922.658,1920
46,7,3,1007.96,1092.04,29.7296,97.0493
46,9,4,1785.77,1814.23,157.139,273.822
46,21,3,490.002,875.891,234.278,418.101
46,23,0,890.721,930.817,108.57,207.873
46,25,0,1880.19,2082.88,296.899,457.139
46,26,0,1327.33,1525.87,1338.89,1920
47,1,0,1011.27,1068.73,131.647,256.623
47,4,3,925.385,1039.23,52.6442,140.913
47,6,3,191.875,1178.12,923.799,1920
47,7,3,1007.86,1093.68,29.5493,97.518
47,9,4,1784.17,1812.75,154.615,276.635
47,21,3,541.52,924.968,230.703,411.411
47,23,0,886.514,928.87,112.248,214.291
47,25,0,1800,1960,269.856,446.683
47,26,0,1329.8,1515.81,1296.53,1920
48,1,0,1011.61,1068.39,131.575,256.695
48,4,3,925.096,1039.52,52.8245,140.733
48,6,3,190.312,1180,923.32,1920
48,7,3,1008.65,1092.88,28.9543,97.3918
48,9,4,1786.63,1813.37,158.005,273.534
48,21,3,581.478,961.43,228.906,408.822
48,23,0,884.375,926.394,113.726,215.12
48,25,0,1764.9,1961.25,273.75,443.942
48,26,0,1291.35,1529.91,1267.97,1920
49,1,0,1010.62,1070.91,132.296,256.839
49,4,3,925.288,1039.33,52.3197,142.536
49,6,3,190.625,1174.38,922.427,1920
49,7,3,1008.75,1092.79,29.3149,97.0312
49,9,4,1790.12,1816.03,158.654,276.635
49,21,3,622.543,992.428,219.68,401.717
49,23,0,877.272,925.805,117.332,217.861
49,25,0,1735.48,1950.67,268.846,441.346
49,26,0,1302.55,1524.8,1232.13,1920
50,1,0,1009.88,1071.66,133.774,259.688
50,4,3,924.76,1039.86,52.2476,143.041
50,6,3,190.938,1172.5,922.935,1920
50,7,3,1008.7,1092.84,29.0625,97.2836
50,9,4,1790.87,1821.44,155.986,281.034
50,21,3,675.884,1041.99,215.735,398.529
50,23,0,874.591,920.793,120.829,218.113
50,25,0,1694.23,1915,264.736,441.418
50,26,0,1335.08,1501.69,1192.79,1875.18
51,1,0,1009.23,1070.77,132.548,259.183
51,4,3,925.096,1039.52,52.2115,142.212
51,6,3,191.562,1173.75,924.188,1920
51,7,3,1008.75,1092.79,28.6839,96.9411
51,9,4,1790.1,1822.21,154.183,275.625
51,21,3,710.962,1055.19,208.486,393.245
51,23,0,867.728,913.81,114.555,211.406
51,25,0,1670.38,1883.46,257.38,444.736
51,26,0,1328.26,1505.8,1160.15,1837.22
52,1,0,1011.92,1069.62,129.988,257.127
52,4,3,925.144,1039.47,52.3918,142.897
52,6,3,191.875,1175.62,923.877,1920
52,7,3,1009.95,1091.59,28.6118,96.5805
52,9,4,1794.78,1823.68,158.762,276.238
52,21,3,754.904,1094.33,211.37,377.091
52,23,0,866.623,911.839,122.524,208.63
52,25,0,1634.71,1851.44,259.832,441.707
52,26,0,1335.2,1499.31,1142.3,1790.26
53,1,0,1011.25,1068.75,128.474,230.661
53,4,3,925.962,1038.65,52.3918,143.185
53,6,3,191.562,1173.75,924.164,1920
53,7,3,1011.06,1092.02,28.2332,97.4639
53,9,4,1799.45,1828.25,165.252,283.017
53,21,3,813.365,1129.71,208.341,375.793
53,23,0,852.404,902.981,124.291,217.536
53,25,0,1598.75,1813.56,256.01,437.452
53,26,0,1316.88,1495.46,1123.53,1755.87
54,1,0,1013.08,1068.46,128.726,219.159
54,4,3,925.529,1039.09,52.1394,143.293
54,6,3,192.812,1173.75,924.442,1920
54,7,3,1011.3,1091.78,28.756,97.5901
54,9,4,1802.67,1831.18,156.382,279.772
54,21,3,846.346,1161.35,202.5,370.673
54,23,0,848.486,894.591,134.459,240.541
54,25,0,1561.35,1780.19,253.846,435
54,26,0,1321.04,1496.25,1091.58,1736.39
55,1,0,1013.94,1067.6,128.185,216.526
55,4,3,925.769,1038.85,51.6707,143.329
55,6,3,192.812,1175,925.353,1920
55,7,3,1010.77,1092.31,28.9002,98.0228
55,9,4,1804.01,1835.99,158.654,290.769
55,21,3,880.962,1194.42,199.183,367.067
55,23,0,842.62,889.688,134.243,245.084
55,25,0,1531.73,1751.35,251.322,435.216
55,26,0,1329.13,1491.05,1077.34,1697.45
56,1,0,1012.69,1067.31,128.329,212.055
56,4,3,928.029,1044.28,46.9471,144.303
56,6,3,194.062,1177.5,925.085,1920
56,7,3,1009.18,1092.36,28.8101,97.8245
56,9,4,1807.13,1839.03,159.772,290.228
56,21,3,924.231,1220.38,196.154,358.269
56,23,0,824.207,877.332,131.25,250.673
56,25,0,1484.33,1703.37,256.442,433.558
56,26,0,1314.26,1486.71,1068.73,1677.44
57,1,0,1012.84,1068.7,129.844,216.599
57,4,3,927.067,1045.24,47.7043,144.411
57,6,3,194.062,1178.75,925.444,1920
57,7,3,1009.86,1091.68,28.72,97.7704
57,9,4,1807.28,1841.95,161.971,290.337
57,21,3,951.635,1242.21,193.341,350.697
57,23,0,814.159,870.457,140.625,253.413
57,25,0,1450.19,1666.73,260.553,430.601
57,26,0,1314.42,1479.38,1055.65,1676.97
58,1,0,1012.12,1070.96,129.627,220.565
58,4,3,925.24,1037.84,51.5986,143.978
58,6,3,195,1177.5,925.796,1920
58,7,3,1010.17,1091.37,28.4856,96.9952
58,9,4,1812.86,1848.68,160.853,291.743
58,21,3,989.135,1255.48,190.168,345.505
58,23,0,804.423,861.731,138.462,256.442
58,25,0,1409.23,1626.15,250.673,427.212
58,26,0,1309.56,1478.51,1035.24,1651.72
59,1,0,1008.63,1069.83,129.808,249.808
59,4,3,928.125,1044.18,50.9856,141.851
59,6,3,194.062,1177.5,923.089,1920
59,7,3,1008.08,1090.38,27.6202,97.1394
59,9,4,1816.03,1851.66,159.988,298.666
59,21,3,1021.92,1281.15,178.053,337.139
59,23,0,796.827,847.788,144.519,261.346
59,25,0,1354.52,1570.1,248.365,423.75
59,26,0,1301.39,1483.66,1033.13,1647.81
60,1,0,1009.11,1070.89,130.312,257.38
60,4,3,928.654,1043.65,46.4423,143.942
60,6,3,195,1176.25,922.732,1920
60,7,3,1007.84,1090.63,27.7825,97.1935
60,9,4,1818.73,1855.12,163.413,297.837
60,21,3,1049.04,1292.5,178.558,334.615
60,23,0,785.769,841.923,145.024,266.899
60,25,0,1313.08,1525.38,246.779,423.606
60,26,0,1304.6,1475.75,1030.16,1616.11
61,1,0,1010.1,1071.44,129.339,258.065
61,4,3,924.76,1039.86,49.3269,145.673
61,6,3,195,1175,923.154,1920
61,7,3,1007.36,1091.11,28.0709,97.5541
61,9,4,1823.17,1856.83,162.873,298.666
61,21,3,1064.33,1295.67,178.125,329.279
61,23,0,772.019,831.058,147.692,268.846
61,25,0,1267.31,1475.77,236.899,417.332
61,26,0,1311.49,1468.55,1025.18,1614.01
62,1,0,1009.78,1071.75,129.339,257.488
62,4,3,924.663,1039.95,49.4711,145.962
62,6,3,195.625,1173.12,922.315,1920
62,7,3,1006.2,1092.26,27.9087,98.3654
62,9,4,1827.13,1862.1,162.007,296.358
62,21,3,1100.96,1319.04,173.87,322.572
62,23,0,754.567,816.202,156.346,274.038
62,25,0,1198.65,1424.42,238.413,409.471
62,26,0,1291.82,1441.53,1007.22,1623.1
63,1,0,1009.35,1070.65,129.555,257.849
63,4,3,924.279,1040.34,49.6154,145.962
63,6,3,196.25,1172.5,921.901,1920
63,7,3,1004.86,1092.07,28.0529,98.2933
63,9,4,1830.9,1864.48,161.575,297.368
63,21,3,1122.79,1324.9,174.952,318.029
63,23,0,749.231,806.923,154.94,280.349
63,25,0,1154.52,1371.63,237.909,409.399
63,26,0,1306.22,1480.1,1012.53,1611.21
64,1,0,1010.67,1070.87,129.447,258.245
64,4,3,926.394,1038.22,51.1659,142.969
64,6,3,195.938,1171.25,921.987,1920
64,7,3,1004.98,1091.95,28.2151,98.5637
64,9,4,1833.43,1865.04,167.127,300.757
64,21,3,1136.25,1334.52,167.308,319.327
64,23,0,736.202,794.567,160.457,288.966
64,25,0,1112.21,1321.63,239.856,401.683
64,26,0,1301.69,1482.64,1013.86,1610.21
65,1,0,1010,1070,129.303,258.678
65,4,3,926.442,1038.17,51.4183,142.861
65,6,3,196.25,1168.75,920.607,1920
65,7,3,1006.18,1092.28,28.3233,98.1671
65,9,4,1839.01,1868.68,173.005,297.476
65,21,3,1151.44,1340.87,165.072,311.466
65,23,0,719.207,784.639,160.709,291.887
65,25,0,1044.81,1258.27,224.423,404.423
65,26,0,1310.98,1483.85,1010.7,1615.26
66,1,0,1010.79,1069.21,129.267,259.868
66,4,3,926.01,1038.61,51.6707,142.608
66,6,3,197.188,1167.5,921.108,1920
66,7,3,1005.91,1091.01,28.107,97.9507
66,9,4,1842.52,1871.32,173.474,298.449
66,21,3,1176.25,1345.29,160.817,306.49
66,23,0,702.236,770.841,161.034,301.082
66,25,0,994.519,1208.56,220.962,405
66,26,0,1318.25,1486.3,1011.59,1614.97
67,1,0,1010.79,1069.21,127.752,259.651
67,4,3,923.894,1040.72,50.1202,145.457
67,6,3,196.875,1169.38,921.42,1920
67,7,3,1005.38,1091.54,27.8546,98.0589
67,9,4,1844.65,1875.35,172.536,299.964
67,21,3,1190.58,1347.88,157.608,302.488
67,23,0,690.673,761.635,163.738,305.012
67,25,0,943.173,1162.98,223.053,404.062
67,26,0,1323.33,1488.56,1004.62,1621.1
68,1,0,1013.75,1072.4,129.05,259.796
68,4,3,924.423,1040.19,50.4087,145.889
68,6,3,198.125,1171.88,921.108,1920
68,7,3,1004.71,1092.21,27.8906,98.1671
68,9,4,1846.8,1879.35,174.519,299.712
68,21,3,1199.62,1354.23,152.344,288.137
68,23,0,668.918,740.312,177.512,305.373
68,25,0,875.865,1082.6,228.245,401.755
68,26,0,1325.56,1490.79,998.368,1623.95
69,1,0,1009.52,1072.02,127.572,262.716
69,4,3,924.808,1039.81,49.2548,145.745
69,6,3,198.125,1174.38,922.288,1920
69,7,3,1005.75,1092.72,27.6562,98.9062
69,9,4,1846.8,1879.35,174.519,299.712
69,21,3,1201.44,1355.48,150.685,285.757
69,23,0,644.591,730.793,172.644,311.971
69,25,0,827.404,1034.13,221.611,398.005
69,26,0,1329.64,1495.89,1002.33,1617.01
70,1,0,1010.7,1070.84,128.834,259.147
70,4,3,926.298,1038.32,50.7692,143.077
70,6,3,199.062,1173.75,921.124,1920
70,7,3,1005.38,1091.54,27.3498,98.5637
70,9,4,1849.83,1885.55,169.94,305.445
70,21,3,1211.44,1362.4,146.322,281.178
70,23,0,633.918,717.62,172.103,317.993
70,25,0,777.788,980.673,219.447,396.707
70,26,0,1331.84,1500.34,1002.49,1620.18
71,1,0,1009.52,1070.48,129.375,258.317
71,4,3,924.183,1040.43,49.7957,145.781
71,6,3,197.5,1176.25,921.426,1920
71,7,3,1006.25,1092.21,27.2957,98.5457
71,9,4,1850.32,1885.06,172.825,303.137
71,21,3,1218.37,1363.17,144.483,269.171
71,23,0,603.75,697.019,176.034,323.582
71,25,0,701.827,915.096,225.144,401.394
71,26,0,1336.28,1496.2,999.429,1628.07
72,1,0,1009.5,1070.5,129.375,258.317
72,4,3,926.731,1037.88,50.8774,143.834
72,6,3,197.188,1175,921.518,1920
72,7,3,1005.55,1091.37,27.8005,98.6178
72,9,4,1850.32,1885.06,172.825,303.137
72,21,3,1226.54,1362.69,139.327,263.365
72,23,0,585.721,681.971,181.767,324.483
72,25,0,652.308,867.692,221.611,398.582
72,26,0,1335.6,1497.99,1002.59,1625.12
73,1,0,1009.45,1070.55,128.401,258.426
73,4,3,924.856,1039.76,49.2909,146.575
73,6,3,196.562,1176.25,921.996,1920
73,7,3,1005.72,1091.2,27.512,98.6899
73,9,4,1858.68,1889.01,176.611,303.389
73,21,3,1227.98,1364.33,135.469,258.858
73,23,0,567.38,663.389,181.911,328.377
73,25,0,601.731,810.577,224.207,401.178
73,26,0,1334.09,1493.97,1001.27,1626.24
73,28,3,1812.07,2284.61,317.628,526.054
74,1,0,1010.05,1069.95,129.7,257.993
74,4,3,924.327,1040.29,49.363,145.925
74,6,3,199.062,1176.25,920.913,1920
74,7,3,1007.24,1092.76,28.143,98.6358
74,9,4,1862.91,1894.01,175.925,307.536
74,21,3,1232.79,1365.67,131.538,253.846
74,23,0,567.38,663.389,181.911,328.377
74,25,0,520.962,731.346,225.072,396.851
74,26,0,1332.04,1497.4,1001.85,1623.77
74,28,3,1767.82,2273.67,324.696,528.791
74,29,3,1232.69,1290.38,0,30.9285
75,1,0,1009.76,1070.24,129.05,258.353
75,4,3,924.423,1040.19,49.1827,145.817
75,6,3,198.438,1175,920.989,1920
75,7,3,1006.2,1092.26,28.0349,98.5998
75,9,4,1862.91,1894.01,175.925,307.536
75,21,3,1238.08,1365,124.435,243.065
75,25,0,459.712,673.365,216.707,398.87
75,26,0,1332.53,1498.91,1002.19,1623.51
75,28,3,1736.48,2260.43,319.429,530.26
75,29,3,1231.2,1291.88,0.0630999,31.6857
76,1,0,1010.1,1069.9,129.663,258.029
76,4,3,926.154,1038.46,50.4808,143.077
76,6,3,198.75,1175,920.554,1920
76,7,3,1007.02,1092.98,27.7824,98.5637
76,21,3,1239.71,1363.37,122.957,242.236
76,25,0,401.058,608.942,225.144,400.24
76,26,0,1332.17,1500.26,1005.56,1618.44
76,28,3,1700.35,2269.62,316.607,531.256
76,29,3,1229.21,1290.79,0.153244,33.3984
77,1,0,1009.88,1070.12,130.096,257.885
77,4,3,926.058,1038.56,50.625,142.933
77,6,3,198.75,1175,920.993,1920
77,7,3,1006.8,1093.2,28.4315,98.3474
77,21,3,1240.24,1364.38,119.964,235.709
77,23,0,444.904,565.096,191.178,339.591
77,25,0,315.962,529.423,229.038,400.385
77,26,0,1335.23,1495.54,1005.03,1622.11
77,28,3,1669.38,2204.68,320.364,535.563
77,29,3,1229.76,1288.7,0,37.2296
78,1,0,1009.59,1070.41,130.24,258.029
78,4,3,925.817,1038.8,50.8413,142.716
78,6,3,198.75,1175,920.994,1920
78,7,3,1006.44,1093.56,28.774,97.9327
78,21,3,1243.32,1364.38,117.188,229.543
78,23,0,409.327,543.75,196.442,345.865
78,25,0,256.25,464.904,233.582,402.764
78,26,0,1329.05,1492.48,1006.72,1617.81
78,28,3,1637.47,2179.73,321.02,534.884
78,29,3,1229.33,1289.13,0.108173,38.113
79,1,0,1010.58,1070.96,130.096,257.596
79,4,3,925.962,1038.65,50.6971,143.005
79,6,3,198.75,1176.25,921.625,1920
79,7,3,1007.09,1092.91,27.9087,98.5817
79,9,4,1874.46,1910.16,177.837,311.394
79,21,3,1244.52,1363.17,113.221,225.721
79,23,0,381.683,516.779,201.13,359.062
79,25,0,183.942,399.904,222.692,403.269
79,26,0,1330.23,1484.17,1011.36,1610.04
79,28,3,1601.16,2168.34,323.417,536.37
79,29,3,1230.82,1289.18,0.162259,39.2849
79,31,3,2.01923,121.827,311.106,520.817
80,1,0,1010.1,1069.9,131.971,257.452
80,4,3,924.375,1040.24,50.1562,145.709
80,6,3,198.438,1173.75,919.845,1920
80,7,3,1007.55,1093.99,28.3413,98.149
80,9,4,1874.46,1910.16,177.837,311.394
80,21,3,1245.29,1362.4,109.579,220.998
80,23,0,328.702,482.067,202.067,359.856
80,25,0,108.654,313.654,221.611,407.812
80,26,0,1324.59,1486.91,1008.06,1610.27
80,28,3,1567.72,2107.87,324.956,540.419
80,29,3,1223.65,1285.58,0.162259,40.7993
80,31,3,0,168.846,311.538,527.308
81,1,0,1009.98,1070.02,132.873,257.127
81,4,3,924.327,1040.29,50.0841,145.637
81,6,3,198.438,1176.25,920.564,1920
81,7,3,1007.43,1094.11,28.2332,98.0409
81,21,3,1246.73,1362.5,107.416,215.661
81,23,0,297.404,449.904,203.87,363.245
81,25,0,69.0385,251.731,224.856,404.567
81,26,0,1319,1482.99,1016.58,1612.35
81,28,3,1534.47,2079.52,325.659,542.415
81,29,3,1224.38,1284.86,0.342548,41.6286
81,31,3,0,195.903,305.685,537.345
82,1,0,1010.36,1069.64,131.899,257.524
82,4,3,926.154,1038.46,51.238,143.474
82,6,3,197.5,1176.25,921.415,1920
82,7,3,1007.84,1093.7,27.7825,98.4195
82,21,3,1248.37,1363.94,102.079,212.344
82,23,0,259.423,419.808,201.13,365.697
82,25,0,23.2212,185.048,225.938,388.486
82,26,0,1316.96,1478.48,1018.71,1611.58
82,28,3,1503.36,2052.96,327.389,543.062
82,29,3,1225.53,1286.78,0.95553,42.7103
82,31,3,0,229.515,309.842,540.487
83,1,0,1010.72,1070.82,130.745,257.524
83,4,3,926.154,1038.46,51.2019,143.51
83,6,3,196.875,1176.88,922.196,1920
83,7,3,1006.8,1093.2,27.6923,98.5096
83,21,3,1250.48,1363.37,99.2308,209.135
83,23,0,212.115,373.269,212.38,368.87
83,25,0,23.2212,185.048,225.938,388.486
83,26,0,1313.44,1481.52,1016.82,1609.1
83,28,3,1464.96,1993.98,326.933,548.856
83,29,3,1223.99,1286.78,1.28005,43.8281
83,31,3,0,269.5,315.376,547.263
83,32,0,2027.03,2355.85,1648.02,1920
84,1,0,1010.94,1070.6,130.168,257.236
84,4,3,924.375,1040.24,49.976,145.889
84,6,3,196.875,1176.88,922.488,1920
84,7,3,1008.17,1093.37,27.1334,98.7079
84,21,3,1251.68,1362.16,92.3798,200.409
84,23,0,178.077,340,212.163,370.529
84,26,0,1313.71,1481.55,1015.64,1610.82
84,28,3,1427.16,1965.87,325.545,553.258
84,29,3,1218.7,1282.84,1.04567,45.0721
84,31,3,0,298.626,316.773,552.49
84,32,0,1996.88,2361.65,1631.36,1918.86
85,1,0,1011.3,1070.24,130.637,257.055
85,4,3,925.962,1038.65,51.4183,143.726
85,6,3,196.875,1176.88,922.991,1920
85,7,3,1008.32,1093.22,27.2776,98.6358
85,21,3,1257.5,1356.35,94.5072,195.541
85,23,0,145.385,309.615,214.038,367.212
85,26,0,1315.68,1482.91,1017.48,1613.25
85,28,3,1400,1961.26,324.154,556.925
85,29,3,1217.55,1283.99,0.144231,45.8654
85,31,3,0,317.712,328.169,562.052
85,32,0,1996.81,2364.53,1615.35,1917.8
86,1,0,1011.49,1070.05,130.204,256.911
86,4,3,926.154,1038.46,51.3101,143.546
86,6,3,196.25,1177.5,923.804,1920
86,7,3,1008.15,1093.39,27.2596,98.6539
86,21,3,1258.03,1357.36,86.9712,187.356
86,23,0,95.4808,254.327,216.779,365.625
86,26,0,1318.13,1484.3,1012.8,1617.36
86,28,3,1356.03,1930.04,331.457,564.228
86,29,3,1217.55,1285.53,1.55048,49.8678
86,31,3,0,356.51,326.469,569.164
86,32,0,1949.53,2347.82,1601.11,1916.26
87,1,0,1011.44,1070.1,129.663,257.163
87,4,3,926.25,1038.37,51.1298,143.582
87,6,3,196.875,1175.62,922.213,1920
87,7,3,1008.1,1091.9,26.899,98.726
87,9,4,1893.85,1940,189.88,340.889
87,21,3,1258.37,1357.02,84.1226,184.724
87,23,0,65.0962,213.942,227.596,353.942
87,26,0,1316.71,1482.75,1016.4,1615.67
87,28,3,1328.58,1891.48,327.737,571.605
87,29,3,1215.91,1282.55,1.13582,52.8786
87,31,3,0,378.284,330.992,575.837
87,32,0,1951.45,2344.09,1596.4,1917.33
88,1,0,1011.13,1070.41,129.303,256.947
88,4,3,926.298,1038.32,50.9495,143.618
88,6,3,196.25,1176.25,922.98,1920
88,7,3,1009.28,1092.26,27.2957,98.4736
88,9,4,1893.85,1940,189.88,340.889
88,21,3,1260,1358.46,82.2476,182.127
88,23,0,65.0962,213.942,227.596,353.942
88,26,0,1321.07,1483.27,1015.48,1614.75
88,28,3,1301.01,1858.45,331.33,576.025
88,29,3,1217.88,1283.65,1.22596,53.6178
88,31,3,0,395.871,332.909,581.125
88,32,0,1947.44,2340.41,1593.28,1919.38
89,1,0,1011.71,1069.83,129.519,257.019
89,4,3,924.087,1040.53,49.7957,145.349
89,6,3,192.812,1177.5,924.26,1920
89,7,3,1010.12,1089.88,27.512,98.113
89,21,3,1260.43,1358.03,79.1827,174.952
89,26,0,1320.86,1483.1,1013.1,1614.71
89,28,3,1254.71,1818.85,331.517,580.355
89,29,3,1214.86,1280.53,2.30769,59.0264
89,31,3,0,414.412,336.258,596.512
89,32,0,1947.32,2339.24,1598.72,1920
90,1,0,1011.32,1070.22,129.014,257.236
90,4,3,923.75,1040.87,49.5433,145.457
90,6,3,192.812,1177.5,924.016,1920
90,7,3,1008.7,1091.3,27.4399,98.4736
90,21,3,1262.98,1358.56,76.875,172.5
90,26,0,1318.71,1482.06,1013.98,1615
90,28,3,1220.25,1793.98,333.912,585.56
90,29,3,1215.65,1281.27,2.97476,60.2344
90,31,3,3.65004,433.851,338.155,606.426
90,32,0,1951.18,2342.34,1605.87,1920
91,1,0,1011.54,1070,128.906,257.344
91,4,3,924.183,1040.43,49.5793,145.421
91,6,3,191.875,1178.12,925.05,1920
91,7,3,1009.52,1090.48,27.0793,98.4014
91,9,4,1906.86,1951.6,187.139,346.514
91,21,3,1262.16,1359.38,75.649,169.255
91,26,0,1318.31,1483.47,1012.28,1612.72
91,28,3,1198.68,1763.66,334.299,589.239
91,29,3,1212.26,1280.05,3.94832,61.0276
91,31,3,4.1424,447.661,346.501,614.314
91,32,0,1950.45,2339.61,1609.42,1920
91,33,0,349.038,564.808,246.274,441.995
92,1,0,1011.44,1070.1,128.69,257.56
92,4,3,924.038,1040.58,49.6154,145.385
92,6,3,193.125,1178.12,925.248,1920
92,7,3,1009.83,1090.17,27.3498,98.5637
92,9,4,1906.86,1951.6,187.139,346.514
92,21,3,1263.12,1358.41,71.5385,166.587
92,26,0,1317.92,1484.61,1010.24,1610.68
92,28,3,1156.01,1731.71,340.247,596.827
92,29,3,1211.3,1279.47,4.99399,62.1094
92,31,3,5.28122,459.775,354.447,624.096
92,32,0,2004,2375.69,1648.48,1918.8
92,33,0,465.481,685.288,248.87,442.861
93,1,0,1010.67,1070.87,127.788,257.885
93,4,3,923.99,1040.62,49.5433,145.745
93,6,3,192.188,1177.5,925.352,1920
93,7,3,1008.7,1089.76,27.2596,98.726
93,21,3,1264.81,1358.27,70.0601,162.873
93,26,0,1318.82,1482.53,1014.67,1608.12
93,28,3,1129.44,1709.08,340.19,600.19
93,29,3,1211.01,1281.3,6.79687,63.2632
93,31,3,18.3935,464.859,361.53,635.501
93,32,0,2013.71,2371.69,1658.35,1915.75
93,33,0,557.308,775.769,244.688,444.159
94,1,0,1010.7,1070.84,128.221,257.74
94,4,3,923.798,1040.82,49.7596,145.529
94,6,3,192.188,1178.75,924.889,1920
94,7,3,1007.93,1090.53,27.1334,98.7801
94,21,3,1263.51,1359.57,66.6707,159.627
94,26,0,1318.63,1481.22,1015.13,1608.29
94,28,3,1105.63,1684.71,344.888,606.289
94,29,3,1214.16,1281.23,8.14904,69.0144
94,31,3,40.3561,466.637,367.152,647.073
94,32,0,2024.9,2378.28,1674.73,1917.08
94,33,0,651.442,874.712,249.303,446.466
95,1,0,1011.3,1070.24,129.7,257.704
95,4,3,925.481,1039.13,51.6346,143.51
95,6,3,192.5,1178.75,924.235,1920
95,7,3,1007.12,1091.35,27.53,98.2392
95,21,3,1267.16,1358.99,66.1659,158.834
95,26,0,1318.97,1479.08,1019.34,1607.02
95,28,3,1075.02,1650.29,348.857,612.759
95,29,3,1211.78,1280.53,7.95072,68.9243
95,31,3,58.7235,468.049,378.088,666.683
95,32,0,2027.28,2377.06,1678.56,1917.76
95,33,0,779.519,1005.1,251.899,447.909
96,1,0,1011.32,1071.75,129.159,260.841
96,4,3,923.942,1040.67,49.9038,145.24
96,6,3,193.438,1177.5,923.442,1920
96,7,3,1007.91,1090.55,27.1875,98.5817
96,21,3,1271.15,1356.54,63.75,152.596
96,26,0,1320.02,1481.39,1018.12,1608.1
96,28,3,1045.92,1626.69,352.787,616.045
96,29,3,1209.18,1280.05,8.49159,71.1238
96,31,3,72.4799,465.404,386.619,681.589
96,32,0,2027.28,2377.06,1678.56,1917.76
96,33,0,877.019,1104.52,248.582,451.226
97,1,0,1011.61,1071.47,127.356,259.76
97,4,3,924.135,1040.48,49.1827,145.096
97,6,3,194.375,1176.88,923.283,1920
97,7,3,1008.12,1090.34,26.4664,98.726
97,21,3,1271.51,1356.18,63.2452,150.793
97,26,0,1321.23,1486.71,1014.57,1608.01
97,28,3,1018.54,1606.6,352.824,620.653
97,29,3,1206.11,1278.51,7.31971,73.0168
97,31,3,80.7947,462.701,393.325,696.324
97,33,0,970.962,1181.35,255.433,448.99
97,36,0,1556.63,1781.83,249.447,440.553
98,1,0,1010.41,1071.13,128.005,257.957
98,4,3,923.99,1040.62,49.8317,145.745
98,6,3,194.062,1177.5,923.669,1919.6
98,7,3,1007.84,1090.63,28.125,98.2211
98,21,3,1272.31,1356.92,59.351,145.312
98,26,0,1323.9,1483.12,1017.79,1607.48
98,28,3,988.883,1577.08,361.822,625.579
98,29,3,1203.8,1279.28,9.39303,73.6118
98,31,3,96.4496,454.08,404.06,718.706
98,33,0,1109.04,1330.96,256.587,422.452
98,36,0,1427.98,1636.63,252.548,429.952
99,1,0,1010.62,1070.91,129.014,257.236
99,4,3,924.038,1040.58,49.9399,145.781
99,6,3,194.688,1176.25,921.585,1920
99,7,3,1008.1,1091.9,28.2873,98.2031
99,21,3,1272.79,1357.98,58.774,143.149
99,26,0,1322.8,1481.82,1019.4,1605.36
99,28,3,960.659,1550.15,357.973,633.756
99,29,3,1202.57,1277.43,10.3846,76.9471
99,31,3,95.3444,448.291,411.567,734.699
99,32,0,2022.62,2370.85,1653.52,1914.45
99,33,0,1244.38,1367.93,262.644,374.279
99,36,0,1346.01,1523.22,244.183,407.74
100,1,0,1010.89,1070.65,128.906,256.767
100,4,3,924.183,1040.43,50.0481,145.962
100,6,3,194.375,1175.62,918.847,1920
100,7,3,1007.84,1090.63,27.9627,98.2392
100,21,3,1272.16,1360.14,55.5288,142.067
100,26,0,1317.51,1483.27,1020.92,1612.63
100,28,3,933.293,1528.13,359.824,640.019
100,29,3,1199.95,1276.97,11.0337,79.2548
100,31,3,84.3505,441.022,418.646,755.677
100,32,0,2036.73,2347.93,1599.11,1920
100,33,0,1340.58,1545.58,287.091,464.639
100,36,0,1197.69,1385.38,242.019,374.135
101,1,0,1010.02,1071.51,129.772,257.055
101,4,3,923.798,1040.82,49.976,145.457
101,6,3,194.375,1176.88,922.062,1919.52
101,7,3,1007.91,1090.55,27.4399,98.6899
101,21,3,1275.34,1361.59,55.3846,137.308
101,26,0,1318.37,1482.24,1022.97,1608.93
101,28,3,897.217,1487.43,371.004,643.973
101,29,3,1195.96,1274.81,9.80769,76.9471
101,31,3,60.2744,428.537,438.717,776.902
101,32,0,2036.54,2352.41,1599.29,1920
101,33,0,1454.33,1681.06,276.346,482.885
101,36,0,1030.1,1266.83,235.024,397.284
102,1,0,1010.6,1070.94,127.861,256.082
102,4,3,923.99,1040.62,50.4808,145.385
102,6,3,195.312,1175,921.535,1920
102,7,3,1006.49,1091.97,28.0349,97.9507
102,21,3,1276.15,1362.31,50.9856,132.62
102,26,0,1310.27,1486.42,1015.71,1614.98
102,28,3,872.009,1470.78,371.666,650.291
102,29,3,1196.97,1275.34,13.5397,78.4074
102,31,3,42.1376,416.382,449.847,803.226
102,32,0,2002.98,2376.67,1606.46,1918.5
102,33,0,1561.89,1792.8,275.333,492.958
102,36,0,917.212,1144.33,234.736,406.803
103,1,0,1010.26,1071.27,128.69,261.022
103,4,3,929.183,1044.66,47.7043,145.853
103,6,3,194.375,1175.62,923.303,1920
103,7,3,1006.2,1090.72,27.5301,99.2488
103,21,3,1277.69,1363.85,48.8942,132.404
103,26,0,1318.93,1485.34,1019.78,1617.88
103,28,3,850.69,1433.17,369.58,657.05
103,29,3,1194.18,1273.51,14.6034,80.5168
103,31,3,13.5769,406.453,462.884,821.564
103,32,0,2004.49,2377.55,1605.97,1918.16
103,33,0,1664.44,1900.71,288.387,498.596
103,36,0,803.75,1022.4,231.779,410.337
104,1,0,1009.9,1073.17,128.726,258.389
104,4,3,924.327,1040.29,48.4615,146.394
104,6,3,190.312,1177.5,927.419,1920
104,7,3,1008.15,1093.39,25.9435,99.1046
104,21,3,1280.46,1365.7,45.9736,126.671
104,26,0,1316.87,1486.49,1017.96,1623.11
104,28,3,807.104,1403.1,374.267,674.504
104,29,3,1192.48,1273.68,13.0529,80.9856
104,31,3,3.64225,395.943,480.926,855.628
104,32,0,2002.46,2381.31,1607.59,1917.66
104,33,0,1813.25,2033.45,296.26,512.93
104,36,0,649.712,868.75,230.625,412.067
105,1,0,1009.35,1072.19,128.005,258.245
105,4,3,923.413,1039.66,48.8942,146.683
105,6,3,190.625,1176.88,926.227,1920
105,7,3,1007.09,1092.91,26.7188,98.9062
105,21,3,1281.8,1365.89,44.6755,124.796
105,26,0,1313.22,1484.79,1017.67,1626.38
105,28,3,773.204,1384.08,385.294,677.327
105,29,3,1187.36,1269.57,17.7043,83.1851
105,31,3,3.11823,394.176,491.91,888.062
105,32,0,2008.25,2381.22,1607.34,1918.47
105,33,0,1946.25,2146.06,320.841,518.582
105,36,0,534.327,754.904,227.957,414.736
106,1,0,1010.75,1072.33,128.329,258.209
106,4,3,923.798,1039.28,49.0385,146.827
106,6,3,189.688,1176.25,928.274,1920
106,7,3,1007.55,1092.45,26.9351,98.2572
106,21,3,1281.23,1366.47,43.8822,123.281
106,26,0,1313.48,1484,1019.51,1625.55
106,28,3,754.546,1354.05,386.33,690.032
106,29,3,1185.38,1271.54,19.7776,83.5637
106,31,3,2.39136,379.203,505.407,913.734
106,32,0,2001.17,2373.32,1610.08,1918.94
106,33,0,1946.25,2146.06,320.841,518.582
106,36,0,420.192,638.269,228.75,408.173
107,1,0,1009.88,1071.66,128.87,257.957
107,4,3,923.702,1039.38,49.2909,146.863
107,6,3,192.5,1175,928.077,1920
107,7,3,1007.5,1092.5,27.4219,97.9868
107,21,3,1286.27,1366.03,41.6106,120.361
107,26,0,1313.44,1486.9,1017.66,1627.56
107,28,3,712.198,1325.32,390.591,699.831
107,29,3,1186.59,1268.8,19.8858,85.0421
107,31,3,0.240345,364.694,535.357,948.689
107,32,0,2052.72,2352.74,1606.09,1920
107,36,0,273.462,483.846,226.731,410.769
108,1,0,1010.1,1071.44,130.06,257.344
108,4,3,924.327,1040.29,49.6514,146.791
108,6,3,193.125,1175.62,928.468,1920
108,7,3,1008.53,1091.47,27.9447,97.1034
108,21,3,1286.44,1365.87,42.4038,118.269
108,26,0,1313.37,1487.21,1017.3,1626
108,28,3,688.978,1290.83,392.614,704.355
108,29,3,1185.7,1266.61,19.9219,85.7272
108,31,3,0,356.32,548.628,983.227
108,32,0,2045.94,2351.64,1609.58,1920
108,36,0,159.808,372.5,236.538,414.231
109,1,0,1009.93,1071.61,130.276,257.416
109,4,3,923.894,1039.18,49.0745,146.935
109,6,3,193.125,1174.38,927.222,1920
109,7,3,1009.28,1092.26,27.0252,97.2296
109,21,3,1288.7,1365.14,39.6635,113.51
109,26,0,1314.7,1486.68,1016.89,1626.19
109,28,3,656.874,1265.22,401.872,711.036
109,29,3,1183.89,1263.8,18.6779,84.4471
109,31,3,0,340.705,571.648,1014.98
109,32,0,2045.29,2352.5,1609.12,1920
109,36,0,52.5,257.115,236.611,414.736
110,1,0,1010.53,1071.01,129.7,257.704
110,4,3,924.038,1039.04,49.1827,146.971
110,6,3,191.562,1176.25,932.94,1920
110,7,3,1009.62,1091.92,26.7728,96.5445
110,21,3,1288.94,1364.9,39.4832,111.094
110,26,0,1317.49,1486.07,1016.87,1625.58
110,28,3,615.521,1230.14,412.047,731.532
110,29,3,1183.27,1264.42,22.6082,87.0793
110,31,3,0,317.012,599.921,1064.7
110,32,0,2046.83,2351.79,1608.69,1920
110,36,0,0.480771,108.462,232.067,415.817
111,1,0,1010.87,1070.67,130.096,257.885
111,4,3,924.567,1040.05,49.5072,146.791
111,6,3,190.625,1176.88,932.735,1920
111,7,3,1009.59,1091.95,27.3678,96.7428
111,21,3,1286.88,1366.97,36.7067,106.803
111,26,0,1316.43,1485.63,1017.52,1625.04
111,28,3,583.652,1196.62,411.97,737.001
111,29,3,1182.36,1263.8,19.381,87.6382
111,31,3,0.18013,298.803,619.285,1112.23
111,32,0,2009.89,2379.6,1612.76,1918.77
111,36,0,0.480771,108.462,232.067,415.817
112,1,0,1010.84,1070.7,129.844,257.849
112,4,3,923.894,1039.18,49.2909,146.863
112,6,3,189.688,1176.25,927.736,1920
112,7,3,1010.29,1092.79,26.9892,96.7608
112,21,3,1294.86,1368.22,32.488,109.291
112,26,0,1317.21,1483.5,1017.18,1624.99
112,28,3,533.294,1167.11,418.624,755.244
112,29,3,1181.35,1261.73,18.6599,88.2873
112,31,3,0,274.662,642.538,1164.34
112,32,0,2008.16,2376.24,1610.17,1920
113,1,0,1010.84,1070.7,129.159,257.957
113,4,3,923.99,1039.09,48.7861,147.224
113,6,3,189.688,1173.75,920.422,1920
113,7,3,1011.25,1093.37,26.1959,97.1214
113,21,3,1295.12,1367.96,28.1971,105.793
113,26,0,1315.29,1481.62,1019.05,1624.2
113,28,3,501.488,1120.02,427.451,774.417
113,29,3,1177.74,1263.8,22.9868,92.9026
113,31,3,0,245.832,677.892,1229.7
113,32,0,2004.4,2377.64,1612.27,1919.62
114,1,0,1010.79,1070.75,129.303,257.812
114,4,3,923.942,1039.13,48.9663,147.332
114,6,3,187.812,1172.5,917.603,1920
114,7,3,1011.01,1092.07,25.9976,97.3197
114,21,3,1296.44,1368.17,29.0625,104.639
114,26,0,1314.66,1482.75,1019.68,1623.65
114,28,3,467.909,1083.43,438.381,786.791
114,29,3,1174.23,1261.15,22.0312,91.1178
114,31,3,0.0430489,220.435,706.76,1282.51
114,32,0,2045.03,2351.48,1607.54,1920
114,41,0,1120.07,1147.62,26.3221,102.981
115,1,0,1010.38,1071.15,129.736,257.668
115,4,3,923.462,1039.62,49.399,147.332
115,6,3,186.562,1172.5,916.467,1920
115,7,3,1010.96,1092.12,26.1599,97.4459
115,21,3,1297.79,1365.29,27.4038,102.692
115,26,0,1315.79,1483.34,1017.74,1623.48
115,28,3,432.052,1054.68,442.59,805.321
115,29,3,1176.2,1260.72,25.1502,94.1286
115,31,3,0,195.667,744.121,1352.23
115,32,0,2009.78,2375.89,1611.01,1920
115,41,0,1115.06,1146.48,29.6394,106.226
116,1,0,1010.79,1070.75,130.385,257.308
116,4,3,923.462,1039.62,49.6875,147.332
116,6,3,188.125,1171.88,917.87,1920
116,7,3,1011.39,1090.14,26.4123,97.6262
116,21,3,1296.56,1366.51,26.5024,101.575
116,26,0,1315.85,1481.5,1018.6,1623.75
116,28,3,383.438,1015,453.604,826.767
116,29,3,1174.95,1257.36,27.1514,97.3918
116,31,3,0,160.487,779.627,1372.49
116,32,0,2008.27,2375.28,1612.65,1920
116,41,0,1113.63,1144.83,31.5144,108.101
117,1,0,1010.65,1070.89,130.132,257.56
117,4,3,923.413,1039.66,49.6154,147.26
117,6,3,189.375,1171.88,921.927,1920
117,7,3,1010.6,1090.94,26.5385,98.0048
117,21,3,1295.58,1367.5,26.5204,98.6719
117,26,0,1313.97,1485.88,1016.74,1624.86
117,28,3,344.062,982.5,462.287,842.717
117,29,3,1174.86,1257.45,27.4399,98.6178
117,31,3,0,121.82,799.809,1494.3
117,32,0,2010.17,2377.9,1613.4,1919.75
117,41,0,1110.04,1142.27,31.1899,109.002
118,1,0,1010.67,1070.87,129.988,257.704
118,4,3,923.606,1039.47,49.0385,147.404
118,6,3,190.312,1171.25,920.667,1920
118,7,3,1011.15,1091.92,25.9074,98.4916
118,21,3,1296.95,1366.13,26.5565,96.1839
118,26,0,1313.89,1487.06,1017.19,1624.12
118,28,3,326.875,942.5,472.836,862.858
118,29,3,1172.31,1256.92,27.8726,101.647
118,31,3,0,89.5177,830.829,1585.42
118,32,0,2009.44,2376.63,1613.09,1920
118,41,0,1108.17,1141.06,30.2885,111.058
119,1,0,1010.75,1070.79,130.745,256.947
119,4,3,924.231,1040.38,49.9399,145.781
119,6,3,192.188,1170,921.557,1920
119,7,3,1011.11,1088.89,28.0349,97.8065
119,21,3,1297.09,1365.99,24.3029,94.976
119,26,0,1315.41,1491.22,1024.34,1620.69
119,28,3,279.219,891.875,485.005,887.653
119,29,3,1169.38,1253.7,31.0637,102.999
119,31,3,0,89.5177,830.829,1585.42
119,32,0,2038.41,2348.17,1606.74,1920
119,41,0,1106.2,1138.41,33.6058,109.832
120,1,0,1010.99,1070.55,131.07,256.623
120,4,3,924.183,1040.43,49.7957,145.637
120,6,3,191.25,1171.25,921.178,1920
120,7,3,1012.24,1090.84,27.6382,98.2752
120,21,3,1297.69,1365.38,24.5373,93.8762
120,26,0,1314.65,1490.97,1028.52,1619.08
120,28,3,240.469,871.875,488.301,916.866
120,29,3,1168.97,1255.65,32.6142,105.559
120,32,0,2043.26,2347.62,1607.53,1920
120,41,0,1104.44,1134.03,35.5529,116.322
121,1,0,1010.94,1070.6,130.817,256.875
121,4,3,924.615,1038.46,51.2019,142.933
121,6,3,194.375,1170.62,921.066,1920
121,7,3,1010.6,1090.94,28.1971,98.2933
121,21,3,1297.12,1365.96,26.4844,90.9195
121,26,0,1319.57,1491.51,1027.54,1619.82
121,28,3,209.688,845,498.731,934.896
121,29,3,1168.39,1256.23,35.5889,108.786
121,32,0,2039.45,2336.25,1608.44,1920
121,41,0,1102.25,1131.6,35.5529,116.178
121,43,0,160.577,379.423,282.404,481.442
122,1,0,1010.62,1070.91,130.889,257.091
122,4,3,924.519,1040.1,49.4711,145.673
122,6,3,193.438,1171.25,918.767,1920
122,7,3,1011.63,1091.44,28.7019,97.0673
122,21,3,1296.13,1366.95,21.5264,87.9447
122,26,0,1318.95,1494.46,1023.86,1621.96
122,28,3,162.812,807.5,513.678,950.482
122,29,3,1166.63,1256.44,34.0385,110.697
122,32,0,2035.27,2334.33,1608.22,1920
122,41,0,1099.15,1130.08,38.5096,119.856
122,43,0,160.577,379.423,282.404,481.442
123,1,0,1010.43,1071.11,129.411,257.416
123,4,3,924.375,1040.24,48.75,145.385
123,6,3,191.875,1171.88,919.34,1920
123,7,3,1010.89,1090.65,27.8906,97.0132
123,21,3,1290.96,1362.88,22.1034,85.4207
123,26,0,1319.17,1493.44,1023.75,1622.43
123,28,3,126.875,778.125,525.924,969.444
123,29,3,1166.11,1256.97,36.274,115.168
123,32,0,2037.6,2337.83,1607.79,1920
123,41,0,1096.62,1127.99,38.9784,121.118
124,1,0,1010.82,1070.72,129.736,257.38
124,4,3,924.183,1040.43,48.6779,145.457
124,6,3,193.125,1171.88,917.404,1920
124,7,3,1012.09,1090.99,27.7644,96.851
124,21,3,1295.89,1365.65,19.7055,85.7993
124,26,0,1317.61,1492.82,1027.23,1620.09
124,28,3,96.25,751.875,536.118,994.864
124,29,3,1163.65,1256.35,40.3846,114.663
124,32,0,2034.24,2342.56,1608.07,1920
124,41,0,1095.34,1126.2,42.1875,121.226
124,45,0,520.385,751.923,284.495,483.966
125,1,0,1010.67,1070.87,130.06,257.344
125,4,3,924.087,1040.53,49.1106,145.601
125,6,3,191.25,1172.5,919.971,1920
125,7,3,1010.34,1089.66,27.53,95.643
125,21,3,1292.04,1361.8,18.101,82.4279
125,26,0,1318.59,1492.65,1026.65,1621.26
125,28,3,43.75,721.875,561.666,1023.11
125,29,3,1161.63,1256.83,39.6995,118.954
125,32,0,2040.28,2340.51,1610.66,1920
125,41,0,1091.11,1124.28,45.1803,124.724
125,45,0,675.577,907.5,279.952,487.356
126,1,0,1010.7,1070.84,128.401,258.426
126,4,3,924.327,1040.29,48.8942,145.24
126,6,3,192.812,1173.75,922.283,1920
126,7,3,1011.39,1093.22,26.25,95.625
126,21,3,1292.86,1360.99,15.5769,80.8414
126,26,0,1314.35,1493.37,1026.1,1621.28
126,28,3,7.1875,691.25,570.399,1055.55
126,29,3,1161.35,1255.58,40.9615,120.577
126,32,0,2034.69,2340.62,1610.69,1920
126,41,0,1091.75,1123.63,45.3245,127.752
126,45,0,785.192,1030.19,282.26,486.202
127,1,0,1011.59,1071.49,127.752,258.786
127,4,3,924.375,1040.24,48.7861,145.349
127,6,3,188.75,1175,925.472,1920
127,7,3,1010.72,1092.36,27.9627,95.5709
127,21,3,1292.93,1360.91,13.6659,80.3726
127,26,0,1313.48,1483.88,1025.96,1620.57
127,28,3,5.625,665.625,583.859,1076.1
127,29,3,1163,1255.46,44.2067,123.678
127,32,0,2044.63,2343.47,1614.31,1920
127,41,0,1088.56,1122.21,47.0192,129.663
127,45,0,909.712,1148.75,284.712,490.673
128,1,0,1012,1069.54,128.401,258.426
128,4,3,925.529,1037.55,50.6611,143.329
128,6,3,187.812,1177.5,924.287,1920
128,7,3,1012.12,1094.04,26.1058,95.4808
128,21,3,1293.46,1358.85,10.8714,77.5421
128,26,0,1305.36,1485.69,1037.26,1638.87
128,28,3,3.28125,631.25,604.301,1108.53
128,29,3,1159.25,1254.59,44.3149,124.002
128,32,0,2051.02,2335.2,1614.81,1920
128,41,0,1087.55,1120.14,47.7043,131.863
128,45,0,1069.18,1315.65,280.286,503.616
129,1,0,1011.13,1070.41,130.421,257.272
129,4,3,923.798,1039.28,49.2188,145.493
129,6,3,185,1176.25,920.237,1920
129,7,3,1012.12,1094.04,27.6562,96.5264
129,21,3,1294.25,1358.05,11.0337,74.351
129,26,0,1305.89,1475.12,1035.48,1613.48
129,28,3,2.03125,597.5,621.802,1132.4
129,29,3,1158.37,1253.94,44.8558,124.471
129,32,0,2047.57,2341.78,1613.38,1920
129,41,0,1086.05,1120.11,53.762,135.036
129,45,0,1190.77,1438.46,293.221,498.894
130,1,0,1011.3,1070.24,130.096,257.308
130,4,3,924.423,1038.65,48.8942,145.817
130,6,3,184.688,1175,916.327,1920
130,7,3,1012.28,1096.95,26.8449,96.6166
130,21,3,1295.38,1358.46,8.14904,73.3414
130,26,0,1305.31,1486.35,1034.83,1640.58
130,28,3,0,570.758,647.222,1163.63
130,29,3,1157.72,1253.05,45.5048,126.562
130,32,0,2040.91,2343.72,1612.06,1920
130,41,0,1086.02,1120.13,52.7163,136.803
130,45,0,1317.47,1566.56,292.569,513.082
131,1,0,1010.87,1070.67,130.312,257.38
131,4,3,925.096,1037.98,50.1563,142.536
131,6,3,186.562,1173.75,912.004,1920
131,7,3,1013.03,1094.66,25.5649,95.012
131,21,3,1293.41,1355.82,8.47356,70.2043
131,26,0,1272.1,1450.59,1025.06,1624.62
131,28,3,0.454712,534.451,662.117,1211.42
131,29,3,1155.67,1255.1,47.4519,129.808
131,32,0,2011.19,2375.25,1616.47,1920
131,41,0,1085.18,1120.97,57.1875,138.534
131,45,0,1487.77,1731.54,299.339,520.175
132,1,0,1010.6,1070.94,130.853,256.839
132,4,3,923.654,1039.42,48.8582,145.421
132,6,3,185,1173.75,912.78,1920
132,7,3,1011.39,1096.3,27.3678,96.0938
132,21,3,1291.2,1353.41,6.97716,70.5469
132,26,0,1308.25,1483.29,1038.57,1636.67
132,28,3,1.40051,505.745,672.823,1236.94
132,29,3,1156.42,1254.35,48.4976,131.358
132,32,0,2046.79,2345.49,1611.99,1920
132,41,0,1082.48,1119.06,57.7644,140.264
132,45,0,1607.23,1851.19,311.358,527.711
133,1,0,1010.84,1070.7,131.755,257.091
133,4,3,923.365,1039.71,48.8221,145.312
133,6,3,184.062,1175,913.513,1920
133,7,3,1010.82,1098.41,27.8906,97.5901
133,21,3,1295.6,1353.63,3.93029,67.4279
133,26,0,1275.45,1453.51,1025.11,1624.97
133,28,3,0,484.811,698.614,1276.18
133,29,3,1155.58,1255.19,48.8582,134.026
133,32,0,2039.43,2335.44,1612.32,1920
133,41,0,1081.48,1116.98,58.5577,143.221
133,45,0,1733.65,1961.73,322.356,523.99
134,1,0,1010.99,1070.55,133.45,256.839
134,4,3,923.51,1039.57,49.1466,146.286
134,6,3,184.062,1172.5,916.128,1920
134,7,3,1009.33,1093.75,27.8365,96.9952
134,21,3,1292.07,1351.01,3.58774,67.518
134,26,0,1304.98,1482.51,1025.66,1622.01
134,28,3,0.826283,435.492,717.547,1322.35
134,29,3,1155.96,1253.27,49.7236,136.334
134,32,0,2050.91,2349.68,1610.12,1920
134,41,0,1078.64,1115.2,60.5769,144.952
134,45,0,1907.31,2141.92,335.481,541.442
135,1,0,1011.15,1070.38,134.639,257.091
135,4,3,923.75,1040.87,49.1827,146.106
135,6,3,184.375,1170.62,915.219,1920
135,7,3,1009.28,1095.34,28.72,97.7704
135,21,3,1291.83,1349.71,3.26322,65.8954
135,26,0,1312.83,1487.61,1019.88,1625.62
135,28,3,0.809002,403.399,741.504,1355.65
135,29,3,1152.55,1253.61,51.4904,137.308
135,32,0,2049.4,2350.15,1612.38,1920
135,41,0,1076.79,1112.44,61.0457,144.339
135,45,0,1907.31,2141.92,335.481,541.442
136,1,0,1011.25,1070.29,133.305,256.983
136,4,3,927.163,1046.68,47.3798,144.736
136,6,3,183.75,1170,916.379,1920
136,7,3,1008.75,1091.25,28.5577,97.7885
136,21,3,1294.13,1350.48,2.70432,62.1995
136,26,0,1319.3,1489.08,1018.49,1626.31
136,28,3,0,379.287,760.818,1378.27
136,29,3,1152.31,1252.31,50.6971,139.976
136,32,0,2015.18,2377.92,1617.35,1920
136,41,0,1072.67,1110.41,61.0096,148.99
137,1,0,1011.54,1070,135,256.731
137,4,3,923.654,1040.96,48.7139,146.286
137,6,3,185,1170,920.897,1920
137,7,3,1009.9,1091.63,28.0168,97.2476
137,21,3,1291.59,1346.88,3.08293,59.8738
137,26,0,1320.98,1485.57,1014.36,1625.44
137,28,3,0,336.553,780.843,1422.11
137,29,3,1146.59,1251.88,55.637,140.373
137,32,0,2010.58,2373.93,1618.31,1919.83
137,41,0,1071.15,1107.31,63.3894,150.216
138,1,0,1011.63,1069.9,134.712,256.442
138,4,3,923.51,1041.11,48.6779,146.466
138,6,3,188.438,1170,922.552,1920
138,7,3,1009.83,1094.78,28.2332,98.2572
138,21,3,1291.9,1346.56,2.54207,57.2055
138,26,0,1321.72,1487.08,1014.12,1627.6
138,28,3,0,303.43,809.572,1384.33
138,29,3,1143.03,1250.82,57.0072,142.608
138,32,0,2015.45,2379.95,1616.7,1920
138,41,0,1065.38,1103.85,69.3029,155.841
139,1,0,1011.42,1070.12,134.135,256.154
139,4,3,927.74,1046.11,45.5769,145.817
139,6,3,189.688,1170,924.976,1920
139,7,3,1009.13,1095.48,28.107,98.0949
139,21,3,1291.49,1346.97,1.6226,57.0072
139,26,0,1320.25,1491.86,1013.89,1628.57
139,28,3,0,276.67,838.996,1448.06
139,29,3,1138.56,1247.6,58.2692,145.385
139,32,0,2004.73,2378.97,1616.41,1920
139,41,0,1065.43,1103.8,70.7452,158.293
140,1,0,1011.35,1070.19,135.469,256.262
140,4,3,927.5,1046.35,44.2788,145.962
140,6,3,189.688,1170,923.184,1920
140,7,3,1009.66,1091.87,29.6214,98.0228
140,21,3,1291.27,1345.65,3.11899,50.8954
140,26,0,1322.25,1489.47,1012.88,1631.17
140,28,3,0,231.576,882.574,1422.78
140,29,3,1131.73,1246.73,60.7933,146.322
140,32,0,2004.86,2377.19,1615.58,1920
140,41,0,1060.89,1100.65,72.7284,156.599
141,1,0,1010.96,1069.04,133.882,256.118
141,4,3,924.038,1040.58,48.5336,146.899
141,6,3,189.062,1171.25,922.435,1920
141,7,3,1009.21,1089.25,30.018,97.6262
141,21,3,1291.27,1345.65,3.11899,50.8954
141,26,0,1313.71,1492.12,1012.73,1628.61
141,28,3,0,203.051,893.471,1516.61
141,29,3,1129.66,1244.18,61.8029,149.351
141,32,0,1999,2375.72,1615.34,1920
141,41,0,1059.28,1099.18,73.5216,159.7
142,1,0,1010.96,1069.04,133.954,256.046
142,4,3,924.327,1040.29,48.3173,146.683
142,6,3,187.812,1171.25,921.05,1920
142,7,3,1008.44,1088.49,29.4411,99.7897
142,21,3,1288.25,1345.6,1.22596,46.5144
142,26,0,1313,1489.02,1017.88,1624.8
142,28,3,0,165.904,909.893,1552.82
142,29,3,1128.46,1240.77,63.2452,150.216
142,32,0,1996.33,2380.3,1616.51,1920
142,41,0,1057.58,1099.34,76.875,163.269
143,1,0,1011.2,1068.8,132.909,257.091
143,4,3,927.308,1046.54,43.5938,145.637
143,6,3,191.25,1168.75,920.948,1920
143,7,3,1007.19,1091.27,29.387,99.988
143,21,3,1288.25,1345.6,1.22596,46.5144
143,26,0,1318.95,1491.48,1013.07,1628.35
143,28,3,0,120.747,940.047,1653.09
143,29,3,1120,1235.38,63.75,155.048
143,32,0,1998.05,2380.04,1616.66,1920
143,41,0,1050.29,1091.25,74.0625,163.053
144,1,0,1010.84,1069.16,136.695,256.478
144,4,3,923.798,1040.82,48.101,146.322
144,6,3,194.688,1168.75,923.051,1920
144,7,3,1008,1088.92,28.8642,101.665
144,21,3,1287.26,1345.05,1.11779,44.4231
144,26,0,1317.63,1496.38,1015.78,1627.47
144,28,3,0,81.2834,962.348,1757.8
144,29,3,1114.95,1234.28,68.6539,154.76
144,32,0,2000.88,2378.43,1616.54,1920
144,41,0,1048.15,1088.77,84.0505,169.219
145,1,0,1011.49,1068.51,139.327,256.442
145,4,3,925.529,1049.86,44.0625,145.601
145,6,3,195.938,1168.75,922.775,1920
145,7,3,1007.19,1091.27,29.405,103.143
145,21,3,1287.26,1345.05,1.11779,44.4231
145,26,0,1313.92,1495.13,1015.81,1627.49
145,28,3,1.03573,46.3085,1013.73,1720.53
145,29,3,1111.73,1232.88,67.4639,159.411
145,32,0,1996.78,2375.71,1615.38,1920
145,41,0,1037.12,1078.27,79.2548,164.495
146,1,0,1010.89,1069.11,141.418,257.236
146,4,3,926.106,1049.28,44.7476,144.772
146,6,3,193.438,1166.25,924.612,1920
146,7,3,1006.06,1092.4,29.3149,105.397
146,26,0,1317.36,1492.87,1016.43,1626.92
146,28,3,1.03573,46.3085,1013.73,1720.53
146,29,3,1102.88,1229.42,68.4014,160.349
146,32,0,1998.47,2376.57,1616.11,1920
146,41,0,1036.23,1077.62,83.9423,168.606
147,1,0,1010.62,1069.38,139.615,257.019
147,4,3,925.529,1049.86,45.1442,144.231
147,6,3,194.688,1168.75,923.535,1920
147,7,3,1005.62,1092.84,29.6394,101.755
147,26,0,1319.15,1491.39,1020.05,1624.61
147,29,3,1098.32,1226.3,70.7812,162.728
147,32,0,2000.91,2374.06,1615.03,1920
147,41,0,1035.65,1078.2,79.7236,161.863
148,1,0,1011.3,1070.24,138.606,257.163
148,4,3,925.529,1049.86,44.9639,144.411
148,6,3,194.062,1170,924.38,1920
148,7,3,1007.98,1090.48,30.0361,103.233
148,26,0,1320.96,1489.74,1021.48,1620.75
148,29,3,1090.29,1223.56,72.0433,163.053
148,32,0,2004.98,2375.31,1614.56,1920
148,41,0,1032.31,1075.38,78.6779,161.755
