42.0,78.0,0.0,1940.95,2189.35,1449.72,1919.06
43.0,78.0,0.0,1950.34,2202.23,1412.35,1919.21
44.0,78.0,0.0,1954.54,2195.0,1372.0,1912.21
45.0,78.0,0.0,1963.88,2190.96,1308.56,1863.88
46.0,78.0,0.0,1967.07,2191.59,1274.78,1810.78
47.0,78.0,0.0,1972.03,2193.69,1224.76,1745.8
48.0,78.0,0.0,1977.53,2186.96,1195.12,1703.59
49.0,78.0,0.0,1977.69,2186.27,1160.62,1668.34
50.0,78.0,0.0,1984.97,2192.89,1116.21,1607.11
51.0,78.0,0.0,1983.39,2194.9,1087.88,1564.96
52.0,78.0,0.0,1991.36,2192.96,1047.51,1521.45
53.0,78.0,0.0,1990.67,2193.41,1022.48,1481.51
54.0,78.0,0.0,1996.29,2188.58,996.698,1457.52
55.0,78.0,0.0,1998.38,2188.43,970.231,1404.67
56.0,78.0,0.0,2002.06,2184.78,941.066,1377.37
57.0,78.0,0.0,2001.92,2183.27,912.415,1334.36
58.0,78.0,0.0,2005.02,2186.9,894.796,1303.31
59.0,78.0,0.0,2007.72,2181.82,869.121,1278.89
60.0,78.0,0.0,2007.4,2182.09,844.704,1241.52
61.0,78.0,0.0,2009.91,2183.25,824.628,1218.41
62.0,78.0,0.0,2012.48,2180.28,799.088,1185.2
63.0,78.0,0.0,2013.91,2174.57,780.148,1160.65
64.0,78.0,0.0,2015.55,2177.79,766.846,1139.15
65.0,78.0,0.0,2019.51,2175.2,740.295,1111.46
66.0,78.0,0.0,2017.92,2168.81,723.351,1081.75
67.0,78.0,0.0,2019.75,2168.41,704.834,1052.47
68.0,78.0,0.0,2021.54,2168.5,691.666,1040.74
69.0,78.0,0.0,2022.3,2164.25,673.003,1019.18
70.0,78.0,0.0,2020.58,2165.9,656.807,994.859
71.0,78.0,0.0,2020.26,2161.08,646.112,970.818
72.0,78.0,0.0,2020.23,2162.01,622.944,953.166
73.0,78.0,0.0,2020.26,2158.12,612.303,933.853
74.0,78.0,0.0,2022.32,2152.75,598.858,916.274
75.0,78.0,0.0,2022.24,2150.58,584.306,900.176
76.0,78.0,0.0,2017.76,2146.73,573.547,878.356
77.0,78.0,0.0,2021.97,2138.03,562.788,852.981
78.0,78.0,0.0,2022.12,2140.96,548.798,839.279
79.0,78.0,0.0,2020.72,2139.28,534.519,831.635
80.0,78.0,0.0,2018.51,2135.34,524.495,810.505
81.0,78.0,0.0,2022.02,2137.98,512.091,799.832
82.0,78.0,0.0,2019.47,2137.45,499.327,779.135
83.0,78.0,0.0,2020.48,2133.37,495.144,766.01
84.0,78.0,0.0,2019.76,2134.09,481.37,756.707
85.0,78.0,0.0,2019.13,2128.56,470.625,738.606
86.0,78.0,0.0,2015.19,2129.42,458.149,720.505
87.0,78.0,0.0,2015.24,2129.38,448.269,714.808
88.0,78.0,0.0,2017.16,2130.53,441.779,702.26
89.0,78.0,0.0,2011.59,2120.72,434.135,688.558
90.0,78.0,0.0,2016.35,2128.27,423.75,677.596
91.0,78.0,0.0,2018.85,2125.77,415.457,666.851
92.0,78.0,0.0,2012.64,2119.66,408.317,652.067
93.0,78.0,0.0,2012.07,2120.24,403.486,640.745
94.0,78.0,0.0,2013.41,2118.89,395.986,628.63
95.0,78.0,0.0,2014.33,2117.98,388.846,618.462
96.0,78.0,0.0,2021.25,2126.44,376.731,612.692
97.0,78.0,0.0,2017.31,2127.31,363.245,594.447
98.0,78.0,0.0,2018.94,2125.67,362.668,591.562
99.0,78.0,0.0,2014.33,2117.98,360.216,581.322
100.0,78.0,0.0,2024.71,2126.06,351.058,571.442
101.0,78.0,0.0,2027.84,2126.01,345.433,566.683
102.0,78.0,0.0,2031.39,2128.61,335.12,547.572
103.0,78.0,0.0,2032.26,2127.74,333.966,545.264
104.0,78.0,0.0,2032.98,2127.02,329.279,540.144
105.0,78.0,0.0,2034.54,2128.53,320.048,532.644
106.0,78.0,0.0,2033.89,2129.18,313.053,526.947
107.0,78.0,0.0,2039.01,2133.29,307.716,518.438
108.0,78.0,0.0,2038.25,2134.06,302.452,506.394
109.0,78.0,0.0,2040.65,2131.66,302.019,501.635
110.0,78.0,0.0,2042.98,2129.33,295.096,491.827
111.0,78.0,0.0,2043.7,2131.68,289.038,488.077
112.0,78.0,0.0,2043.08,2138.46,280.529,482.74
113.0,78.0,0.0,2047.69,2136.92,277.356,476.683
114.0,78.0,0.0,2051.11,2136.59,275.986,471.13
115.0,78.0,0.0,2054.18,2139.66,267.764,462.043
116.0,78.0,0.0,2054.33,2139.52,266.971,456.49
117.0,78.0,0.0,2052.62,2138.15,264.231,448.269
118.0,78.0,0.0,2056.13,2137.72,257.596,444.519
119.0,78.0,0.0,2057.19,2139.74,254.567,439.471
120.0,78.0,0.0,2057.98,2138.94,249.447,430.745
121.0,78.0,0.0,2058.87,2134.98,246.49,427.933
122.0,78.0,0.0,2060.05,2136.88,242.596,417.981
123.0,78.0,0.0,2061.06,2138.94,240.216,415.168
124.0,78.0,0.0,2060.67,2139.33,240.216,409.976
125.0,78.0,0.0,2062.98,2140.1,231.851,402.188
126.0,78.0,0.0,2062.0,2138.0,229.111,397.428
127.0,78.0,0.0,2063.53,2139.54,224.784,393.101
128.0,78.0,0.0,2065.26,2137.81,219.303,386.466
129.0,78.0,0.0,2064.66,2138.41,213.606,384.087
130.0,78.0,0.0,2068.39,2140.84,211.731,375.577
131.0,78.0,0.0,2069.59,2142.72,211.154,372.981
132.0,78.0,0.0,2071.15,2144.23,208.341,369.736
133.0,78.0,0.0,2071.88,2146.59,206.971,365.625
134.0,78.0,0.0,2072.72,2145.75,203.005,360.938
135.0,78.0,0.0,2072.84,2145.62,197.596,357.115
136.0,78.0,0.0,2074.38,2147.16,195.288,354.519
137.0,78.0,0.0,2078.39,2149.3,191.971,348.317
138.0,78.0,0.0,2079.74,2151.03,190.385,343.558
139.0,78.0,0.0,2078.41,2152.36,188.438,340.024
140.0,78.0,0.0,2084.04,2159.04,180.433,334.183
141.0,78.0,0.0,2086.18,2156.9,176.971,333.894
142.0,78.0,0.0,2087.81,2161.42,176.683,330.433
143.0,78.0,0.0,2087.52,2161.71,170.048,325.24
144.0,78.0,0.0,2090.99,2164.4,168.534,320.986
145.0,78.0,0.0,2094.66,2166.88,166.587,316.875
146.0,78.0,0.0,2095.14,2169.47,162.837,313.99
147.0,78.0,0.0,2098.49,2166.13,160.096,308.942
148.0,78.0,0.0,2098.2,2166.42,158.582,305.264
