2.0,3.0,5.0,8.125,1052.5,775.388,1920.0
2.0,4.0,3.0,1204.45,1558.0,102.78,344.109
2.0,7.0,3.0,2004.81,2293.65,0.180287,134.099
2.0,8.0,3.0,700.407,1215.58,731.113,1274.15
2.0,9.0,0.0,1508.65,1625.19,0.612981,118.882
2.0,11.0,3.0,1123.96,1476.65,20.1312,218.746
3.0,3.0,5.0,8.4375,1048.75,777.011,1920.0
3.0,4.0,3.0,1158.73,1526.09,103.503,353.483
3.0,7.0,3.0,1980.38,2287.31,1.00962,136.154
3.0,8.0,3.0,704.911,1215.7,724.183,1266.29
3.0,9.0,0.0,1456.11,1580.82,2.1274,121.623
4.0,3.0,5.0,7.5,1052.5,777.158,1920.0
4.0,4.0,3.0,1126.15,1482.47,109.67,367.821
4.0,7.0,3.0,1942.88,2254.04,0.0,144.447
4.0,8.0,3.0,702.917,1214.7,724.111,1264.64
4.0,9.0,0.0,1412.98,1528.56,1.80289,132.188
4.0,17.0,0.0,1777.55,1874.76,0.973556,81.0938
5.0,3.0,5.0,5.9375,1050.0,777.318,1920.0
5.0,4.0,3.0,1064.77,1443.24,121.914,381.645
5.0,7.0,3.0,1899.04,2224.04,0.0,159.087
5.0,8.0,3.0,701.112,1214.15,727.994,1266.81
5.0,9.0,0.0,1412.98,1528.56,1.80289,132.188
5.0,17.0,0.0,1728.37,1828.56,0.0,88.0889
6.0,3.0,5.0,5.625,1054.38,780.478,1920.0
6.0,4.0,3.0,1024.26,1404.02,135.507,392.086
6.0,7.0,3.0,1878.37,2201.63,0.0,162.692
6.0,8.0,3.0,701.773,1215.06,728.891,1267.7
6.0,17.0,0.0,1690.26,1783.58,0.0,88.9904
6.0,18.0,3.0,2399.13,2560.0,0.0,67.6623
7.0,3.0,5.0,5.625,1056.88,780.88,1920.0
7.0,4.0,3.0,986.793,1358.76,140.075,413.879
7.0,7.0,3.0,1838.56,2164.52,1.51443,167.236
7.0,8.0,3.0,701.93,1212.72,728.631,1268.23
7.0,17.0,0.0,1643.37,1747.4,1.55048,113.257
7.0,18.0,3.0,2350.77,2553.85,0.0,82.7164
8.0,3.0,5.0,6.875,1054.38,778.874,1920.0
8.0,4.0,3.0,943.512,1322.72,153.085,427.726
8.0,7.0,3.0,1793.67,2136.26,1.93355,190.116
8.0,8.0,3.0,702.366,1213.9,731.924,1274.5
8.0,17.0,0.0,1601.06,1703.56,0.0,114.952
8.0,18.0,3.0,2318.75,2545.87,0.0,84.3389
9.0,3.0,5.0,5.625,1056.88,778.468,1920.0
9.0,7.0,3.0,1772.21,2111.63,2.05055,193.103
9.0,8.0,3.0,701.487,1213.77,731.646,1274.29
9.0,17.0,0.0,1551.59,1660.72,2.16346,126.779
9.0,18.0,3.0,2297.5,2551.73,0.0,98.5457
10.0,3.0,5.0,5.3125,1057.5,783.454,1920.0
10.0,7.0,3.0,1734.82,2075.16,6.47874,195.49
10.0,8.0,3.0,706.342,1211.43,726.412,1272.78
10.0,17.0,0.0,1507.16,1618.99,1.44231,124.76
10.0,18.0,3.0,2262.31,2546.92,0.0,99.8077
11.0,3.0,5.0,5.625,1061.25,778.194,1920.0
11.0,7.0,3.0,1707.35,2044.05,4.81241,208.361
11.0,8.0,3.0,698.079,1212.87,731.519,1270.99
11.0,17.0,0.0,1465.46,1560.7,0.0721121,132.548
11.0,18.0,3.0,2228.17,2522.6,0.0,104.82
12.0,3.0,5.0,5.625,1060.0,777.634,1920.0
12.0,7.0,3.0,1670.63,2009.81,6.06296,212.363
12.0,8.0,3.0,697.918,1211.58,732.991,1271.41
12.0,17.0,0.0,1415.53,1513.7,1.47836,137.704
12.0,18.0,3.0,2189.71,2493.37,0.0,108.75
13.0,3.0,5.0,5.9375,1057.5,777.174,1920.0
13.0,7.0,3.0,1634.37,1974.46,11.5582,217.004
13.0,8.0,3.0,698.914,1210.95,732.341,1278.97
13.0,17.0,0.0,1373.25,1469.83,4.03846,152.452
13.0,18.0,3.0,2158.46,2447.69,1.15385,109.904
14.0,3.0,5.0,4.375,1056.88,781.814,1920.0
14.0,7.0,3.0,1593.32,1943.27,16.5377,224.05
14.0,8.0,3.0,694.105,1210.54,734.54,1280.97
14.0,17.0,0.0,1325.62,1420.53,5.98557,153.822
14.0,18.0,3.0,2117.4,2353.37,0.0,101.466
15.0,3.0,5.0,4.0625,1056.25,780.855,1920.0
15.0,7.0,3.0,1564.9,1908.75,19.3418,231.412
15.0,8.0,3.0,692.038,1212.52,735.382,1275.51
15.0,17.0,0.0,1273.94,1376.83,5.04808,169.183
15.0,18.0,3.0,2092.21,2397.02,0.865384,118.702
16.0,3.0,5.0,4.6875,1050.0,780.459,1920.0
16.0,7.0,3.0,1528.28,1869.37,25.497,239.022
16.0,8.0,3.0,697.32,1211.49,729.267,1273.83
16.0,18.0,3.0,2051.35,2339.42,1.55048,122.416
17.0,3.0,5.0,6.25,1050.62,780.756,1920.0
17.0,7.0,3.0,1497.05,1838.3,32.0366,246.162
17.0,8.0,3.0,698.195,1210.86,726.464,1272.16
17.0,18.0,3.0,2014.13,2284.33,1.65865,127.139
18.0,3.0,5.0,2.1875,1053.75,775.557,1920.0
18.0,7.0,3.0,1460.59,1805.19,35.2193,253.328
18.0,8.0,3.0,696.539,1209.58,731.484,1273.46
18.0,18.0,3.0,1980.1,2287.6,0.0,135.938
19.0,3.0,5.0,3.4375,1055.0,776.236,1920.0
19.0,7.0,3.0,1423.28,1769.48,42.8382,261.054
19.0,8.0,3.0,695.576,1209.87,731.65,1280.62
19.0,18.0,3.0,1934.13,2265.87,0.0,152.885
20.0,3.0,5.0,3.4375,1052.5,779.841,1920.0
20.0,7.0,3.0,1388.08,1738.19,46.8504,270.951
20.0,8.0,3.0,702.598,1209.91,731.107,1280.68
20.0,18.0,3.0,1898.27,2218.65,0.576925,160.24
21.0,3.0,5.0,3.75,1053.12,774.768,1920.0
21.0,7.0,3.0,1355.83,1703.21,60.4547,280.14
21.0,8.0,3.0,698.737,1210.27,733.603,1276.38
21.0,18.0,3.0,1850.38,2180.38,0.721157,166.731
21.0,21.0,0.0,1227.54,1490.5,1115.19,1664.57
22.0,3.0,5.0,7.1875,1052.5,769.383,1920.0
22.0,7.0,3.0,1317.93,1672.95,64.2084,291.755
22.0,8.0,3.0,695.639,1209.93,735.137,1281.63
22.0,18.0,3.0,1818.08,2138.85,4.03846,176.827
22.0,21.0,0.0,1226.28,1483.27,1085.42,1635.88
23.0,3.0,5.0,6.875,1051.88,769.899,1920.0
23.0,7.0,3.0,1279.94,1642.4,70.309,296.636
23.0,8.0,3.0,695.22,1210.27,730.812,1282.2
23.0,18.0,3.0,1770.96,2102.88,3.46154,182.885
23.0,21.0,0.0,1230.84,1485.15,1061.66,1608.9
24.0,3.0,5.0,7.5,1055.62,771.025,1920.0
24.0,7.0,3.0,1249.07,1608.1,77.3073,312.478
24.0,8.0,3.0,693.577,1210.51,731.516,1283.71
24.0,18.0,3.0,1729.15,2065.77,5.30723,197.014
24.0,21.0,0.0,1230.72,1482.55,1034.56,1572.26
25.0,3.0,5.0,5.3125,1056.25,777.992,1920.0
25.0,7.0,3.0,1213.89,1572.92,83.1258,322.212
25.0,8.0,3.0,691.612,1208.55,734.159,1284.41
25.0,18.0,3.0,1694.28,2023.42,4.99987,208.151
25.0,21.0,0.0,1236.48,1485.57,1010.01,1544.45
26.0,3.0,5.0,7.5,1056.25,780.628,1920.0
26.0,7.0,3.0,1181.86,1541.59,89.7735,329.517
26.0,8.0,3.0,699.156,1209.57,731.456,1277.42
26.0,18.0,3.0,1656.8,1984.66,9.34744,211.041
26.0,21.0,0.0,1241.84,1480.23,990.151,1503.99
27.0,3.0,5.0,7.5,1055.62,777.875,1920.0
27.0,7.0,3.0,1140.39,1512.99,97.3014,339.501
27.0,8.0,3.0,699.445,1212.11,731.909,1278.81
27.0,18.0,3.0,1618.22,1942.1,15.2095,220.354
27.0,21.0,0.0,1245.11,1481.58,970.705,1492.76
28.0,3.0,5.0,5.9375,1058.75,781.122,1920.0
28.0,7.0,3.0,1106.18,1477.06,106.252,353.455
28.0,8.0,3.0,693.341,1213.57,738.029,1287.6
28.0,18.0,3.0,1569.58,1913.42,17.1993,227.004
28.0,21.0,0.0,1241.91,1485.57,944.207,1460.43
29.0,3.0,5.0,5.9375,1056.25,777.355,1920.0
29.0,5.0,0.0,1547.68,1768.29,799.395,1237.24
29.0,7.0,3.0,1070.39,1446.74,115.563,362.419
29.0,8.0,3.0,697.424,1213.73,734.779,1284.76
29.0,18.0,3.0,1534.79,1869.2,22.7409,238.23
29.0,21.0,0.0,1241.53,1492.55,923.686,1427.46
30.0,3.0,5.0,5.3125,1057.5,776.086,1920.0
30.0,5.0,0.0,1540.63,1765.04,783.544,1227.74
30.0,7.0,3.0,1031.46,1413.97,125.588,373.546
30.0,8.0,3.0,693.079,1214.58,732.202,1286.15
30.0,18.0,3.0,1496.69,1837.61,25.4365,244.908
30.0,21.0,0.0,1243.65,1497.45,907.063,1398.21
31.0,3.0,5.0,6.25,1058.75,771.82,1920.0
31.0,5.0,0.0,1536.78,1746.03,773.886,1218.57
31.0,7.0,3.0,1001.63,1378.72,134.013,386.553
31.0,8.0,3.0,689.434,1216.18,734.755,1291.01
31.0,18.0,3.0,1454.38,1800.16,34.5433,250.401
31.0,21.0,0.0,1253.48,1492.22,883.646,1380.58
32.0,3.0,5.0,7.1875,1056.25,771.638,1920.0
32.0,5.0,0.0,1523.79,1726.01,758.162,1199.6
32.0,7.0,3.0,963.978,1348.08,142.346,395.381
32.0,8.0,3.0,691.725,1215.39,734.81,1291.0
32.0,18.0,3.0,1414.18,1759.71,40.7973,259.867
32.0,21.0,0.0,1270.97,1501.6,872.877,1355.46
33.0,3.0,5.0,5.3125,1056.25,776.852,1920.0
33.0,5.0,0.0,1503.82,1709.77,749.198,1181.2
33.0,8.0,3.0,687.445,1213.8,728.099,1285.85
33.0,18.0,3.0,1377.97,1721.48,46.3898,267.961
33.0,21.0,0.0,1277.0,1506.67,860.188,1321.58
34.0,3.0,5.0,4.6875,1053.75,770.977,1920.0
34.0,5.0,0.0,1497.07,1691.67,737.46,1164.38
34.0,8.0,3.0,693.021,1212.36,725.513,1283.61
34.0,18.0,3.0,1332.82,1687.75,52.1475,277.703
34.0,21.0,0.0,1280.57,1511.88,842.084,1311.88
35.0,3.0,5.0,6.5625,1048.75,767.997,1920.0
35.0,5.0,0.0,1486.55,1682.86,728.411,1155.12
35.0,8.0,3.0,693.198,1212.92,732.578,1285.59
35.0,18.0,3.0,1290.84,1654.55,60.7743,290.133
35.0,21.0,0.0,1278.48,1509.9,823.141,1299.87
36.0,3.0,5.0,5.9375,1052.5,774.662,1920.0
36.0,5.0,0.0,1452.09,1655.02,718.117,1144.0
36.0,8.0,3.0,692.164,1213.15,735.713,1279.68
36.0,18.0,3.0,1247.26,1616.52,66.6922,297.314
36.0,21.0,0.0,1284.95,1512.03,808.036,1284.53
37.0,3.0,5.0,5.625,1048.75,775.615,1920.0
37.0,5.0,0.0,1440.02,1640.38,707.309,1140.16
37.0,8.0,3.0,694.02,1210.45,728.826,1284.47
37.0,18.0,3.0,1215.63,1573.17,76.4523,309.537
37.0,21.0,0.0,1282.25,1517.6,804.983,1269.65
38.0,3.0,5.0,6.25,1050.62,776.994,1920.0
38.0,5.0,0.0,1405.17,1606.61,705.942,1113.51
38.0,8.0,3.0,688.114,1211.78,728.726,1288.39
38.0,18.0,3.0,1171.78,1538.7,82.9102,317.651
38.0,21.0,0.0,1287.38,1519.79,804.587,1251.78
39.0,3.0,5.0,6.875,1045.62,776.424,1920.0
39.0,5.0,0.0,1368.99,1568.04,687.929,1111.32
39.0,8.0,3.0,692.207,1212.18,731.325,1286.9
39.0,18.0,3.0,1133.7,1503.77,87.832,328.367
39.0,21.0,0.0,1297.77,1526.46,787.691,1238.06
40.0,3.0,5.0,6.25,1046.88,778.62,1920.0
40.0,5.0,0.0,1368.99,1568.04,687.929,1111.32
40.0,8.0,3.0,695.202,1214.54,730.003,1290.21
40.0,18.0,3.0,1097.74,1470.16,101.847,344.802
40.0,21.0,0.0,1300.08,1515.55,789.932,1221.78
40.0,24.0,0.0,1917.38,2086.62,468.626,819.855
41.0,3.0,5.0,7.5,1048.75,774.582,1920.0
41.0,8.0,3.0,691.068,1211.93,731.821,1294.98
41.0,18.0,3.0,1054.81,1430.15,102.301,350.698
41.0,21.0,0.0,1301.07,1519.91,786.626,1208.57
41.0,24.0,0.0,1934.74,2102.29,440.076,782.155
42.0,3.0,5.0,5.9375,1046.25,776.243,1920.0
42.0,8.0,3.0,693.67,1214.15,728.486,1287.94
42.0,18.0,3.0,1014.81,1394.39,107.57,361.517
42.0,21.0,0.0,1296.67,1523.95,779.413,1197.97
42.0,24.0,0.0,1955.59,2120.59,416.996,749.219
43.0,3.0,5.0,5.9375,1047.5,775.686,1920.0
43.0,8.0,3.0,698.889,1215.95,727.268,1278.86
43.0,18.0,3.0,978.543,1357.11,119.412,367.734
43.0,21.0,0.0,1291.05,1527.04,754.694,1183.97
43.0,24.0,0.0,1985.95,2138.07,386.53,709.26
44.0,3.0,5.0,3.125,1045.0,779.795,1920.0
44.0,8.0,3.0,695.301,1211.86,731.801,1284.27
44.0,21.0,0.0,1316.33,1525.57,754.733,1178.18
44.0,24.0,0.0,2021.32,2172.36,367.781,679.514
45.0,3.0,5.0,4.6875,1045.0,778.534,1920.0
45.0,8.0,3.0,688.094,1215.48,731.302,1285.8
45.0,21.0,0.0,1324.83,1532.68,732.529,1164.38
45.0,24.0,0.0,2055.8,2209.7,344.069,647.394
46.0,3.0,5.0,2.8125,1047.5,780.176,1920.0
46.0,5.0,0.0,1185.61,1393.14,648.865,1036.87
46.0,8.0,3.0,700.139,1213.05,727.612,1280.75
46.0,21.0,0.0,1328.38,1534.38,725.929,1156.3
46.0,24.0,0.0,2097.95,2249.35,322.529,618.827
47.0,3.0,5.0,4.0625,1052.5,775.836,1920.0
47.0,5.0,0.0,1154.26,1362.21,653.868,1016.71
47.0,8.0,3.0,707.255,1214.32,730.282,1277.78
47.0,21.0,0.0,1330.79,1544.06,713.12,1148.14
48.0,3.0,5.0,3.75,1060.0,772.604,1920.0
48.0,5.0,0.0,1141.86,1351.88,649.779,1029.95
48.0,8.0,3.0,699.844,1201.73,733.924,1283.9
48.0,21.0,0.0,1340.54,1546.62,706.069,1141.94
49.0,3.0,5.0,3.125,1057.5,779.159,1920.0
49.0,5.0,0.0,1132.36,1346.66,655.985,1030.49
49.0,8.0,3.0,703.934,1198.16,729.469,1280.25
49.0,21.0,0.0,1349.01,1550.12,701.026,1134.46
50.0,3.0,5.0,4.0625,1060.0,780.724,1920.0
50.0,5.0,0.0,1113.48,1327.12,650.308,1033.04
50.0,8.0,3.0,704.372,1200.29,727.732,1276.5
50.0,21.0,0.0,1355.56,1559.07,692.449,1116.57
51.0,3.0,5.0,2.5,1058.12,778.103,1920.0
51.0,5.0,0.0,1119.49,1307.46,657.71,1030.06
51.0,8.0,3.0,696.077,1197.72,732.823,1281.73
51.0,21.0,0.0,1355.74,1568.52,685.849,1107.64
51.0,53.0,3.0,2211.73,2489.81,0.0,102.909
52.0,3.0,5.0,5.9375,1060.0,775.113,1920.0
52.0,5.0,0.0,1115.32,1309.62,664.806,1030.46
52.0,8.0,3.0,702.293,1206.51,732.799,1281.37
52.0,21.0,0.0,1360.28,1575.22,678.484,1100.95
52.0,53.0,3.0,2153.94,2433.75,0.0,109.435
53.0,3.0,5.0,6.25,1058.12,774.543,1920.0
53.0,5.0,0.0,1110.77,1309.23,655.829,1032.45
53.0,8.0,3.0,707.406,1203.45,726.272,1283.14
53.0,21.0,0.0,1368.92,1577.2,667.257,1087.35
53.0,53.0,3.0,2096.06,2377.79,2.23557,117.332
54.0,3.0,5.0,5.9375,1056.25,773.097,1920.0
54.0,5.0,0.0,1111.56,1315.39,661.403,1024.73
54.0,8.0,3.0,705.627,1205.93,728.71,1289.26
54.0,21.0,0.0,1380.46,1584.89,658.898,1078.89
54.0,53.0,3.0,2035.67,2324.33,1.47836,132.079
55.0,3.0,5.0,5.0,1060.62,770.184,1920.0
55.0,5.0,0.0,1111.56,1315.39,661.403,1024.73
55.0,8.0,3.0,703.314,1204.59,728.871,1283.97
55.0,21.0,0.0,1390.41,1592.93,655.134,1067.31
55.0,53.0,3.0,1982.21,2276.25,0.0,141.022
56.0,3.0,5.0,2.5,1059.38,781.762,1920.0
56.0,8.0,3.0,706.46,1201.9,724.982,1279.14
56.0,21.0,0.0,1395.33,1595.02,646.523,1061.07
56.0,53.0,3.0,1909.33,2219.9,0.0,159.303
57.0,3.0,5.0,3.75,1058.12,781.421,1920.0
57.0,8.0,3.0,700.74,1196.9,724.174,1276.91
57.0,21.0,0.0,1399.23,1596.25,640.627,1048.05
57.0,53.0,3.0,1855.77,2165.77,1.80289,165.938
58.0,3.0,5.0,2.8125,1058.75,780.352,1920.0
58.0,8.0,3.0,699.138,1197.12,727.083,1280.83
58.0,21.0,0.0,1405.8,1602.18,631.537,1034.02
58.0,53.0,3.0,1787.69,2107.69,5.76923,183.029
59.0,3.0,5.0,5.3125,1051.25,782.23,1920.0
59.0,5.0,0.0,1127.0,1298.86,665.33,1021.91
59.0,8.0,3.0,703.991,1198.94,726.436,1279.17
59.0,21.0,0.0,1399.1,1602.55,627.612,1029.84
59.0,53.0,3.0,1725.59,2049.15,4.29302,198.449
59.0,77.0,3.0,2305.19,2547.12,0.0,86.2139
60.0,3.0,5.0,4.6875,1050.0,784.922,1920.0
60.0,5.0,0.0,1127.0,1298.86,665.33,1021.91
60.0,8.0,3.0,709.43,1203.05,725.812,1283.56
60.0,21.0,0.0,1395.73,1591.42,623.452,1023.43
60.0,53.0,3.0,1661.19,1992.91,8.47448,204.823
60.0,77.0,3.0,2236.83,2560.0,0.0,87.0072
61.0,3.0,5.0,6.5625,1046.25,779.076,1920.0
61.0,8.0,3.0,709.954,1200.34,731.728,1285.21
61.0,21.0,0.0,1388.3,1581.72,614.079,1020.46
61.0,53.0,3.0,1601.41,1932.57,13.3265,223.208
61.0,77.0,3.0,2187.31,2514.23,0.0,101.466
62.0,3.0,5.0,6.25,1047.5,775.162,1920.0
62.0,5.0,0.0,1123.79,1295.78,663.802,1022.93
62.0,8.0,3.0,707.325,1199.63,732.118,1288.24
62.0,21.0,0.0,1386.02,1577.52,609.746,1004.39
62.0,53.0,3.0,1541.56,1866.31,22.0005,228.981
62.0,77.0,3.0,2132.4,2458.37,0.0,107.452
63.0,3.0,5.0,7.5,1046.25,775.071,1920.0
63.0,5.0,0.0,1113.12,1297.59,665.654,1017.26
63.0,8.0,3.0,710.616,1202.56,729.307,1284.41
63.0,21.0,0.0,1367.33,1562.17,601.947,1003.39
63.0,53.0,3.0,1472.52,1809.88,29.8176,241.526
63.0,77.0,3.0,2084.42,2426.35,0.108172,114.267
63.0,88.0,0.0,1298.41,1415.43,2.59615,164.423
64.0,3.0,5.0,6.875,1045.62,774.401,1920.0
64.0,5.0,0.0,1113.12,1297.59,665.654,1017.26
64.0,8.0,3.0,706.202,1202.73,733.71,1287.05
64.0,21.0,0.0,1351.38,1552.4,591.478,992.142
64.0,53.0,3.0,1411.16,1749.92,35.0217,256.025
64.0,77.0,3.0,2037.79,2356.06,1.83894,123.281
65.0,3.0,5.0,6.875,1048.12,766.145,1920.0
65.0,8.0,3.0,708.112,1200.65,734.498,1288.52
65.0,21.0,0.0,1343.46,1540.35,586.748,976.914
65.0,53.0,3.0,1348.67,1682.84,49.8206,267.557
65.0,77.0,3.0,1992.4,2299.9,1.08173,126.13
66.0,3.0,5.0,5.9375,1051.25,770.953,1920.0
66.0,5.0,0.0,1115.99,1294.01,656.631,1019.2
66.0,8.0,3.0,708.778,1204.94,732.683,1284.54
66.0,21.0,0.0,1328.86,1526.15,584.308,972.621
66.0,53.0,3.0,1275.43,1626.06,60.5348,283.435
66.0,77.0,3.0,1948.17,2304.13,2.41586,126.022
67.0,3.0,5.0,6.5625,1051.25,770.389,1920.0
67.0,5.0,0.0,1064.95,1267.19,637.131,1012.83
67.0,8.0,3.0,706.857,1204.6,730.458,1280.37
67.0,21.0,0.0,1319.54,1501.91,578.191,963.6
67.0,53.0,3.0,1216.68,1562.46,67.7766,297.64
67.0,77.0,3.0,1881.66,2280.63,0.0,167.975
68.0,3.0,5.0,6.5625,1047.5,768.671,1920.0
68.0,5.0,0.0,1064.95,1267.19,637.131,1012.83
68.0,8.0,3.0,705.88,1203.38,729.9,1281.76
68.0,21.0,0.0,1300.53,1493.24,567.663,958.95
68.0,53.0,3.0,1150.34,1501.82,80.0601,313.857
68.0,77.0,3.0,1821.8,2225.37,0.0133681,173.417
69.0,3.0,5.0,6.25,1049.38,771.285,1920.0
69.0,8.0,3.0,708.091,1204.37,726.45,1279.66
69.0,21.0,0.0,1294.99,1478.34,558.416,945.948
69.0,50.0,0.0,1797.57,1992.27,575.366,1012.73
69.0,53.0,3.0,1088.17,1444.4,95.0537,328.765
69.0,77.0,3.0,1767.04,2180.61,0.0,184.75
70.0,3.0,5.0,5.0,1048.75,773.849,1920.0
70.0,8.0,3.0,707.47,1207.52,726.883,1281.31
70.0,21.0,0.0,1239.58,1446.84,546.234,952.81
70.0,50.0,0.0,1800.43,1992.35,552.954,974.078
70.0,53.0,3.0,1018.88,1386.25,104.227,346.752
70.0,77.0,3.0,1709.06,2123.21,1.74042,190.567
71.0,3.0,5.0,8.4375,1046.25,771.809,1920.0
71.0,8.0,3.0,702.121,1198.89,726.388,1289.27
71.0,21.0,0.0,1215.72,1423.57,541.507,953.982
71.0,50.0,0.0,1816.18,2004.34,522.896,936.178
71.0,77.0,3.0,1646.84,2069.37,1.60885,200.393
72.0,3.0,5.0,6.25,1048.12,779.515,1920.0
72.0,8.0,3.0,700.605,1206.43,725.932,1284.43
72.0,21.0,0.0,1199.65,1403.48,532.405,974.278
72.0,50.0,0.0,1820.15,2015.32,502.931,903.987
72.0,77.0,3.0,1591.54,2019.54,0.601251,210.329
73.0,3.0,5.0,6.5625,1047.5,778.736,1920.0
73.0,8.0,3.0,699.413,1199.96,719.96,1283.53
73.0,21.0,0.0,1188.7,1387.73,521.003,989.77
73.0,50.0,0.0,1842.24,2017.02,478.596,868.12
73.0,77.0,3.0,1533.82,1970.5,0.319061,221.89
74.0,3.0,5.0,3.4375,1048.75,782.313,1920.0
74.0,8.0,3.0,703.841,1200.61,728.323,1286.21
74.0,21.0,0.0,1166.96,1360.85,518.747,995.478
74.0,50.0,0.0,1846.33,2029.5,453.015,836.125
74.0,77.0,3.0,1476.47,1917.49,2.15024,234.298
75.0,3.0,5.0,4.6875,1050.0,782.73,1920.0
75.0,8.0,3.0,708.757,1203.59,730.705,1287.23
75.0,21.0,0.0,1156.33,1348.2,507.223,1003.55
75.0,50.0,0.0,1856.17,2042.05,429.837,810.872
75.0,77.0,3.0,1415.58,1856.33,5.19635,242.443
76.0,3.0,5.0,6.25,1048.75,779.351,1920.0
76.0,8.0,3.0,703.208,1201.43,727.93,1284.73
76.0,21.0,0.0,1144.63,1340.33,499.872,1007.84
76.0,50.0,0.0,1870.12,2046.01,407.795,781.689
76.0,77.0,3.0,1363.49,1796.78,1.19855,257.372
77.0,3.0,5.0,7.5,1046.25,775.912,1920.0
77.0,8.0,3.0,706.46,1199.36,734.768,1287.44
77.0,21.0,0.0,1129.49,1329.21,500.007,1007.24
77.0,50.0,0.0,1891.33,2060.98,384.93,752.645
77.0,77.0,3.0,1292.99,1736.89,5.69298,272.071
78.0,3.0,5.0,6.875,1046.88,777.098,1920.0
78.0,8.0,3.0,714.685,1198.41,733.615,1284.13
78.0,21.0,0.0,1126.07,1307.86,493.258,763.7
78.0,50.0,0.0,1898.84,2069.12,372.731,720.494
78.0,77.0,3.0,1235.49,1677.11,6.90116,282.684
79.0,3.0,5.0,6.25,1043.75,781.387,1920.0
79.0,5.0,0.0,1120.97,1308.46,655.78,1025.39
79.0,8.0,3.0,708.316,1196.07,727.633,1278.48
79.0,21.0,0.0,1113.76,1292.64,484.14,756.171
79.0,50.0,0.0,1915.87,2080.87,348.48,692.318
79.0,77.0,3.0,1172.48,1620.94,13.8917,299.159
80.0,3.0,5.0,5.625,1046.88,779.673,1920.0
80.0,5.0,0.0,1119.01,1298.33,660.095,1021.56
80.0,8.0,3.0,703.196,1196.7,732.444,1275.55
80.0,21.0,0.0,1097.64,1278.41,472.005,757.231
80.0,50.0,0.0,1937.28,2092.77,327.928,668.861
80.0,77.0,3.0,1111.47,1562.0,28.9732,310.436
81.0,3.0,5.0,6.5625,1045.0,777.562,1919.55
81.0,5.0,0.0,1119.01,1298.33,660.095,1021.56
81.0,8.0,3.0,701.99,1199.61,731.784,1282.5
81.0,21.0,0.0,1080.97,1255.11,459.851,760.815
81.0,50.0,0.0,1959.11,2110.34,308.587,636.399
81.0,77.0,3.0,1051.27,1513.99,45.0346,328.082
82.0,3.0,5.0,7.1875,1047.5,778.077,1920.0
82.0,5.0,0.0,1108.95,1292.46,651.792,1017.64
82.0,8.0,3.0,704.293,1203.98,733.527,1280.42
82.0,21.0,0.0,1064.22,1239.98,453.609,767.48
82.0,50.0,0.0,1980.74,2133.49,285.472,610.495
82.0,77.0,3.0,984.302,1449.43,59.26,347.433
83.0,3.0,5.0,8.75,1049.38,779.685,1920.0
83.0,5.0,0.0,1069.45,1269.42,628.012,1023.72
83.0,8.0,3.0,705.586,1199.33,730.026,1284.72
83.0,21.0,0.0,1050.98,1222.55,447.838,762.861
83.0,50.0,0.0,2008.06,2156.97,268.059,585.204
84.0,3.0,5.0,9.0625,1048.75,773.293,1920.0
84.0,5.0,0.0,1062.12,1271.12,616.797,1028.17
84.0,8.0,3.0,707.346,1202.78,735.538,1291.12
84.0,21.0,0.0,1037.55,1201.58,434.552,775.423
84.0,50.0,0.0,2033.59,2182.29,249.059,560.564
85.0,3.0,5.0,7.5,1047.5,774.252,1920.0
85.0,5.0,0.0,1062.12,1271.12,616.797,1028.17
85.0,8.0,3.0,709.385,1203.49,734.467,1289.23
85.0,21.0,0.0,1022.06,1193.46,432.463,724.096
85.0,50.0,0.0,2069.1,2217.8,235.311,532.587
86.0,3.0,5.0,8.125,1046.25,778.053,1920.0
86.0,5.0,0.0,1099.31,1305.98,661.681,1019.39
86.0,8.0,3.0,708.003,1204.16,735.783,1287.64
86.0,21.0,0.0,1004.97,1181.68,419.655,731.845
86.0,50.0,0.0,2102.84,2250.7,215.985,513.152
87.0,3.0,5.0,7.5,1051.25,774.278,1920.0
87.0,5.0,0.0,1099.31,1305.98,661.681,1019.39
87.0,8.0,3.0,710.454,1204.92,736.993,1291.15
87.0,21.0,0.0,993.855,1162.35,407.718,736.491
87.0,50.0,0.0,2140.45,2284.3,202.199,489.241
88.0,3.0,5.0,6.25,1047.5,776.328,1920.0
88.0,8.0,3.0,714.206,1207.47,737.06,1293.66
88.0,21.0,0.0,982.543,1152.15,398.536,746.215
88.0,50.0,0.0,2182.23,2323.32,178.712,469.137
89.0,3.0,5.0,7.1875,1047.5,774.722,1920.0
89.0,8.0,3.0,720.562,1198.53,734.64,1290.63
89.0,21.0,0.0,974.187,1141.9,391.268,733.431
89.0,50.0,0.0,2212.72,2371.4,179.809,446.839
90.0,3.0,5.0,7.5,1050.0,778.137,1920.0
90.0,8.0,3.0,712.936,1205.72,736.043,1287.09
90.0,21.0,0.0,961.217,1130.95,387.84,723.18
90.0,50.0,0.0,2263.23,2415.93,154.034,426.065
91.0,3.0,5.0,6.25,1048.75,778.0,1920.0
91.0,8.0,3.0,712.513,1200.03,734.553,1289.66
91.0,21.0,0.0,942.544,1108.92,380.873,706.531
92.0,3.0,5.0,7.5,1049.38,778.439,1920.0
92.0,5.0,0.0,1057.74,1279.59,632.533,1021.82
92.0,8.0,3.0,711.207,1203.75,728.974,1286.93
92.0,21.0,0.0,929.665,1091.55,374.633,692.204
93.0,3.0,5.0,7.1875,1050.0,776.066,1920.0
93.0,5.0,0.0,1063.28,1276.97,634.752,1021.67
93.0,8.0,3.0,713.926,1203.47,732.867,1288.04
93.0,21.0,0.0,912.245,1072.09,365.821,680.843
94.0,3.0,5.0,7.5,1049.38,778.012,1920.0
94.0,5.0,0.0,1055.63,1281.68,635.558,1020.45
94.0,8.0,3.0,713.552,1203.1,735.158,1290.87
94.0,21.0,0.0,884.295,1052.38,353.618,670.415
95.0,3.0,5.0,8.75,1056.25,780.637,1920.0
95.0,5.0,0.0,1055.63,1281.68,635.558,1020.45
95.0,8.0,3.0,706.491,1200.36,736.414,1283.31
95.0,21.0,0.0,860.426,1035.29,344.676,658.471
96.0,3.0,5.0,7.8125,1055.0,780.571,1920.0
96.0,8.0,3.0,709.743,1202.4,735.603,1286.59
96.0,21.0,0.0,836.025,1007.05,336.805,642.21
97.0,3.0,5.0,8.4375,1053.75,778.011,1920.0
97.0,5.0,0.0,1053.6,1281.35,632.895,1022.66
97.0,8.0,3.0,704.754,1207.26,735.761,1289.58
98.0,3.0,5.0,8.125,1053.75,777.068,1920.0
98.0,5.0,0.0,1053.6,1281.35,632.895,1022.66
98.0,8.0,3.0,703.521,1205.16,737.488,1285.25
99.0,3.0,5.0,7.5,1053.12,777.369,1920.0
99.0,8.0,3.0,709.93,1204.64,734.727,1286.32
100.0,3.0,5.0,6.5625,1053.75,777.819,1920.0
100.0,8.0,3.0,699.746,1201.63,733.964,1284.34
101.0,3.0,5.0,7.1875,1055.0,775.378,1920.0
101.0,8.0,3.0,701.128,1204.61,735.029,1285.61
102.0,3.0,5.0,8.125,1053.75,777.385,1920.0
102.0,8.0,3.0,704.981,1206.01,733.275,1283.79
102.0,133.0,0.0,1182.86,1419.42,20.0446,255.181
103.0,3.0,5.0,8.75,1051.25,779.389,1920.0
103.0,8.0,3.0,707.514,1203.92,734.422,1285.54
103.0,133.0,0.0,1261.84,1511.43,27.2509,250.799
104.0,3.0,5.0,6.5625,1052.5,779.296,1920.0
104.0,8.0,3.0,706.595,1204.58,736.273,1287.26
104.0,133.0,0.0,1348.57,1586.73,25.1934,252.096
104.0,135.0,3.0,2139.13,2463.94,0.0,111.238
105.0,3.0,5.0,7.1875,1053.75,778.048,1920.0
105.0,8.0,3.0,706.687,1204.43,735.826,1284.8
105.0,133.0,0.0,1433.7,1674.72,33.3209,250.839
105.0,135.0,3.0,2094.33,2397.98,0.0,108.75
106.0,3.0,5.0,5.9375,1057.5,777.804,1920.0
106.0,8.0,3.0,704.743,1205.16,737.084,1284.58
106.0,133.0,0.0,1515.96,1760.96,41.8269,243.75
106.0,135.0,3.0,2034.81,2340.58,2.23557,113.726
107.0,3.0,5.0,6.5625,1068.75,780.695,1917.95
107.0,8.0,3.0,700.91,1200.23,734.676,1292.77
107.0,133.0,0.0,1602.7,1843.43,33.3046,250.611
107.0,135.0,3.0,1985.58,2294.42,0.757213,128.69
108.0,3.0,5.0,5.3125,1063.75,781.192,1918.72
108.0,8.0,3.0,703.718,1199.52,733.799,1289.31
108.0,133.0,0.0,1688.86,1929.94,33.2249,251.275
108.0,135.0,3.0,1927.88,2259.81,2.34375,132.224
109.0,3.0,5.0,4.0625,1060.0,782.271,1920.0
109.0,8.0,3.0,706.303,1200.77,730.546,1285.78
109.0,133.0,0.0,1778.71,2009.4,29.5281,249.933
109.0,135.0,3.0,1866.54,2216.54,0.0,158.005
110.0,3.0,5.0,3.75,1056.88,779.799,1920.0
110.0,8.0,3.0,705.621,1199.49,729.827,1285.88
110.0,133.0,0.0,1867.06,2108.11,29.4973,235.188
110.0,135.0,3.0,1796.54,2163.46,0.0,140.445
111.0,3.0,5.0,5.0,1061.25,780.786,1920.0
111.0,8.0,3.0,706.576,1197.92,731.911,1284.17
111.0,133.0,0.0,1961.41,2179.74,20.3287,246.954
111.0,135.0,3.0,1745.92,2131.38,0.0,176.72
112.0,3.0,5.0,6.5625,1061.25,778.309,1920.0
112.0,8.0,3.0,704.739,1199.33,728.756,1284.94
112.0,133.0,0.0,2040.87,2262.31,26.4352,244.272
112.0,135.0,3.0,1687.49,2065.31,4.57291,185.193
113.0,3.0,5.0,5.9375,1062.5,777.279,1920.0
113.0,8.0,3.0,705.535,1200.25,728.292,1286.66
113.0,133.0,0.0,2118.95,2337.89,24.3028,246.545
113.0,135.0,3.0,1639.82,1993.02,5.59417,191.675
114.0,3.0,5.0,5.625,1065.0,777.17,1920.0
114.0,8.0,3.0,705.523,1198.91,729.293,1287.25
114.0,133.0,0.0,2209.87,2417.04,23.7916,244.304
114.0,135.0,3.0,1582.52,1937.45,8.62152,204.396
115.0,3.0,5.0,6.5625,1067.5,779.44,1920.0
115.0,8.0,3.0,706.079,1200.79,732.303,1284.57
115.0,133.0,0.0,2293.14,2513.29,11.3862,245.263
115.0,135.0,3.0,1532.21,1881.56,11.1079,213.912
116.0,3.0,5.0,7.5,1063.75,778.236,1920.0
116.0,8.0,3.0,703.526,1200.41,730.023,1285.67
116.0,133.0,0.0,2372.51,2558.61,15.4979,249.66
116.0,135.0,3.0,1471.67,1824.96,17.4932,222.538
117.0,3.0,5.0,6.5625,1062.5,779.595,1920.0
117.0,8.0,3.0,706.787,1202.1,731.303,1285.73
117.0,135.0,3.0,1416.84,1767.81,25.0107,234.892
118.0,3.0,5.0,7.1875,1057.5,781.343,1920.0
118.0,8.0,3.0,711.845,1202.11,729.024,1283.45
118.0,135.0,3.0,1357.7,1714.2,34.7727,244.296
119.0,3.0,5.0,8.4375,1060.0,781.131,1920.0
119.0,8.0,3.0,707.223,1200.97,737.144,1286.12
119.0,135.0,3.0,1294.02,1654.46,43.6838,257.522
120.0,3.0,5.0,8.75,1058.12,782.11,1920.0
120.0,8.0,3.0,710.942,1201.44,737.65,1289.78
120.0,135.0,3.0,1237.85,1600.66,57.2779,270.23
121.0,3.0,5.0,8.125,1055.62,781.336,1920.0
121.0,8.0,3.0,712.345,1201.41,734.86,1288.47
121.0,135.0,3.0,1174.36,1549.42,66.2061,284.262
122.0,3.0,5.0,6.875,1056.88,782.341,1919.6
122.0,8.0,3.0,712.015,1200.84,733.785,1288.14
122.0,135.0,3.0,1119.61,1488.23,74.671,298.28
123.0,3.0,5.0,7.1875,1060.0,780.492,1917.75
123.0,8.0,3.0,709.334,1202.48,737.396,1291.28
123.0,135.0,3.0,1057.81,1435.18,82.4597,311.008
124.0,3.0,5.0,7.5,1055.62,781.053,1918.72
124.0,8.0,3.0,710.142,1203.89,734.685,1284.33
125.0,3.0,5.0,7.8125,1052.5,780.013,1919.07
125.0,8.0,3.0,709.096,1204.89,731.414,1285.1
126.0,3.0,5.0,9.0625,1056.25,776.202,1919.58
126.0,8.0,3.0,711.242,1202.22,733.676,1287.7
127.0,3.0,5.0,9.375,1055.62,776.92,1919.6
127.0,8.0,3.0,706.767,1202.2,736.043,1286.42
128.0,3.0,5.0,8.125,1051.25,778.472,1918.51
128.0,8.0,3.0,711.557,1202.3,735.482,1286.6
129.0,3.0,5.0,8.125,1051.25,781.226,1918.62
129.0,8.0,3.0,710.67,1204.05,735.863,1285.77
130.0,3.0,5.0,6.875,1053.75,781.907,1919.99
130.0,8.0,3.0,711.419,1201.32,735.787,1286.23
130.0,139.0,0.0,1396.69,1603.04,953.242,1480.42
131.0,3.0,5.0,7.8125,1060.0,779.474,1920.0
131.0,8.0,3.0,703.861,1200.99,730.627,1282.29
131.0,139.0,0.0,1381.14,1596.43,932.242,1443.7
132.0,3.0,5.0,8.125,1063.12,780.308,1920.0
132.0,8.0,3.0,701.582,1203.72,729.931,1281.99
132.0,139.0,0.0,1380.82,1585.82,908.589,1413.35
133.0,3.0,5.0,8.75,1063.12,779.402,1920.0
133.0,8.0,3.0,702.437,1200.91,730.071,1282.47
133.0,139.0,0.0,1385.43,1578.18,898.236,1382.24
134.0,3.0,5.0,8.75,1061.25,778.626,1920.0
134.0,8.0,3.0,705.614,1206.89,728.659,1284.03
134.0,139.0,0.0,1365.17,1567.66,881.497,1355.79
135.0,3.0,5.0,8.4375,1062.5,779.652,1920.0
135.0,8.0,3.0,705.601,1209.7,729.247,1282.32
135.0,139.0,0.0,1363.06,1562.63,852.756,1331.24
136.0,3.0,5.0,7.8125,1061.25,778.538,1920.0
136.0,8.0,3.0,701.389,1206.72,730.734,1283.13
136.0,139.0,0.0,1357.14,1550.27,831.608,1312.66
137.0,3.0,5.0,8.75,1060.62,777.919,1920.0
137.0,8.0,3.0,704.388,1207.5,729.62,1285.81
137.0,139.0,0.0,1356.23,1546.97,810.761,1282.63
138.0,3.0,5.0,9.0625,1057.5,774.441,1920.0
138.0,8.0,3.0,704.5,1204.8,729.299,1285.96
138.0,139.0,0.0,1355.02,1541.71,791.554,1254.18
139.0,3.0,5.0,8.75,1061.25,779.826,1920.0
139.0,8.0,3.0,703.99,1208.83,730.821,1286.2
139.0,139.0,0.0,1356.19,1539.22,779.364,1232.82
140.0,3.0,5.0,8.125,1058.75,780.372,1920.0
140.0,8.0,3.0,705.12,1207.62,730.374,1286.9
140.0,139.0,0.0,1353.86,1533.71,770.624,1213.09
141.0,3.0,5.0,8.125,1056.88,780.656,1920.0
141.0,8.0,3.0,711.171,1203.59,731.399,1291.27
141.0,139.0,0.0,1354.37,1530.1,752.548,1202.7
142.0,3.0,5.0,8.125,1054.38,779.387,1920.0
142.0,8.0,3.0,707.834,1204.0,731.354,1288.56
142.0,139.0,0.0,1356.39,1521.91,738.597,1190.51
143.0,3.0,5.0,6.875,1050.0,783.911,1920.0
143.0,8.0,3.0,701.457,1202.61,733.166,1287.25
143.0,139.0,0.0,1342.89,1519.43,729.195,1177.04
143.0,140.0,3.0,1813.44,2254.79,540.354,874.273
144.0,3.0,5.0,8.4375,1046.25,779.697,1920.0
144.0,8.0,3.0,703.797,1197.3,731.41,1286.51
144.0,139.0,0.0,1326.19,1502.3,715.916,1154.78
144.0,140.0,3.0,1821.56,2249.11,501.801,843.889
145.0,3.0,5.0,7.5,1047.5,778.286,1920.0
145.0,8.0,3.0,703.458,1202.66,729.715,1283.53
145.0,139.0,0.0,1313.06,1489.68,706.11,1150.25
145.0,140.0,3.0,1843.11,2253.03,479.273,789.344
146.0,3.0,5.0,7.5,1050.62,780.576,1920.0
146.0,8.0,3.0,701.4,1201.94,730.067,1285.51
146.0,139.0,0.0,1297.3,1476.32,705.813,1143.18
146.0,140.0,3.0,1848.52,2258.74,452.211,762.093
147.0,3.0,5.0,8.125,1049.38,780.675,1920.0
147.0,8.0,3.0,699.575,1197.8,728.323,1287.3
147.0,139.0,0.0,1259.47,1461.07,704.904,1131.3
147.0,140.0,3.0,1866.29,2262.54,422.63,721.223
148.0,3.0,5.0,6.875,1051.25,780.356,1920.0
148.0,8.0,3.0,699.566,1209.73,729.983,1288.48
148.0,139.0,0.0,1233.9,1442.24,693.181,1117.56
148.0,140.0,3.0,1886.56,2276.14,388.343,687.739
