2.0,2.0,0.0,1159.11,1410.1,113.13,340.753
2.0,4.0,3.0,1857.59,2315.53,76.6202,309.506
2.0,6.0,5.0,315.625,1209.38,652.077,1660.55
2.0,8.0,3.0,1874.81,2223.65,2.63221,123.281
2.0,9.0,3.0,8.87676,741.613,1629.93,1920.0
2.0,11.0,5.0,1381.52,1880.38,0.58392,172.723
3.0,2.0,0.0,1245.5,1482.75,97.7286,336.16
3.0,4.0,3.0,1938.64,2368.32,70.9666,305.707
3.0,6.0,5.0,322.5,1203.75,643.198,1660.45
3.0,8.0,3.0,1826.2,2270.97,6.78296,175.633
3.0,9.0,3.0,8.75,746.25,1593.74,1920.0
3.0,11.0,5.0,1373.36,1880.02,1.04381,172.805
3.0,13.0,0.0,1834.71,2022.15,43.6327,264.253
4.0,2.0,0.0,1318.92,1551.39,94.2913,334.827
4.0,4.0,3.0,2000.11,2431.65,65.1191,295.404
4.0,6.0,5.0,329.688,1206.25,636.405,1652.23
4.0,8.0,3.0,1844.62,2318.87,8.80019,155.93
4.0,9.0,3.0,11.25,751.875,1579.92,1920.0
4.0,11.0,5.0,1403.69,1893.5,0.0,169.175
4.0,13.0,0.0,1877.74,2036.11,44.1346,258.462
5.0,2.0,0.0,1388.84,1623.56,92.9531,334.667
5.0,4.0,3.0,2055.65,2526.98,53.5155,297.756
5.0,6.0,5.0,332.188,1212.5,632.826,1648.4
5.0,8.0,3.0,1806.08,2390.98,6.08397,158.181
5.0,9.0,3.0,14.0625,746.25,1562.52,1920.0
5.0,11.0,5.0,1405.11,1893.31,0.0,167.312
5.0,13.0,0.0,1925.29,2090.1,36.9952,248.582
6.0,2.0,0.0,1466.42,1691.79,91.2779,328.895
6.0,4.0,3.0,2119.58,2538.15,59.2276,287.469
6.0,6.0,5.0,337.5,1211.25,625.563,1640.03
6.0,8.0,3.0,1835.92,2377.13,5.87291,161.16
6.0,9.0,3.0,14.6875,753.75,1543.04,1917.66
6.0,11.0,5.0,1393.78,1892.15,0.0,173.647
6.0,13.0,0.0,1969.47,2144.38,37.2836,245.264
7.0,2.0,0.0,1541.48,1745.01,82.72,324.08
7.0,4.0,3.0,2171.44,2546.78,54.3835,282.402
7.0,6.0,5.0,340.938,1212.5,626.742,1615.89
7.0,8.0,3.0,1847.64,2266.52,0.0,181.822
7.0,9.0,3.0,17.8125,752.5,1528.73,1919.04
7.0,11.0,5.0,1369.75,1879.07,0.0,173.031
7.0,13.0,0.0,2012.4,2190.67,39.3029,244.543
8.0,2.0,0.0,1596.02,1814.43,88.6827,314.645
8.0,4.0,3.0,2246.25,2553.19,47.1613,272.304
8.0,6.0,5.0,343.438,1211.25,624.529,1599.89
8.0,8.0,3.0,1843.43,2264.51,0.0,174.348
8.0,9.0,3.0,13.125,760.625,1523.34,1918.88
8.0,11.0,5.0,1357.36,1891.74,0.0,185.095
8.0,13.0,0.0,2047.69,2223.08,40.7452,245.986
9.0,2.0,0.0,1655.39,1881.48,82.1878,310.926
9.0,4.0,3.0,2297.02,2560.0,54.3029,263.293
9.0,6.0,5.0,363.125,1229.38,623.826,1596.69
9.0,8.0,3.0,1840.78,2271.37,0.0,180.426
9.0,9.0,3.0,29.375,785.0,1513.42,1918.28
9.0,11.0,5.0,1389.59,1895.38,0.0,179.473
9.0,13.0,0.0,2089.33,2249.13,25.0962,249.663
10.0,2.0,0.0,1727.43,1931.59,82.0447,302.881
10.0,4.0,3.0,2352.32,2560.0,34.5294,270.01
10.0,6.0,5.0,370.0,1226.25,617.254,1587.15
10.0,8.0,3.0,1835.95,2335.24,0.207818,172.852
10.0,9.0,3.0,29.6875,788.75,1501.97,1917.6
10.0,11.0,5.0,1386.61,1891.84,2.2515,172.926
10.0,13.0,0.0,2118.85,2287.31,31.4423,242.885
11.0,2.0,0.0,1788.66,1994.41,71.9684,303.177
11.0,6.0,5.0,374.688,1225.0,609.253,1586.88
11.0,8.0,3.0,1853.47,2312.75,2.6766,173.184
11.0,9.0,3.0,41.875,790.0,1473.04,1919.01
11.0,11.0,5.0,1380.63,1893.69,2.20144,169.493
11.0,13.0,0.0,2155.05,2324.95,34.399,242.668
12.0,2.0,0.0,1856.21,2054.78,75.5701,301.037
12.0,6.0,5.0,372.812,1227.5,606.574,1579.32
12.0,8.0,3.0,1843.11,2275.03,0.0,182.136
12.0,9.0,3.0,47.8125,795.0,1467.64,1907.66
12.0,11.0,5.0,1381.83,1881.18,1.90306,170.506
12.0,13.0,0.0,2192.79,2351.83,34.1106,242.957
13.0,2.0,0.0,1912.59,2107.72,59.0904,300.922
13.0,6.0,5.0,371.562,1232.5,600.536,1572.21
13.0,8.0,3.0,1847.66,2254.79,0.0,179.546
13.0,9.0,3.0,45.0,798.75,1459.76,1912.58
13.0,11.0,5.0,1384.61,1906.0,0.0,170.111
13.0,13.0,0.0,2226.83,2379.33,23.6538,239.712
14.0,2.0,0.0,1974.51,2168.54,64.1406,297.732
14.0,6.0,5.0,373.438,1232.5,595.893,1569.35
14.0,8.0,3.0,1835.16,2265.49,0.0,180.912
14.0,9.0,3.0,51.5625,807.5,1454.23,1913.79
14.0,11.0,5.0,1382.6,1894.48,0.0,168.476
14.0,13.0,0.0,2262.45,2423.7,26.5385,236.538
15.0,2.0,0.0,2030.81,2221.75,55.5349,286.856
15.0,6.0,5.0,375.938,1231.25,593.127,1560.19
15.0,8.0,3.0,1845.29,2239.22,1.09754,181.189
15.0,9.0,3.0,52.8125,808.75,1446.89,1915.11
15.0,11.0,5.0,1380.41,1889.36,1.54917,164.567
15.0,13.0,0.0,2294.33,2456.44,24.5192,236.394
16.0,2.0,0.0,2089.85,2278.88,51.5679,284.021
16.0,6.0,5.0,376.25,1237.5,585.806,1535.9
16.0,8.0,3.0,1841.67,2264.04,2.06438,176.829
16.0,9.0,3.0,61.25,809.375,1441.27,1912.85
16.0,11.0,5.0,1373.42,1893.8,2.50799,165.446
16.0,13.0,0.0,2344.28,2498.8,12.8365,231.202
17.0,2.0,0.0,2146.96,2335.35,53.3663,277.133
17.0,6.0,5.0,386.25,1238.75,585.202,1537.5
17.0,8.0,3.0,1841.13,2261.75,3.15978,174.084
17.0,9.0,3.0,72.5,820.0,1429.54,1913.89
17.0,11.0,5.0,1369.09,1880.46,1.76105,161.938
17.0,13.0,0.0,2401.11,2549.66,24.0865,232.067
18.0,2.0,0.0,2214.04,2382.88,66.9952,278.582
18.0,6.0,5.0,381.25,1240.0,584.813,1522.12
18.0,8.0,3.0,1851.14,2242.48,1.60201,179.509
18.0,9.0,3.0,80.3125,816.25,1425.01,1912.6
18.0,11.0,5.0,1380.59,1866.82,0.800714,164.137
19.0,2.0,0.0,2272.74,2434.95,55.4567,273.966
19.0,6.0,5.0,385.312,1246.25,577.223,1523.96
19.0,8.0,3.0,1857.61,2225.79,0.562985,182.822
19.0,9.0,3.0,87.5,810.625,1409.43,1919.96
19.0,11.0,5.0,1386.0,1872.15,0.0,167.619
20.0,2.0,0.0,2328.03,2490.43,52.5,267.692
20.0,6.0,5.0,391.25,1247.5,571.777,1524.08
20.0,8.0,3.0,1857.06,2237.01,0.579593,179.532
20.0,9.0,3.0,92.5,814.375,1406.12,1917.77
20.0,11.0,5.0,1376.57,1868.47,2.9187,164.747
20.0,27.0,3.0,2415.82,2559.57,0.0,119.099
21.0,2.0,0.0,2375.29,2538.56,54.375,264.375
21.0,6.0,5.0,395.0,1246.25,567.03,1525.05
21.0,8.0,3.0,1857.6,2234.59,0.414927,180.419
21.0,9.0,3.0,92.5,817.5,1398.54,1915.78
21.0,11.0,5.0,1373.25,1843.98,2.77143,166.987
21.0,27.0,3.0,2420.53,2560.0,0.0,115.421
21.0,30.0,3.0,2145.0,2353.46,0.0,101.322
22.0,6.0,5.0,399.062,1248.75,568.789,1519.0
22.0,8.0,3.0,1858.57,2222.98,0.0,184.833
22.0,9.0,3.0,93.75,809.375,1391.13,1917.62
22.0,11.0,5.0,1382.66,1835.4,0.389786,171.899
22.0,27.0,3.0,2426.54,2560.0,0.0,66.7428
22.0,30.0,3.0,2150.67,2350.87,0.0,97.6082
23.0,6.0,5.0,401.25,1253.75,559.488,1523.6
23.0,8.0,3.0,1858.44,2226.26,0.280459,182.762
23.0,9.0,3.0,96.25,825.0,1385.75,1915.8
23.0,11.0,5.0,1389.19,1830.45,0.0,171.083
23.0,27.0,3.0,2426.25,2560.0,0.0,62.4339
23.0,30.0,3.0,2150.67,2350.87,0.0,97.6082
24.0,6.0,5.0,406.562,1257.5,562.887,1520.67
24.0,8.0,3.0,1858.01,2233.26,1.35715,177.105
24.0,9.0,3.0,98.4375,831.25,1386.0,1915.97
24.0,11.0,5.0,1389.02,1833.12,0.0,167.44
24.0,27.0,3.0,2421.73,2560.0,0.0,61.0457
25.0,6.0,5.0,406.562,1255.0,563.737,1520.23
25.0,8.0,3.0,1856.77,2227.38,2.14447,177.208
25.0,9.0,3.0,97.8125,830.0,1380.46,1912.24
25.0,11.0,5.0,1385.52,1819.99,0.0,168.957
25.0,27.0,3.0,2422.4,2560.0,0.0,64.1647
25.0,30.0,3.0,2153.65,2347.88,0.0,97.7164
26.0,6.0,5.0,410.625,1256.88,558.6,1494.31
26.0,8.0,3.0,1857.22,2228.28,1.61204,177.017
26.0,9.0,3.0,101.875,823.75,1373.44,1907.58
26.0,11.0,5.0,1370.48,1822.9,0.0,169.202
26.0,27.0,3.0,2420.82,2560.0,0.0,63.119
26.0,30.0,3.0,2154.13,2347.4,0.0,97.5361
27.0,6.0,5.0,408.438,1252.5,558.884,1491.86
27.0,8.0,3.0,1856.28,2228.79,1.2222,177.96
27.0,9.0,3.0,99.0625,828.75,1376.0,1904.53
27.0,11.0,5.0,1372.41,1829.16,0.0,175.368
27.0,27.0,3.0,2421.35,2560.0,0.0,63.9123
27.0,30.0,3.0,2152.16,2346.3,0.0,98.9784
28.0,6.0,5.0,410.625,1248.12,560.157,1491.88
28.0,8.0,3.0,1855.94,2228.28,1.99712,177.917
28.0,9.0,3.0,96.25,823.125,1372.16,1904.11
28.0,11.0,5.0,1409.48,1832.31,0.0,177.464
28.0,27.0,3.0,2424.9,2560.0,0.0,63.2632
28.0,30.0,3.0,2151.39,2347.07,0.0,97.6803
29.0,6.0,5.0,413.125,1255.62,559.829,1492.12
29.0,8.0,3.0,1851.79,2229.7,2.04408,181.872
29.0,9.0,3.0,98.75,827.5,1372.77,1908.81
29.0,11.0,5.0,1409.48,1832.31,0.0,177.464
29.0,27.0,3.0,2428.27,2560.0,0.0,62.8846
29.0,30.0,3.0,2154.52,2350.1,0.0,97.2115
30.0,6.0,5.0,409.688,1253.75,559.138,1491.54
30.0,8.0,3.0,1854.89,2225.95,0.0685,183.981
30.0,9.0,3.0,100.0,823.125,1370.53,1908.61
30.0,27.0,3.0,2425.58,2560.0,0.0,62.7224
30.0,30.0,3.0,2154.52,2350.1,0.0,97.2115
31.0,6.0,5.0,410.0,1255.0,556.549,1494.32
31.0,8.0,3.0,1849.54,2227.0,0.108662,184.022
31.0,9.0,3.0,100.312,825.0,1371.81,1910.63
31.0,27.0,3.0,2425.72,2560.0,0.0,62.9387
32.0,6.0,5.0,412.188,1252.5,558.017,1493.15
32.0,8.0,3.0,1852.91,2225.79,0.0,182.162
32.0,9.0,3.0,98.4375,826.25,1373.07,1910.36
32.0,25.0,5.0,733.75,1856.25,8.36889,345.246
32.0,27.0,3.0,2427.21,2560.0,0.0,61.6046
33.0,6.0,5.0,410.312,1256.25,559.883,1490.35
33.0,8.0,3.0,1859.07,2221.0,0.0,181.31
33.0,9.0,3.0,99.0625,826.25,1371.94,1908.53
33.0,25.0,5.0,932.5,1905.0,5.82825,336.432
33.0,27.0,3.0,2426.39,2560.0,0.018028,61.3522
34.0,6.0,5.0,412.5,1253.75,558.68,1491.65
34.0,8.0,3.0,1927.4,2183.37,2.01923,170.337
34.0,9.0,3.0,100.0,825.0,1371.37,1909.37
34.0,25.0,5.0,923.75,1987.5,6.20914,345.646
34.0,27.0,3.0,2426.2,2560.0,0.0,62.4519
35.0,6.0,5.0,410.938,1252.5,561.656,1491.44
35.0,8.0,3.0,1927.4,2183.37,2.01923,170.337
35.0,9.0,3.0,99.0625,821.25,1374.13,1907.73
35.0,25.0,5.0,990.625,2060.0,3.67543,341.871
35.0,27.0,3.0,2428.7,2560.0,0.0,62.2897
35.0,30.0,3.0,2159.81,2347.88,0.0,96.851
35.0,32.0,3.0,1566.08,2043.59,747.615,1189.1
36.0,6.0,5.0,412.188,1252.5,561.408,1490.74
36.0,9.0,3.0,100.0,823.125,1374.83,1907.66
36.0,25.0,5.0,1077.5,2140.0,2.88719,332.443
36.0,27.0,3.0,2428.27,2560.0,0.0,61.5144
36.0,30.0,3.0,2154.9,2346.63,0.0,96.7067
36.0,32.0,3.0,1569.7,2043.49,710.372,1140.79
37.0,6.0,5.0,411.875,1253.12,560.125,1491.62
37.0,9.0,3.0,99.375,821.25,1371.12,1908.81
37.0,25.0,5.0,1151.25,2205.0,9.92299,326.777
37.0,27.0,3.0,2425.77,2560.0,0.522838,58.9724
37.0,30.0,3.0,2146.44,2352.02,0.0,96.7789
37.0,32.0,3.0,1589.66,2031.61,672.926,1091.12
38.0,6.0,5.0,409.375,1254.38,559.062,1493.06
38.0,9.0,3.0,99.6875,821.25,1372.08,1910.64
38.0,25.0,5.0,1240.62,2265.0,6.54729,320.628
38.0,27.0,3.0,2423.46,2560.0,0.0,61.3161
38.0,30.0,3.0,2146.44,2352.02,0.0,96.7789
38.0,32.0,3.0,1589.62,2037.4,649.848,1045.42
39.0,6.0,5.0,410.625,1254.38,559.107,1492.31
39.0,9.0,3.0,100.312,820.0,1372.42,1908.05
39.0,25.0,5.0,1340.0,2305.0,2.58432,322.86
39.0,27.0,3.0,2423.46,2560.0,0.0,61.3161
39.0,32.0,3.0,1603.98,2039.74,612.784,1006.14
40.0,6.0,5.0,411.875,1254.38,560.821,1488.79
40.0,9.0,3.0,100.312,817.5,1371.07,1906.47
40.0,25.0,5.0,1398.75,2377.5,7.24005,309.953
40.0,27.0,3.0,2420.19,2560.0,0.0,66.2921
40.0,32.0,3.0,1623.29,2049.75,590.632,979.69
41.0,6.0,5.0,411.25,1251.25,560.547,1489.2
41.0,9.0,3.0,97.1875,833.75,1372.79,1910.05
41.0,25.0,5.0,1525.0,2430.0,0.0,320.579
41.0,27.0,3.0,2420.19,2560.0,0.0,66.2921
41.0,32.0,3.0,1638.08,2059.14,563.184,939.353
42.0,6.0,5.0,410.625,1251.88,559.412,1490.34
42.0,9.0,3.0,93.4375,831.25,1369.02,1907.64
42.0,11.0,5.0,1340.58,1588.65,0.0,163.558
42.0,25.0,5.0,1512.5,2545.0,4.51404,286.949
42.0,32.0,3.0,1659.06,2069.58,539.228,897.733
43.0,6.0,5.0,411.875,1251.88,562.679,1487.04
43.0,9.0,3.0,95.9375,830.0,1370.19,1906.13
43.0,11.0,5.0,1348.54,1749.76,3.76757,164.101
43.0,25.0,5.0,1600.0,2560.0,1.16219,289.872
43.0,32.0,3.0,1680.44,2088.37,514.22,861.44
44.0,6.0,5.0,409.688,1253.75,563.48,1487.38
44.0,9.0,3.0,94.0625,831.25,1369.61,1906.0
44.0,11.0,5.0,1351.35,1760.87,1.17209,170.601
44.0,25.0,5.0,1768.75,2560.0,0.0,328.143
44.0,32.0,3.0,1705.93,2105.97,485.048,831.592
45.0,6.0,5.0,410.625,1253.12,561.454,1488.75
45.0,9.0,3.0,92.8125,828.75,1370.37,1906.19
45.0,11.0,5.0,1356.93,1769.67,0.0,171.479
45.0,25.0,5.0,1806.25,2546.25,0.0,319.253
45.0,32.0,3.0,1727.0,2122.23,461.832,794.449
46.0,6.0,5.0,409.375,1253.12,564.729,1486.04
46.0,9.0,3.0,93.75,831.25,1371.48,1905.23
46.0,11.0,5.0,1353.74,1763.67,0.0,171.812
46.0,25.0,5.0,1846.59,2560.0,0.0,288.403
46.0,32.0,3.0,1760.57,2145.28,442.126,760.209
47.0,6.0,5.0,409.375,1254.38,564.488,1486.25
47.0,9.0,3.0,94.0625,831.25,1371.52,1905.33
47.0,11.0,5.0,1348.9,1773.03,0.134926,164.391
47.0,25.0,1.0,1901.98,2560.0,0.0,305.723
47.0,32.0,3.0,1784.27,2162.56,418.454,733.947
48.0,6.0,5.0,411.25,1253.75,561.286,1489.49
48.0,9.0,3.0,90.9375,830.0,1371.1,1906.19
48.0,11.0,5.0,1340.23,1885.15,0.0,168.276
48.0,25.0,1.0,1961.96,2547.86,0.0,316.776
48.0,32.0,3.0,1815.6,2184.5,394.505,705.031
48.0,45.0,0.0,1618.77,1698.15,17.8125,185.553
49.0,6.0,5.0,411.562,1253.75,560.398,1489.05
49.0,9.0,3.0,92.8125,831.25,1371.35,1905.36
49.0,11.0,5.0,1328.09,1917.15,0.0,166.888
49.0,25.0,1.0,2019.02,2560.0,5.25837,299.833
49.0,32.0,3.0,1849.93,2222.17,374.471,676.179
49.0,45.0,0.0,1599.95,1689.28,37.0673,197.885
50.0,6.0,5.0,411.25,1255.0,562.039,1487.07
50.0,8.0,3.0,1837.31,2128.85,6.49039,174.663
50.0,9.0,3.0,95.3125,830.0,1370.72,1905.5
50.0,11.0,5.0,1341.77,1926.53,0.0,169.865
50.0,25.0,1.0,2073.66,2560.0,0.0,308.186
50.0,32.0,3.0,1872.92,2236.54,356.546,648.116
50.0,36.0,3.0,983.794,1517.0,110.963,350.823
50.0,45.0,0.0,1565.34,1674.66,29.351,199.111
51.0,6.0,5.0,411.562,1255.0,557.717,1491.26
51.0,8.0,3.0,1834.71,2149.9,4.54328,177.188
51.0,9.0,3.0,92.5,831.875,1369.1,1905.67
51.0,11.0,5.0,1310.51,1936.03,0.0,181.169
51.0,25.0,5.0,2125.19,2557.05,0.0,275.589
51.0,32.0,3.0,1908.84,2262.47,338.357,625.476
51.0,36.0,3.0,1069.47,1592.78,107.894,349.643
51.0,45.0,0.0,1565.34,1674.66,29.351,199.111
52.0,6.0,5.0,410.0,1255.0,562.097,1488.49
52.0,8.0,3.0,1821.21,2211.46,4.86113,182.594
52.0,9.0,3.0,92.5,831.875,1369.79,1904.8
52.0,11.0,5.0,1041.18,1836.75,7.78134,186.123
52.0,25.0,1.0,2149.36,2551.26,0.0,327.841
52.0,32.0,3.0,1943.43,2290.73,321.247,596.761
52.0,36.0,3.0,1143.07,1659.4,106.407,347.111
53.0,6.0,5.0,416.25,1257.5,562.509,1488.11
53.0,8.0,3.0,1807.92,2213.96,5.53252,184.572
53.0,9.0,3.0,92.1875,833.75,1373.46,1902.72
53.0,11.0,5.0,1248.05,1970.83,0.0,169.329
53.0,25.0,5.0,2249.73,2547.04,0.0,271.131
53.0,32.0,3.0,1971.74,2329.37,301.923,571.951
53.0,36.0,3.0,1223.68,1740.01,108.118,342.773
54.0,6.0,5.0,414.062,1261.25,560.44,1491.48
54.0,8.0,3.0,1804.21,2202.88,7.04275,185.646
54.0,9.0,3.0,93.75,828.75,1374.93,1904.2
54.0,11.0,5.0,1238.37,1968.97,0.0,183.931
54.0,25.0,1.0,2293.23,2558.37,0.0,268.571
54.0,32.0,3.0,2007.76,2352.79,282.488,558.271
54.0,36.0,3.0,1291.9,1811.77,91.3089,341.441
55.0,6.0,5.0,412.5,1260.0,558.72,1493.52
55.0,8.0,3.0,1796.78,2196.04,3.99708,190.078
55.0,9.0,3.0,93.4375,827.5,1373.15,1905.67
55.0,11.0,5.0,1247.0,1974.39,0.0,167.602
55.0,25.0,1.0,2347.83,2549.48,0.0,271.762
55.0,30.0,3.0,2138.85,2353.46,0.0,102.512
55.0,32.0,3.0,2040.86,2371.13,262.922,529.984
55.0,36.0,3.0,1357.16,1886.9,96.1582,334.879
56.0,6.0,5.0,413.75,1258.75,560.123,1490.37
56.0,8.0,3.0,1788.25,2181.41,1.98476,190.673
56.0,9.0,3.0,91.25,830.625,1372.94,1902.58
56.0,11.0,5.0,1301.46,1935.59,0.0,198.641
56.0,25.0,1.0,2398.37,2558.83,0.0,247.669
56.0,30.0,3.0,2136.44,2368.17,0.0,99.6635
56.0,32.0,3.0,2078.73,2412.16,248.78,515.028
56.0,36.0,3.0,1429.36,1945.06,95.6906,327.159
57.0,6.0,5.0,413.75,1257.5,560.46,1490.59
57.0,8.0,3.0,1784.76,2166.48,0.0,191.989
57.0,9.0,3.0,92.8125,831.25,1372.2,1904.12
57.0,11.0,5.0,1285.67,1934.83,0.0,195.54
57.0,25.0,1.0,2431.68,2556.01,2.45193,244.327
57.0,30.0,3.0,2131.35,2364.04,0.0,102.548
57.0,32.0,3.0,2106.18,2444.61,234.572,495.065
57.0,36.0,3.0,1503.44,2002.42,94.6045,323.795
57.0,45.0,0.0,1403.99,1511.39,46.3702,224.495
58.0,6.0,5.0,413.438,1256.25,555.966,1494.65
58.0,8.0,3.0,1771.89,2140.78,0.402503,188.126
58.0,9.0,3.0,91.5625,828.75,1374.37,1904.87
58.0,11.0,5.0,1219.89,1864.63,0.0,186.559
58.0,25.0,1.0,2431.68,2556.01,2.45193,244.327
58.0,30.0,3.0,2133.56,2352.6,0.0,99.0865
58.0,32.0,3.0,2143.43,2463.7,221.532,482.901
58.0,36.0,3.0,1561.96,2054.04,89.3417,326.053
58.0,45.0,0.0,1370.43,1475.72,36.9952,233.149
59.0,6.0,5.0,412.5,1260.0,554.796,1494.28
59.0,8.0,3.0,1748.26,2134.62,0.228274,180.056
59.0,9.0,3.0,92.5,828.75,1373.56,1904.34
59.0,11.0,5.0,1181.97,1896.68,0.0,186.571
59.0,30.0,3.0,2128.08,2358.08,0.649037,104.639
59.0,32.0,3.0,2181.12,2503.82,213.565,464.109
59.0,36.0,3.0,1634.92,2124.61,91.4576,321.181
59.0,45.0,0.0,1328.89,1460.34,47.8125,230.841
60.0,6.0,5.0,411.25,1260.0,555.629,1494.54
60.0,8.0,3.0,1705.39,2107.54,2.8737,179.31
60.0,9.0,3.0,93.125,827.5,1374.65,1904.22
60.0,11.0,5.0,1181.97,1896.68,0.0,186.571
60.0,30.0,3.0,2108.27,2445.58,0.0,110.805
60.0,36.0,3.0,1703.9,2168.35,88.3194,317.482
60.0,45.0,0.0,1328.89,1460.34,47.8125,230.841
60.0,46.0,3.0,1003.17,1543.98,114.12,356.882
61.0,6.0,5.0,411.875,1258.12,557.692,1493.17
61.0,8.0,3.0,1701.74,2081.69,6.74498,202.663
61.0,9.0,3.0,92.5,825.0,1373.55,1905.37
61.0,11.0,5.0,1133.45,1919.75,0.0,199.02
61.0,30.0,3.0,2096.83,2389.33,0.0,108.317
61.0,36.0,3.0,1754.34,2224.81,86.2277,313.441
61.0,46.0,3.0,1103.93,1634.02,115.138,351.922
62.0,6.0,5.0,412.5,1258.75,556.954,1493.12
62.0,8.0,3.0,1684.36,2079.74,1.5869,205.284
62.0,9.0,3.0,93.125,830.0,1372.53,1905.42
62.0,11.0,5.0,1133.45,1919.75,0.0,199.02
62.0,30.0,3.0,2043.64,2549.99,0.0,136.198
62.0,36.0,3.0,1811.76,2269.51,84.4536,306.458
62.0,46.0,3.0,1194.02,1732.46,110.239,354.234
63.0,6.0,5.0,414.062,1258.75,560.054,1489.96
63.0,8.0,3.0,1662.93,2051.61,2.24009,203.294
63.0,9.0,3.0,95.3125,828.75,1373.07,1903.98
63.0,11.0,5.0,1233.62,1860.66,0.0,223.211
63.0,30.0,3.0,2077.6,2408.56,3.89423,112.644
63.0,36.0,3.0,1866.15,2311.91,76.9719,303.299
63.0,46.0,3.0,1289.44,1810.2,107.292,346.948
64.0,6.0,5.0,411.875,1255.62,558.028,1491.45
64.0,8.0,3.0,1657.97,2047.98,5.87682,209.649
64.0,9.0,3.0,94.6875,827.5,1375.96,1904.67
64.0,11.0,5.0,1233.3,1853.95,0.0,196.429
64.0,30.0,3.0,2059.04,2334.81,0.757213,109.075
64.0,36.0,3.0,1919.38,2353.93,77.8848,295.223
64.0,45.0,0.0,1197.88,1319.04,52.3558,262.644
64.0,46.0,3.0,1378.64,1891.33,108.427,343.11
65.0,6.0,5.0,413.438,1252.5,557.286,1493.79
65.0,8.0,3.0,1632.2,2024.98,15.0046,194.351
65.0,9.0,3.0,93.125,831.25,1371.51,1906.59
65.0,11.0,5.0,1255.24,1824.5,0.0,188.652
65.0,30.0,3.0,2059.04,2334.81,0.757213,109.075
65.0,36.0,3.0,1973.96,2387.86,66.6977,291.017
65.0,46.0,3.0,1448.32,1965.15,99.114,336.419
66.0,6.0,5.0,413.75,1247.5,558.898,1491.53
66.0,8.0,3.0,1588.84,2019.2,16.9949,203.303
66.0,9.0,3.0,94.6875,833.75,1371.64,1906.71
66.0,11.0,5.0,1186.9,1850.49,0.0,201.744
66.0,30.0,3.0,2043.08,2338.46,2.48798,114.772
66.0,36.0,3.0,2019.85,2433.54,68.3828,284.03
66.0,46.0,3.0,1535.27,2035.53,98.3873,333.587
67.0,6.0,5.0,415.0,1250.0,560.709,1490.16
67.0,8.0,3.0,1595.52,2003.75,14.4515,218.647
67.0,9.0,3.0,91.5625,835.0,1371.51,1907.52
67.0,11.0,5.0,1152.92,1874.3,0.0,186.18
67.0,30.0,3.0,2043.08,2338.46,2.48798,114.772
67.0,36.0,3.0,2061.13,2490.36,49.6763,284.388
67.0,46.0,3.0,1605.79,2095.0,95.4037,325.716
68.0,6.0,5.0,415.0,1252.5,560.053,1490.18
68.0,8.0,3.0,1592.85,1978.31,10.5066,237.637
68.0,9.0,3.0,91.5625,832.5,1370.58,1907.12
68.0,11.0,5.0,1105.24,1775.67,0.0,201.63
68.0,36.0,3.0,2095.56,2524.72,54.2229,281.381
68.0,46.0,3.0,1679.36,2162.37,106.592,318.249
69.0,6.0,5.0,414.062,1250.0,561.088,1489.4
69.0,8.0,3.0,1562.9,1957.89,17.3479,235.031
69.0,9.0,3.0,91.875,835.0,1373.15,1906.56
69.0,11.0,5.0,1111.1,1756.16,0.0,205.62
69.0,36.0,3.0,2147.84,2537.57,44.3507,279.493
69.0,46.0,3.0,1742.74,2205.69,92.9087,319.374
70.0,6.0,5.0,414.375,1250.62,560.936,1488.91
70.0,8.0,3.0,1555.23,1941.26,21.0282,232.195
70.0,9.0,3.0,90.0,840.0,1375.51,1902.44
70.0,11.0,5.0,1106.22,1741.9,0.0,207.866
70.0,30.0,3.0,1973.46,2395.77,4.29087,122.127
70.0,36.0,3.0,2212.37,2546.13,50.4649,266.085
70.0,46.0,3.0,1785.11,2261.65,83.5388,315.8
71.0,6.0,5.0,413.125,1254.38,560.697,1489.92
71.0,8.0,3.0,1537.1,1940.87,27.0675,237.642
71.0,9.0,3.0,90.625,836.25,1375.0,1902.95
71.0,11.0,5.0,1087.82,1738.26,0.0,211.685
71.0,30.0,3.0,1986.92,2302.31,3.35336,119.531
71.0,36.0,3.0,2249.46,2557.53,45.7537,262.403
71.0,46.0,3.0,1848.31,2307.4,81.7563,312.942
71.0,57.0,3.0,107.683,981.447,1756.57,1920.0
72.0,6.0,5.0,413.125,1251.88,559.534,1490.57
72.0,8.0,3.0,1513.17,1922.84,24.6202,242.596
72.0,9.0,3.0,87.5,836.875,1377.26,1899.89
72.0,11.0,5.0,1034.43,1649.65,0.0,220.216
72.0,30.0,3.0,1977.5,2290.19,0.90144,114.267
72.0,36.0,3.0,2291.55,2555.98,40.7515,264.627
72.0,46.0,3.0,1898.16,2347.36,74.12,304.489
72.0,57.0,3.0,103.668,987.3,1758.54,1919.98
73.0,6.0,5.0,414.375,1251.88,557.789,1493.38
73.0,8.0,3.0,1504.54,1905.46,22.6298,247.223
73.0,9.0,3.0,88.125,837.5,1378.66,1900.01
73.0,11.0,5.0,1054.83,1636.46,0.0,218.383
73.0,30.0,3.0,1944.04,2271.35,2.1274,128.618
73.0,36.0,3.0,2329.5,2559.06,25.2343,253.749
73.0,46.0,3.0,1948.83,2367.45,66.0464,303.467
73.0,57.0,3.0,105.602,985.79,1756.84,1920.0
74.0,6.0,5.0,415.312,1252.5,556.907,1493.64
74.0,8.0,3.0,1489.01,1887.88,21.7022,251.762
74.0,9.0,3.0,88.125,835.625,1376.79,1901.83
74.0,11.0,5.0,1040.95,1644.27,4.53147,205.438
74.0,30.0,3.0,1924.62,2256.92,2.23558,158.005
74.0,36.0,3.0,2342.98,2560.0,22.5174,251.255
74.0,46.0,3.0,1990.33,2410.74,66.5959,296.909
74.0,57.0,3.0,103.243,987.307,1756.38,1920.0
75.0,6.0,5.0,414.375,1253.12,558.127,1492.92
75.0,8.0,3.0,1484.51,1876.81,29.5156,251.736
75.0,9.0,3.0,88.75,833.75,1376.06,1901.99
75.0,11.0,5.0,974.994,1657.98,0.0,231.264
75.0,30.0,3.0,1884.46,2290.11,9.61472,159.208
75.0,36.0,3.0,2397.5,2559.42,26.25,228.173
75.0,46.0,3.0,2038.55,2447.52,59.3231,288.822
75.0,55.0,3.0,922.65,1572.29,128.968,366.374
75.0,57.0,3.0,104.238,984.856,1755.86,1920.0
76.0,6.0,5.0,415.625,1251.88,556.803,1492.51
76.0,8.0,3.0,1475.25,1845.5,38.9543,260.228
76.0,9.0,3.0,92.1875,831.25,1371.17,1904.11
76.0,11.0,5.0,991.925,1681.95,0.0,264.861
76.0,30.0,3.0,1868.51,2245.05,3.31148,168.09
76.0,36.0,3.0,2421.73,2559.81,15.5769,232.356
76.0,46.0,3.0,2075.39,2477.88,62.297,281.26
76.0,55.0,3.0,1021.66,1650.55,113.718,367.65
76.0,57.0,3.0,103.747,978.365,1751.02,1920.0
77.0,6.0,5.0,412.5,1260.0,560.15,1489.03
77.0,8.0,3.0,1469.12,1840.18,35.0768,240.046
77.0,9.0,3.0,96.5625,828.75,1372.74,1905.98
77.0,11.0,5.0,951.19,1667.65,0.0,237.253
77.0,30.0,3.0,1863.75,2234.08,3.62876,178.606
77.0,46.0,3.0,2117.26,2505.28,59.6798,277.31
77.0,55.0,3.0,1105.89,1733.55,115.519,358.711
77.0,57.0,3.0,103.747,978.365,1751.02,1920.0
78.0,6.0,5.0,410.625,1261.88,560.71,1488.23
78.0,8.0,3.0,1461.22,1822.89,34.337,234.681
78.0,9.0,3.0,96.25,828.75,1373.27,1907.2
78.0,30.0,3.0,1842.82,2230.93,1.97464,176.44
78.0,46.0,3.0,2157.42,2532.03,53.6063,276.425
78.0,55.0,3.0,1188.3,1804.12,113.121,356.239
78.0,27.0,3.0,2205.38,2508.46,0.0,100.132
79.0,6.0,5.0,412.812,1260.0,561.475,1487.64
79.0,8.0,3.0,1457.31,1807.31,57.9087,196.226
79.0,9.0,3.0,95.0,826.875,1368.9,1908.15
79.0,30.0,3.0,1839.9,2206.19,3.42124,180.202
79.0,46.0,3.0,2181.49,2538.77,57.6738,264.503
79.0,55.0,3.0,1278.89,1898.33,121.593,347.451
79.0,57.0,3.0,110.016,968.974,1753.94,1920.0
79.0,27.0,3.0,2191.54,2497.69,0.0,98.4014
80.0,6.0,5.0,410.312,1260.0,557.882,1490.4
80.0,8.0,3.0,1360.49,1834.88,34.522,235.331
80.0,9.0,3.0,97.5,826.875,1374.33,1906.63
80.0,30.0,3.0,1824.72,2198.69,4.42902,183.425
80.0,46.0,3.0,2225.17,2555.36,54.9622,263.745
80.0,55.0,3.0,1354.83,1972.46,114.745,345.283
80.0,57.0,3.0,110.016,968.974,1753.94,1920.0
80.0,27.0,3.0,2190.19,2477.5,1.26202,97.2476
81.0,6.0,5.0,410.938,1257.5,558.336,1491.08
81.0,8.0,3.0,1379.7,1803.73,34.3744,251.686
81.0,9.0,3.0,95.3125,827.5,1373.68,1906.57
81.0,30.0,3.0,1815.88,2176.93,5.92597,185.535
81.0,46.0,3.0,2264.41,2560.0,44.8634,260.774
81.0,55.0,3.0,1462.78,2045.4,112.437,341.349
81.0,27.0,3.0,2170.1,2423.75,1.08173,102.332
82.0,6.0,5.0,411.875,1260.62,559.22,1489.24
82.0,8.0,3.0,1380.62,1751.96,41.3856,280.092
82.0,9.0,3.0,96.25,828.125,1371.66,1906.08
82.0,30.0,3.0,1818.52,2160.53,1.99424,192.767
82.0,46.0,3.0,2301.94,2553.9,38.75,263.064
82.0,55.0,3.0,1554.49,2102.75,111.521,342.284
82.0,56.0,5.0,1282.5,2140.0,847.262,1913.2
82.0,27.0,3.0,2160.19,2399.81,0.0,100.637
83.0,6.0,5.0,413.75,1260.0,558.161,1490.68
83.0,8.0,3.0,1364.5,1745.84,47.8896,275.464
83.0,9.0,3.0,95.625,828.75,1372.16,1905.84
83.0,30.0,3.0,1799.52,2123.56,0.576925,157.212
83.0,46.0,3.0,2334.13,2560.0,39.9519,241.298
83.0,55.0,3.0,1598.85,2175.95,100.781,330.785
83.0,56.0,5.0,1295.0,2126.25,824.883,1880.92
83.0,27.0,3.0,2153.46,2409.62,0.0,99.2668
84.0,6.0,5.0,411.25,1257.5,558.047,1490.79
84.0,8.0,3.0,1353.4,1747.19,54.0762,281.456
84.0,9.0,3.0,97.1875,827.5,1376.26,1904.54
84.0,30.0,3.0,1774.81,2117.5,3.10096,126.13
84.0,46.0,3.0,2361.36,2555.92,16.8779,246.063
84.0,55.0,3.0,1674.94,2234.56,101.929,329.781
84.0,56.0,5.0,1286.25,2120.0,800.964,1814.56
84.0,27.0,3.0,2136.06,2414.71,0.0,111.346
85.0,6.0,5.0,414.688,1257.5,559.372,1489.84
85.0,8.0,3.0,1336.79,1738.2,57.1263,281.145
85.0,9.0,3.0,99.6875,833.75,1372.86,1906.64
85.0,30.0,3.0,1781.15,2111.15,7.13943,156.562
85.0,46.0,3.0,2399.86,2560.0,29.9279,231.562
85.0,55.0,3.0,1747.62,2291.35,95.5204,322.678
85.0,56.0,5.0,1292.5,2105.0,779.277,1766.14
85.0,27.0,3.0,2119.52,2385.1,0.0,114.844
86.0,6.0,5.0,415.312,1251.25,558.188,1489.11
86.0,8.0,3.0,1329.42,1728.48,58.6096,285.296
86.0,9.0,3.0,99.6875,828.75,1374.82,1902.03
86.0,30.0,3.0,1742.89,2128.35,0.948379,187.12
86.0,55.0,3.0,1813.83,2335.55,89.5358,318.531
86.0,56.0,5.0,1308.75,2098.75,765.971,1717.81
86.0,27.0,3.0,2113.94,2396.83,0.46875,118.089
87.0,6.0,5.0,414.375,1255.62,558.184,1490.13
87.0,8.0,3.0,1318.84,1714.79,58.7001,289.379
87.0,9.0,3.0,99.0625,836.25,1373.91,1905.48
87.0,30.0,3.0,1741.79,2085.05,4.78397,192.004
87.0,55.0,3.0,1863.75,2378.95,89.5705,310.008
87.0,56.0,5.0,1317.5,2085.0,729.014,1688.9
87.0,27.0,3.0,2099.23,2390.0,1.18991,122.127
87.0,64.0,3.0,1620.38,1970.38,2.09135,120.288
88.0,6.0,5.0,411.25,1255.0,557.37,1491.71
88.0,8.0,3.0,1305.32,1703.9,61.2747,291.335
88.0,9.0,3.0,97.5,833.125,1371.65,1905.79
88.0,30.0,3.0,1752.86,2082.72,9.71061,197.343
88.0,55.0,3.0,1937.28,2415.86,90.9252,313.472
88.0,56.0,5.0,1312.5,2063.75,710.881,1632.53
88.0,27.0,3.0,2084.52,2377.02,1.65866,118.125
88.0,64.0,3.0,1591.35,1928.65,2.19952,120.18
89.0,6.0,5.0,410.0,1266.25,561.557,1486.36
89.0,8.0,3.0,1293.78,1693.43,57.9983,294.32
89.0,9.0,3.0,97.5,840.625,1374.88,1901.97
89.0,30.0,3.0,1754.94,2067.79,6.44993,206.207
89.0,55.0,3.0,1983.12,2467.22,86.3964,309.188
89.0,56.0,5.0,1313.75,2056.25,705.026,1607.97
89.0,27.0,3.0,2081.73,2370.58,2.66827,126.13
89.0,64.0,3.0,1524.82,1971.1,0.0,139.195
90.0,6.0,5.0,409.375,1256.88,560.846,1488.93
90.0,8.0,3.0,1280.61,1686.66,60.6998,298.701
90.0,9.0,3.0,96.5625,841.25,1376.53,1901.46
90.0,30.0,3.0,1746.87,2051.43,7.71588,214.52
90.0,55.0,3.0,2028.35,2489.16,70.0057,302.437
90.0,56.0,5.0,1321.25,2042.5,658.377,1593.99
90.0,27.0,3.0,2063.08,2383.08,0.865381,130.096
90.0,64.0,3.0,1521.5,1963.08,0.0,157.988
91.0,6.0,5.0,407.812,1252.5,558.77,1490.03
91.0,8.0,3.0,1273.26,1674.08,65.2055,300.319
91.0,9.0,3.0,95.9375,841.25,1378.91,1900.12
91.0,30.0,3.0,1741.83,2039.71,6.49038,206.394
91.0,55.0,3.0,2078.65,2535.18,64.4194,298.816
91.0,56.0,5.0,1321.25,2036.25,645.66,1569.47
91.0,27.0,3.0,2040.29,2322.79,0.649037,129.303
91.0,64.0,3.0,1479.3,1928.53,0.0,160.877
92.0,6.0,5.0,411.562,1261.25,562.145,1486.28
92.0,8.0,3.0,1263.77,1670.56,64.4246,302.971
92.0,9.0,3.0,99.0625,840.0,1377.77,1900.07
92.0,30.0,3.0,1747.88,2033.65,5.55288,208.341
92.0,55.0,3.0,2113.17,2555.46,58.5771,289.171
92.0,56.0,5.0,1322.5,2031.25,613.823,1531.79
92.0,27.0,3.0,2028.65,2282.12,0.0,133.413
92.0,64.0,3.0,1469.81,1831.73,3.10096,149.784
93.0,6.0,5.0,411.562,1257.5,563.254,1485.13
93.0,8.0,3.0,1252.75,1657.11,66.2064,304.353
93.0,9.0,3.0,97.5,837.5,1379.15,1899.11
93.0,30.0,3.0,1745.29,2023.94,10.3846,206.25
93.0,55.0,3.0,2169.06,2548.73,60.9826,288.779
93.0,56.0,5.0,1340.02,2022.93,608.966,1493.42
93.0,27.0,3.0,2014.62,2283.85,1.11779,136.046
93.0,64.0,3.0,1433.34,1866.02,0.0,162.551
94.0,6.0,5.0,410.938,1252.5,565.836,1484.9
94.0,8.0,3.0,1245.68,1646.84,66.3672,307.262
94.0,9.0,3.0,96.25,840.625,1378.5,1899.91
94.0,30.0,3.0,1756.15,2019.23,17.0913,212.957
94.0,55.0,3.0,2225.3,2550.77,63.1721,286.372
94.0,56.0,5.0,1317.34,2019.18,598.959,1484.71
94.0,27.0,3.0,2009.04,2277.12,1.58654,150.433
94.0,64.0,3.0,1441.54,1786.15,3.0649,130.781
95.0,6.0,5.0,410.625,1254.38,566.35,1483.07
95.0,8.0,3.0,1239.09,1640.64,67.5683,306.501
95.0,9.0,3.0,97.5,839.375,1378.25,1899.8
95.0,18.0,0.0,1702.16,1799.38,5.76923,187.644
95.0,30.0,3.0,1762.4,2016.06,17.2356,211.659
95.0,55.0,3.0,2258.63,2560.0,55.8401,278.197
95.0,56.0,5.0,1323.99,2010.57,579.292,1457.72
95.0,27.0,3.0,1996.06,2274.71,2.74039,150.577
95.0,64.0,3.0,1410.29,1726.63,6.16586,152.055
96.0,6.0,5.0,411.875,1260.62,564.992,1483.5
96.0,8.0,3.0,1230.08,1639.2,69.406,304.807
96.0,9.0,3.0,96.5625,841.25,1378.43,1901.18
96.0,18.0,0.0,1702.16,1799.38,5.76923,187.644
96.0,30.0,3.0,1769.04,2018.65,20.625,218.51
96.0,55.0,3.0,2293.03,2560.0,44.5033,280.502
96.0,56.0,5.0,1318.15,2010.12,563.675,1418.83
96.0,27.0,3.0,1990.77,2280.0,2.45193,150.577
96.0,64.0,3.0,1390.67,1715.48,4.29086,151.046
97.0,6.0,5.0,411.25,1252.5,565.979,1483.7
97.0,8.0,3.0,1225.16,1634.98,68.5339,309.458
97.0,9.0,3.0,96.25,838.75,1378.59,1899.91
97.0,18.0,0.0,1702.96,1792.43,16.6587,183.245
97.0,30.0,3.0,1784.21,2032.94,15.0257,236.077
97.0,55.0,3.0,2329.08,2560.0,52.0197,280.423
97.0,56.0,5.0,1321.93,2006.51,535.661,1423.58
97.0,27.0,3.0,1981.35,2277.12,0.793269,153.966
97.0,64.0,3.0,1338.94,1696.44,11.7188,150.397
98.0,6.0,5.0,412.812,1255.0,562.761,1486.21
98.0,8.0,3.0,1223.5,1628.95,72.416,304.195
98.0,9.0,3.0,95.9375,837.5,1376.36,1901.03
98.0,18.0,0.0,1700.5,1785.65,13.8462,188.221
98.0,30.0,3.0,1789.67,2047.66,19.8369,237.781
98.0,55.0,3.0,2353.27,2560.0,37.808,275.89
98.0,56.0,5.0,1330.86,1999.25,533.282,1402.75
98.0,27.0,3.0,1971.92,2274.23,2.8125,154.111
98.0,64.0,3.0,1337.31,1664.23,7.06731,155.192
99.0,6.0,5.0,412.812,1253.75,566.483,1482.53
99.0,8.0,3.0,1231.48,1621.21,81.6227,285.818
99.0,9.0,3.0,95.625,834.375,1375.63,1902.21
99.0,18.0,0.0,1700.53,1779.47,12.6202,187.861
99.0,30.0,3.0,1790.04,2060.62,20.4207,237.197
99.0,56.0,5.0,1328.94,1992.13,528.45,1365.22
99.0,27.0,3.0,1953.94,2230.67,4.83173,155.986
99.0,61.0,3.0,830.726,1481.48,163.105,386.059
99.0,64.0,3.0,1316.44,1651.25,2.95673,154.255
100.0,6.0,5.0,412.188,1251.25,562.198,1485.65
100.0,8.0,3.0,1251.84,1603.66,82.0906,282.679
100.0,9.0,3.0,95.9375,837.5,1375.8,1903.81
100.0,18.0,0.0,1697.74,1782.26,12.1875,190.312
100.0,30.0,3.0,1794.68,2083.55,21.9756,243.135
100.0,56.0,5.0,1330.66,1984.85,516.487,1351.02
100.0,27.0,3.0,1952.12,2226.35,3.75,159.808
100.0,61.0,3.0,913.456,1567.4,150.352,384.692
100.0,64.0,3.0,1270.58,1624.81,4.83173,150.216
101.0,6.0,5.0,413.75,1255.0,566.773,1483.04
101.0,8.0,3.0,1251.84,1603.66,82.0906,282.679
101.0,9.0,3.0,93.125,835.625,1372.18,1904.53
101.0,18.0,0.0,1695.12,1781.8,9.80769,198.173
101.0,30.0,3.0,1797.96,2115.43,22.8307,250.432
101.0,56.0,5.0,1329.6,1978.07,505.065,1329.87
101.0,57.0,3.0,106.029,976.386,1757.03,1920.0
101.0,27.0,3.0,1929.42,2236.73,7.35577,156.058
101.0,61.0,3.0,1003.91,1626.99,142.973,383.111
101.0,64.0,3.0,1253.85,1613.85,0.829325,129.555
102.0,6.0,5.0,416.875,1253.12,567.798,1482.5
102.0,9.0,3.0,92.1875,831.25,1372.84,1902.95
102.0,18.0,0.0,1703.08,1789.23,11.6827,195.433
102.0,30.0,3.0,1800.71,2125.54,19.4279,251.916
102.0,56.0,5.0,1330.23,1970.51,501.844,1308.73
102.0,57.0,3.0,106.44,973.405,1758.01,1920.0
102.0,27.0,3.0,1945.58,2223.65,3.96634,158.87
102.0,61.0,3.0,1064.18,1712.4,145.866,377.419
102.0,64.0,3.0,1225.1,1574.9,1.44231,137.74
103.0,6.0,5.0,415.938,1252.5,565.863,1484.15
103.0,9.0,3.0,92.1875,833.75,1372.73,1903.73
103.0,18.0,0.0,1703.56,1791.83,11.6106,200.697
103.0,30.0,3.0,1811.13,2148.08,23.7343,244.253
103.0,56.0,5.0,1328.79,1964.4,485.367,1276.84
103.0,57.0,3.0,102.647,978.975,1756.97,1920.0
103.0,27.0,3.0,1908.75,2202.02,3.75,157.5
103.0,61.0,3.0,1141.56,1785.04,137.638,374.653
103.0,64.0,3.0,1213.28,1552.13,0.0,199.757
104.0,6.0,5.0,414.688,1252.5,563.195,1485.75
104.0,9.0,3.0,90.3125,835.0,1373.69,1902.54
104.0,18.0,0.0,1705.58,1792.88,5.91346,205.24
104.0,30.0,3.0,1814.81,2148.4,28.262,249.319
104.0,56.0,5.0,1328.17,1960.68,482.368,1274.8
104.0,57.0,3.0,102.899,981.798,1758.45,1920.0
104.0,27.0,3.0,1912.21,2186.25,4.25481,152.236
104.0,61.0,3.0,1217.9,1848.02,141.958,368.174
104.0,64.0,3.0,1177.19,1531.26,0.0,191.388
105.0,6.0,5.0,414.688,1248.75,566.088,1484.15
105.0,8.0,3.0,1167.72,1547.12,89.0045,331.544
105.0,9.0,3.0,92.1875,835.0,1372.77,1903.32
105.0,18.0,0.0,1697.12,1798.27,9.87981,200.264
105.0,30.0,3.0,1827.57,2159.3,30.1849,250.892
105.0,56.0,5.0,1327.71,1958.99,468.991,1263.17
105.0,57.0,3.0,102.28,980.321,1756.05,1920.0
105.0,27.0,3.0,1907.98,2178.17,6.63461,155.048
105.0,61.0,3.0,1294.66,1913.35,137.357,369.533
105.0,64.0,3.0,1168.46,1513.08,3.60577,161.971
106.0,6.0,5.0,414.062,1251.25,564.773,1485.3
106.0,8.0,3.0,1149.46,1556.89,92.4299,325.97
106.0,9.0,3.0,93.125,832.5,1371.73,1903.98
106.0,18.0,0.0,1711.2,1802.64,21.4183,170.553
106.0,30.0,3.0,1825.89,2167.23,44.5291,255.464
106.0,56.0,5.0,1323.36,1952.48,461.793,1246.14
106.0,57.0,3.0,103.52,978.138,1756.72,1920.0
106.0,27.0,3.0,1915.29,2170.87,6.23798,121.623
106.0,61.0,3.0,1359.12,1972.54,137.514,362.711
107.0,6.0,5.0,413.125,1254.38,564.307,1487.2
107.0,8.0,3.0,1141.64,1540.89,96.3947,329.878
107.0,9.0,3.0,90.3125,836.25,1373.99,1901.81
107.0,18.0,0.0,1718.1,1804.98,27.8726,163.089
107.0,30.0,3.0,1834.96,2173.56,34.921,248.681
107.0,56.0,5.0,1315.02,1951.87,443.039,1232.58
107.0,57.0,3.0,100.949,978.133,1756.37,1920.0
107.0,27.0,3.0,1855.67,2159.71,7.96875,117.296
107.0,61.0,3.0,1430.01,2028.79,135.2,358.781
108.0,6.0,5.0,411.875,1255.62,565.602,1485.23
108.0,8.0,3.0,1123.16,1540.76,103.403,328.848
108.0,9.0,3.0,92.8125,832.5,1373.18,1902.29
108.0,18.0,0.0,1727.16,1805.14,30.5048,142.861
108.0,30.0,3.0,1833.03,2189.97,45.6835,254.951
108.0,56.0,5.0,1311.24,1950.9,438.905,1217.15
108.0,57.0,3.0,100.949,978.133,1756.37,1920.0
108.0,27.0,3.0,1855.67,2159.71,7.96875,117.296
108.0,61.0,3.0,1478.5,2102.5,131.208,357.895
108.0,76.0,0.0,1589.62,1696.54,0.180287,111.887
109.0,6.0,5.0,412.188,1251.25,563.688,1486.35
109.0,8.0,3.0,1111.64,1525.62,101.84,333.422
109.0,9.0,3.0,93.4375,832.5,1373.91,1902.89
109.0,18.0,0.0,1727.16,1805.14,30.5048,142.861
109.0,30.0,3.0,1832.18,2195.7,45.9764,255.73
109.0,56.0,5.0,1322.96,1941.42,434.343,1180.22
109.0,57.0,3.0,103.576,976.488,1755.37,1920.0
109.0,61.0,3.0,1554.54,2152.29,127.273,355.738
109.0,76.0,0.0,1557.74,1663.8,1.6226,114.267
110.0,6.0,5.0,412.5,1253.75,563.01,1488.49
110.0,8.0,3.0,1095.7,1511.09,104.122,333.453
110.0,9.0,3.0,93.4375,831.25,1373.24,1904.11
110.0,30.0,3.0,1817.57,2191.9,26.3973,243.497
110.0,56.0,5.0,1320.0,1942.09,428.087,1184.05
110.0,57.0,3.0,103.576,976.488,1755.37,1920.0
110.0,61.0,3.0,1607.11,2204.86,117.938,360.937
110.0,76.0,0.0,1523.7,1630.14,0.793269,117.332
111.0,6.0,5.0,412.5,1252.5,564.305,1487.76
111.0,8.0,3.0,1084.08,1495.61,107.748,339.584
111.0,9.0,3.0,93.125,831.25,1373.15,1903.8
111.0,30.0,3.0,1783.74,2209.58,21.1668,223.476
111.0,56.0,5.0,1319.54,1935.9,424.316,1175.86
111.0,61.0,3.0,1696.88,2255.68,125.571,353.173
111.0,76.0,0.0,1487.64,1592.36,1.51442,118.341
112.0,6.0,5.0,411.875,1248.12,565.509,1486.26
112.0,8.0,3.0,1059.94,1483.92,102.762,348.101
112.0,9.0,3.0,94.6875,828.75,1373.51,1901.86
112.0,20.0,0.0,1655.67,1756.63,0.0,135.541
112.0,30.0,3.0,1791.61,2201.74,19.143,213.489
112.0,56.0,5.0,1311.45,1934.77,418.968,1159.4
112.0,61.0,3.0,1752.84,2311.36,113.627,355.023
112.0,76.0,0.0,1445.77,1560.38,0.0,129.231
113.0,6.0,5.0,410.938,1250.0,565.761,1485.17
113.0,8.0,3.0,1045.85,1465.85,108.376,349.469
113.0,9.0,3.0,88.75,833.125,1374.17,1904.8
113.0,20.0,0.0,1617.26,1711.97,1.94711,135.938
113.0,30.0,3.0,1787.24,2173.55,17.1641,250.163
113.0,56.0,5.0,1307.88,1931.19,416.969,1147.17
113.0,61.0,3.0,1805.56,2364.22,126.111,344.913
113.0,76.0,0.0,1415.48,1502.98,1.44231,135.433
114.0,6.0,5.0,410.938,1248.75,565.293,1485.26
114.0,8.0,3.0,1025.37,1443.74,114.655,352.424
114.0,9.0,3.0,89.375,833.75,1373.45,1904.86
114.0,20.0,0.0,1575.12,1667.96,2.30769,151.154
114.0,30.0,3.0,1799.26,2172.5,17.6784,241.642
114.0,56.0,5.0,1309.05,1930.24,413.522,1141.95
114.0,57.0,3.0,102.904,979.232,1756.02,1920.0
114.0,61.0,3.0,1857.85,2413.38,123.821,344.932
114.0,76.0,0.0,1382.93,1487.84,3.71394,132.151
115.0,6.0,5.0,412.188,1251.25,567.715,1483.76
115.0,8.0,3.0,1002.73,1426.45,120.297,358.473
115.0,9.0,3.0,91.5625,832.5,1373.71,1903.63
115.0,20.0,0.0,1533.51,1638.8,6.70673,149.495
115.0,30.0,3.0,1773.37,2215.52,22.3663,232.197
115.0,56.0,5.0,1305.48,1921.84,411.858,1130.04
115.0,57.0,3.0,102.904,979.232,1756.02,1920.0
115.0,61.0,3.0,1917.52,2473.59,120.923,338.527
115.0,76.0,0.0,1346.54,1455.0,0.829325,137.055
115.0,78.0,0.0,1794.62,1903.85,54.5913,262.428
116.0,6.0,5.0,409.375,1248.12,566.203,1485.83
116.0,8.0,3.0,979.56,1406.91,125.366,365.93
116.0,9.0,3.0,90.3125,832.5,1374.26,1903.69
116.0,20.0,0.0,1489.42,1601.35,6.70673,155.841
116.0,30.0,3.0,1730.17,2163.77,17.9532,212.346
116.0,56.0,5.0,1295.17,1922.76,402.538,1125.91
116.0,61.0,3.0,1972.83,2511.54,116.114,340.269
116.0,76.0,0.0,1318.61,1418.32,1.22596,139.111
116.0,78.0,0.0,1807.31,1915.77,59.9279,265.168
117.0,6.0,5.0,408.438,1253.75,564.903,1486.33
117.0,8.0,3.0,956.762,1388.54,131.373,374.017
117.0,9.0,3.0,90.3125,832.5,1374.02,1904.23
117.0,20.0,0.0,1447.55,1566.3,6.27404,160.745
117.0,30.0,3.0,1788.33,2213.03,30.0863,252.389
117.0,56.0,5.0,1299.66,1920.24,396.902,1117.54
117.0,27.0,3.0,1720.87,1989.9,10.0962,190.24
117.0,61.0,3.0,2024.6,2539.93,110.169,341.384
117.0,76.0,0.0,1318.61,1418.32,1.22596,139.111
117.0,78.0,0.0,1819.95,1943.12,58.125,266.106
118.0,6.0,5.0,410.312,1252.5,564.29,1486.17
118.0,9.0,3.0,93.125,832.5,1373.4,1905.11
118.0,20.0,0.0,1408.99,1518.7,13.7019,169.327
118.0,30.0,3.0,1845.35,2211.91,42.567,261.263
118.0,56.0,5.0,1303.45,1906.12,383.01,1086.27
118.0,27.0,3.0,1692.0,2085.89,2.32533,203.183
118.0,61.0,3.0,2079.45,2551.96,106.027,324.616
118.0,78.0,0.0,1838.37,1970.87,79.4712,271.587
119.0,6.0,5.0,410.625,1254.38,564.087,1485.63
119.0,9.0,3.0,91.25,832.5,1373.6,1905.01
119.0,20.0,0.0,1368.8,1474.28,4.54327,175.889
119.0,30.0,3.0,1849.92,2211.32,40.6949,263.323
119.0,56.0,5.0,1302.13,1902.44,379.648,1086.35
119.0,27.0,3.0,1685.71,2035.57,7.29614,208.301
119.0,61.0,3.0,2131.57,2554.72,98.8004,331.459
119.0,78.0,0.0,1853.37,2002.02,70.5289,279.375
120.0,6.0,5.0,411.562,1252.5,562.363,1486.27
120.0,9.0,3.0,91.25,833.75,1372.98,1905.43
120.0,20.0,0.0,1368.8,1474.28,4.54327,175.889
120.0,30.0,3.0,1860.08,2218.67,44.3997,261.182
120.0,56.0,5.0,1295.33,1902.72,377.983,1084.86
120.0,27.0,3.0,1677.08,2041.5,5.8164,215.212
120.0,61.0,3.0,2193.13,2549.45,98.0945,324.532
120.0,78.0,0.0,1875.29,2038.56,68.149,285.216
121.0,6.0,5.0,411.25,1251.25,561.358,1486.05
121.0,9.0,3.0,90.625,831.875,1372.62,1904.33
121.0,20.0,0.0,1309.16,1404.69,0.0,190.312
121.0,30.0,3.0,1905.41,2256.9,45.4484,266.452
121.0,56.0,5.0,1290.78,1899.06,379.914,1077.02
121.0,27.0,3.0,1668.78,2029.3,9.49114,217.46
121.0,61.0,3.0,2236.28,2550.5,99.1178,321.746
121.0,78.0,0.0,1917.31,2073.46,66.7067,290.986
122.0,6.0,5.0,409.062,1252.5,559.907,1487.54
122.0,9.0,3.0,91.25,830.0,1372.99,1904.3
122.0,20.0,0.0,1272.16,1370.91,6.49038,198.606
122.0,30.0,3.0,1913.98,2266.67,38.2017,268.346
122.0,56.0,5.0,1282.4,1898.76,370.142,1077.28
122.0,27.0,3.0,1656.17,2012.84,8.86725,218.979
122.0,61.0,3.0,2291.67,2557.4,92.2833,319.352
122.0,78.0,0.0,1951.06,2116.63,73.125,303.317
123.0,6.0,5.0,405.938,1256.25,561.719,1488.0
123.0,9.0,3.0,92.5,828.75,1375.92,1903.58
123.0,30.0,3.0,1830.12,2289.21,35.5753,249.1
123.0,56.0,5.0,1276.18,1895.86,369.763,1075.09
123.0,27.0,3.0,1644.73,1996.39,9.12652,216.487
123.0,78.0,0.0,1975.79,2195.69,62.8352,310.583
124.0,6.0,5.0,410.0,1261.25,563.11,1486.34
124.0,9.0,3.0,93.125,829.375,1375.59,1902.25
124.0,30.0,3.0,1838.98,2272.58,34.7012,253.237
124.0,56.0,5.0,1276.54,1891.69,362.112,1068.04
124.0,27.0,3.0,1633.3,1989.01,10.0322,211.996
124.0,78.0,0.0,2026.35,2225.97,77.752,316.533
124.0,84.0,3.0,2394.42,2560.0,0.0,61.262
125.0,6.0,5.0,411.562,1262.5,564.532,1485.51
125.0,9.0,3.0,88.75,832.5,1371.43,1904.32
125.0,30.0,3.0,1839.26,2266.19,32.1805,257.681
125.0,56.0,5.0,1258.44,1887.87,354.41,1065.09
125.0,57.0,3.0,103.671,975.73,1755.63,1920.0
125.0,27.0,3.0,1625.26,1987.99,8.52656,218.716
125.0,78.0,0.0,2071.52,2296.12,89.1446,311.387
125.0,84.0,3.0,2386.83,2560.0,0.0,64.8317
126.0,6.0,5.0,410.0,1257.5,564.993,1484.62
126.0,9.0,3.0,89.375,835.0,1371.53,1904.27
126.0,30.0,3.0,1845.07,2254.59,37.6619,269.13
126.0,56.0,5.0,1259.5,1884.34,349.131,1053.59
126.0,57.0,3.0,100.245,979.573,1756.03,1920.0
126.0,27.0,3.0,1619.24,1981.71,10.9562,218.418
126.0,78.0,0.0,2118.96,2369.21,92.2245,315.555
126.0,84.0,3.0,2386.83,2560.0,0.0,64.8317
127.0,6.0,5.0,408.75,1255.0,566.509,1484.23
127.0,9.0,3.0,90.0,833.125,1370.71,1905.47
127.0,30.0,3.0,1876.34,2279.47,42.0458,274.789
127.0,56.0,5.0,1260.46,1882.86,344.277,1049.34
127.0,57.0,3.0,95.4803,989.092,1755.02,1920.0
127.0,27.0,3.0,1610.35,1979.87,13.0191,222.031
127.0,78.0,0.0,2178.73,2433.1,94.3316,314.844
128.0,6.0,5.0,412.188,1253.75,566.352,1483.85
128.0,9.0,3.0,89.6875,833.75,1373.62,1903.48
128.0,30.0,3.0,1885.2,2307.15,47.737,271.182
128.0,56.0,5.0,1264.98,1876.54,345.05,1050.12
128.0,57.0,3.0,106.596,987.213,1758.71,1919.98
128.0,27.0,3.0,1603.09,1969.2,15.3269,227.76
128.0,78.0,0.0,2232.2,2486.63,96.1404,317.408
129.0,6.0,5.0,411.25,1256.25,564.124,1485.33
129.0,9.0,3.0,88.125,835.0,1372.38,1902.86
129.0,30.0,3.0,1890.83,2346.89,46.6651,280.234
129.0,56.0,5.0,1260.48,1878.34,344.346,1039.41
129.0,57.0,3.0,102.391,983.008,1757.32,1920.0
129.0,27.0,3.0,1593.74,1964.8,15.2793,229.64
129.0,78.0,0.0,2315.78,2549.04,102.042,319.242
130.0,6.0,5.0,412.5,1251.25,563.943,1483.8
130.0,9.0,3.0,87.8125,835.0,1374.19,1901.89
130.0,30.0,3.0,1898.06,2354.04,48.9185,274.501
130.0,56.0,5.0,1261.93,1874.09,339.66,1033.62
130.0,57.0,3.0,104.423,983.322,1758.56,1920.0
130.0,27.0,3.0,1575.23,1948.92,17.2701,229.911
131.0,6.0,5.0,412.812,1250.0,564.251,1484.55
131.0,9.0,3.0,88.125,834.375,1374.12,1902.05
131.0,30.0,3.0,1906.41,2370.27,44.2694,275.117
131.0,56.0,5.0,1259.27,1875.93,337.227,1034.08
131.0,57.0,3.0,105.416,984.315,1757.71,1920.0
131.0,27.0,3.0,1565.61,1951.07,18.6737,232.46
132.0,6.0,5.0,413.438,1248.75,565.316,1484.5
132.0,9.0,3.0,88.4375,833.75,1372.55,1902.68
132.0,30.0,3.0,1921.8,2388.75,47.3938,279.796
132.0,56.0,5.0,1259.44,1872.79,336.002,1029.37
132.0,57.0,3.0,102.329,982.947,1756.06,1920.0
132.0,27.0,3.0,1551.6,1932.57,16.0809,240.4
133.0,6.0,5.0,410.938,1248.75,564.918,1485.22
133.0,9.0,3.0,87.1875,835.0,1373.25,1902.5
133.0,30.0,3.0,1937.19,2412.51,45.3915,279.246
133.0,56.0,5.0,1258.14,1869.99,336.427,1028.87
133.0,57.0,3.0,102.514,985.715,1758.71,1920.0
133.0,27.0,3.0,1530.4,1904.28,16.4604,245.707
134.0,6.0,5.0,410.625,1251.88,564.867,1484.95
134.0,9.0,3.0,89.0625,832.5,1371.48,1903.48
134.0,30.0,3.0,1943.39,2437.64,50.1771,281.646
134.0,56.0,5.0,1262.81,1866.36,337.825,1025.72
134.0,57.0,3.0,107.014,979.073,1756.65,1920.0
134.0,27.0,3.0,1508.14,1895.96,13.9207,248.747
135.0,6.0,5.0,409.375,1250.62,563.806,1485.91
135.0,9.0,3.0,88.75,831.875,1373.66,1902.76
135.0,30.0,3.0,1955.56,2462.77,48.3402,284.374
135.0,56.0,5.0,1261.19,1867.1,340.458,1027.01
135.0,57.0,3.0,104.656,982.697,1757.53,1920.0
135.0,27.0,3.0,1489.37,1849.8,15.0653,252.747
135.0,84.0,3.0,2213.75,2490.87,0.0,98.5096
136.0,6.0,5.0,405.938,1252.5,561.78,1487.26
136.0,9.0,3.0,89.0625,830.0,1373.72,1903.09
136.0,30.0,3.0,1969.73,2478.68,48.5395,285.917
136.0,56.0,5.0,1259.68,1867.66,344.328,1028.54
136.0,57.0,3.0,102.683,985.021,1758.62,1920.0
136.0,27.0,3.0,1475.07,1830.35,39.3735,258.443
136.0,84.0,3.0,2213.75,2490.87,0.0,98.5096
136.0,90.0,3.0,1406.54,1688.85,3.35337,127.175
137.0,6.0,5.0,405.625,1248.12,560.7,1486.64
137.0,9.0,3.0,88.4375,836.25,1373.08,1903.43
137.0,30.0,3.0,1984.65,2500.73,53.2877,285.52
137.0,56.0,5.0,1259.51,1864.54,345.762,1026.22
137.0,57.0,3.0,105.546,981.018,1757.73,1920.0
137.0,27.0,3.0,1465.83,1806.17,40.4746,259.33
137.0,90.0,3.0,1369.81,1716.35,2.19952,133.305
138.0,6.0,5.0,409.688,1250.0,563.584,1484.34
138.0,9.0,3.0,90.0,833.75,1371.93,1904.98
138.0,30.0,3.0,2004.41,2511.37,50.6995,286.043
138.0,56.0,5.0,1257.04,1870.69,345.976,1026.77
138.0,57.0,3.0,102.284,978.612,1754.79,1920.0
138.0,27.0,3.0,1443.55,1776.16,40.4032,264.34
138.0,90.0,3.0,1326.15,1690.77,0.0,138.173
138.0,92.0,1.0,1413.85,2070.35,0.0,187.549
139.0,6.0,5.0,408.438,1250.0,563.757,1485.18
139.0,9.0,3.0,90.3125,835.0,1372.32,1905.48
139.0,30.0,3.0,2008.14,2514.6,49.0995,288.58
139.0,56.0,5.0,1259.16,1866.26,343.998,1027.7
139.0,57.0,3.0,103.339,977.53,1754.83,1920.0
139.0,27.0,3.0,1420.07,1760.07,38.4942,273.235
139.0,90.0,3.0,1326.15,1690.77,0.0,138.173
139.0,92.0,1.0,1390.85,2056.39,0.0,182.474
140.0,6.0,5.0,407.5,1248.75,561.964,1486.77
140.0,9.0,3.0,90.625,834.375,1372.57,1905.03
140.0,30.0,3.0,2048.09,2555.85,57.9141,290.629
140.0,56.0,5.0,1258.21,1864.12,347.147,1028.19
140.0,57.0,3.0,104.118,977.882,1755.84,1920.0
140.0,27.0,3.0,1397.03,1732.99,47.3879,284.114
140.0,90.0,3.0,1254.09,1662.32,0.0,157.267
140.0,92.0,1.0,1404.66,2030.79,1.50302,176.182
141.0,6.0,5.0,409.688,1251.25,563.944,1485.93
141.0,9.0,3.0,90.3125,832.5,1372.17,1905.03
141.0,30.0,3.0,2067.12,2559.99,63.2412,293.526
141.0,56.0,5.0,1256.41,1864.69,346.847,1028.72
141.0,57.0,3.0,105.712,979.05,1755.94,1920.0
141.0,27.0,3.0,1371.21,1707.42,60.4726,288.77
141.0,90.0,3.0,1220.58,1567.12,0.360575,138.822
141.0,92.0,1.0,1566.91,2016.22,5.36434,179.958
142.0,6.0,5.0,409.062,1251.25,560.25,1488.45
142.0,9.0,3.0,90.9375,831.25,1371.75,1905.3
142.0,30.0,3.0,2083.34,2560.0,59.7902,289.569
142.0,56.0,5.0,1259.31,1866.11,348.626,1027.67
142.0,57.0,3.0,106.195,977.404,1756.82,1920.0
142.0,27.0,3.0,1347.11,1674.97,61.9116,297.542
142.0,90.0,3.0,1162.53,1574.91,0.0,158.006
142.0,92.0,1.0,1431.76,2006.47,4.38206,183.816
143.0,6.0,5.0,410.0,1251.25,558.756,1489.45
143.0,9.0,3.0,91.875,834.375,1372.58,1904.91
143.0,30.0,3.0,2106.43,2560.0,60.9258,290.677
143.0,56.0,5.0,1258.35,1864.55,344.797,1028.84
143.0,57.0,3.0,102.419,983.037,1755.94,1920.0
143.0,27.0,3.0,1308.82,1640.54,72.3781,308.729
143.0,90.0,3.0,1146.48,1576.13,0.0,171.27
143.0,92.0,1.0,1511.63,1981.82,2.02839,194.345
144.0,6.0,5.0,407.188,1250.0,563.145,1486.04
144.0,9.0,3.0,92.8125,832.5,1372.22,1905.53
144.0,30.0,3.0,2115.36,2560.0,58.8457,297.676
144.0,56.0,5.0,1255.73,1866.7,337.324,1031.2
144.0,57.0,3.0,103.871,980.199,1754.91,1920.0
144.0,27.0,3.0,1282.68,1620.95,83.3152,316.428
144.0,90.0,3.0,1114.04,1566.93,0.924003,173.905
144.0,92.0,1.0,1287.81,1950.43,2.66963,202.744
145.0,6.0,5.0,407.5,1248.75,560.998,1487.84
145.0,9.0,3.0,94.375,830.0,1372.55,1905.19
145.0,30.0,3.0,2133.73,2560.0,58.837,293.721
145.0,56.0,5.0,1258.12,1865.52,342.06,1030.62
145.0,57.0,3.0,105.773,977.832,1753.85,1920.0
145.0,27.0,3.0,1246.04,1582.74,87.0718,327.299
145.0,92.0,1.0,1492.39,1948.1,4.06414,198.695
146.0,6.0,5.0,403.438,1250.0,560.163,1488.36
146.0,9.0,3.0,92.8125,832.5,1372.77,1905.12
146.0,30.0,3.0,2175.41,2560.0,64.7659,296.291
146.0,56.0,5.0,1259.03,1866.13,343.681,1027.89
146.0,57.0,3.0,106.732,977.94,1755.89,1920.0
146.0,27.0,3.0,1206.47,1557.01,101.709,331.04
146.0,92.0,1.0,1501.41,1940.96,2.34595,202.152
147.0,6.0,5.0,405.0,1250.0,560.772,1488.07
147.0,9.0,3.0,92.5,830.0,1373.32,1904.23
147.0,30.0,3.0,2193.46,2553.37,63.278,297.161
147.0,56.0,5.0,1261.93,1865.77,339.485,1027.29
147.0,57.0,3.0,107.17,979.229,1757.43,1920.0
147.0,27.0,3.0,1167.55,1519.64,107.64,349.669
147.0,89.0,3.0,2066.73,2342.5,1.37019,115.457
147.0,92.0,1.0,1492.48,1913.49,3.9796,207.18
148.0,6.0,5.0,406.875,1248.12,562.59,1487.06
148.0,9.0,3.0,93.125,829.375,1372.64,1904.96
148.0,30.0,3.0,2222.54,2550.08,61.4198,298.406
148.0,56.0,5.0,1259.56,1865.77,341.945,1027.99
148.0,57.0,3.0,108.435,979.643,1756.62,1920.0
148.0,27.0,3.0,1125.18,1484.92,113.859,363.426
148.0,89.0,3.0,2062.31,2331.54,1.80289,119.639
148.0,92.0,1.0,1487.58,1895.81,3.43636,215.196
