2.0,3.0,5.0,571.25,1366.25,310.059,1269.95
2.0,5.0,3.0,1753.34,2125.94,2.74208,190.099
2.0,6.0,3.0,1339.98,1937.15,56.6118,344.538
2.0,7.0,5.0,2079.52,2308.17,0.0,94.0745
3.0,3.0,5.0,571.25,1366.25,311.212,1269.81
3.0,5.0,3.0,1735.81,2112.35,6.38175,187.709
3.0,6.0,3.0,1427.45,2022.87,65.3836,336.626
3.0,7.0,5.0,2071.63,2312.98,0.0,96.4183
4.0,2.0,3.0,1833.64,2250.76,518.106,867.794
4.0,3.0,5.0,570.312,1367.5,309.583,1272.99
4.0,5.0,3.0,1731.19,2100.62,6.41479,191.048
4.0,6.0,3.0,1492.33,2090.38,65.2383,326.575
4.0,7.0,5.0,2068.85,2315.77,0.0,99.5914
5.0,2.0,3.0,1858.61,2267.93,484.075,831.635
5.0,3.0,5.0,570.0,1371.25,311.104,1265.62
5.0,5.0,3.0,1731.19,2100.62,6.41479,191.048
5.0,6.0,3.0,1584.4,2178.37,60.7588,323.295
5.0,7.0,5.0,2067.21,2317.4,0.0,93.6418
5.0,10.0,0.0,1278.65,1392.12,2.23557,155.264
6.0,2.0,3.0,1885.13,2290.18,463.13,793.159
6.0,3.0,5.0,570.625,1370.0,307.302,1264.73
6.0,6.0,3.0,1661.02,2235.17,56.7205,320.542
6.0,7.0,5.0,2065.19,2316.35,0.0,93.7861
7.0,2.0,3.0,1911.18,2301.38,436.563,759.537
7.0,3.0,5.0,572.188,1368.75,305.04,1263.87
7.0,6.0,3.0,1743.94,2296.9,54.6026,314.595
7.0,7.0,5.0,2068.08,2319.62,0.0,93.7861
7.0,14.0,0.0,1494.83,1589.78,4.03846,174.231
8.0,2.0,3.0,1938.05,2315.5,416.427,723.71
8.0,3.0,5.0,572.188,1368.75,308.523,1263.39
8.0,5.0,3.0,1719.37,2126.4,4.06777,193.911
8.0,6.0,3.0,1813.08,2348.89,57.2185,315.827
8.0,7.0,5.0,2072.6,2305.87,1.47836,59.351
8.0,14.0,0.0,1478.17,1581.83,4.6875,175.024
8.0,15.0,0.0,1603.7,1707.07,1.11779,139.363
9.0,2.0,3.0,1965.53,2333.25,388.303,703.411
9.0,3.0,5.0,570.938,1370.0,310.398,1266.19
9.0,5.0,3.0,1714.88,2126.86,3.22575,198.475
9.0,6.0,3.0,1880.75,2408.36,62.5189,313.002
9.0,7.0,5.0,2072.88,2305.58,0.360577,54.0505
9.0,14.0,0.0,1452.69,1561.15,3.10096,178.63
9.0,15.0,0.0,1595.72,1696.59,0.288463,152.452
9.0,17.0,0.0,1391.23,1484.16,0.0,158.654
10.0,2.0,3.0,1987.04,2368.38,362.86,665.01
10.0,3.0,5.0,569.375,1367.5,307.956,1265.15
10.0,5.0,3.0,1712.71,2092.01,6.12557,201.518
10.0,6.0,3.0,1943.65,2472.36,36.4563,310.929
10.0,7.0,5.0,2072.88,2305.58,0.360577,54.0505
10.0,14.0,0.0,1433.41,1543.51,5.19231,184.904
10.0,15.0,0.0,1588.32,1688.61,2.16346,152.308
10.0,17.0,0.0,1391.23,1484.16,0.0,158.654
11.0,2.0,3.0,2017.49,2390.09,346.876,646.894
11.0,3.0,5.0,569.688,1367.5,308.599,1264.16
11.0,5.0,3.0,1706.03,2091.59,5.23365,202.062
11.0,6.0,3.0,1997.97,2504.99,31.3092,306.017
11.0,14.0,0.0,1386.2,1515.34,4.83173,187.572
11.0,15.0,0.0,1582.4,1679.13,0.0,147.8
12.0,2.0,3.0,2050.75,2414.99,324.513,623.435
12.0,3.0,5.0,568.75,1372.5,312.507,1264.93
12.0,5.0,3.0,1699.6,2084.93,3.25903,203.309
12.0,6.0,3.0,2043.87,2546.89,34.1321,297.583
12.0,14.0,0.0,1357.36,1488.8,9.80769,186.923
12.0,15.0,0.0,1574.13,1665.87,0.0,155.913
13.0,3.0,5.0,570.312,1371.25,312.177,1265.06
13.0,5.0,3.0,1694.32,2059.36,4.67139,204.307
13.0,6.0,3.0,2107.94,2560.0,29.1018,294.384
13.0,14.0,0.0,1318.85,1456.54,4.54328,186.562
13.0,15.0,0.0,1570.6,1654.01,0.0,144.411
14.0,3.0,5.0,570.938,1370.0,310.861,1267.71
14.0,5.0,3.0,1679.97,2048.86,2.65386,203.095
14.0,6.0,3.0,2176.05,2559.36,15.2044,301.134
14.0,7.0,5.0,2056.06,2325.48,0.432694,90.5048
14.0,14.0,0.0,1286.25,1418.37,6.27404,193.053
14.0,15.0,0.0,1558.27,1644.81,0.288463,155.048
15.0,3.0,5.0,570.0,1371.25,311.568,1268.77
15.0,5.0,3.0,1669.94,2044.92,4.2087,206.025
15.0,6.0,3.0,2227.29,2557.83,14.657,298.979
15.0,7.0,5.0,2054.04,2342.88,0.0,104.351
15.0,14.0,0.0,1249.18,1380.05,7.57211,198.678
15.0,15.0,0.0,1558.27,1644.81,0.288463,155.048
16.0,3.0,5.0,570.625,1372.5,314.222,1268.62
16.0,5.0,3.0,1663.8,2030.54,6.7781,207.415
16.0,6.0,3.0,2270.62,2556.47,18.1089,284.228
16.0,7.0,5.0,2046.54,2341.15,0.0,111.707
16.0,14.0,0.0,1249.18,1380.05,7.57211,198.678
16.0,15.0,0.0,1535.26,1624.74,1.80288,156.418
17.0,3.0,5.0,586.25,1392.5,308.689,1275.52
17.0,5.0,3.0,1657.34,2023.0,9.75263,212.186
17.0,6.0,3.0,2322.99,2556.57,21.8586,281.94
17.0,7.0,5.0,2043.85,2325.38,0.0,105.361
17.0,15.0,0.0,1513.7,1612.45,5.91346,161.971
17.0,17.0,0.0,1407.96,1498.2,0.0721121,155.986
18.0,3.0,5.0,571.562,1370.0,311.345,1271.0
18.0,5.0,3.0,1646.92,2003.94,11.0478,214.745
18.0,6.0,3.0,2367.91,2559.31,10.2037,262.653
18.0,7.0,5.0,2032.98,2360.87,0.0,117.656
18.0,15.0,0.0,1498.17,1592.6,2.16346,163.99
18.0,17.0,0.0,1400.82,1493.03,0.0,158.438
19.0,3.0,5.0,571.875,1370.0,311.588,1269.37
19.0,5.0,3.0,1633.92,1996.03,10.6807,219.005
19.0,6.0,3.0,2402.31,2560.0,6.77885,243.606
19.0,7.0,5.0,2031.73,2340.58,0.0,119.062
19.0,15.0,0.0,1486.15,1578.46,8.07692,166.442
19.0,16.0,3.0,949.766,1567.7,115.984,367.785
19.0,17.0,0.0,1400.82,1493.03,0.0,158.438
20.0,3.0,5.0,572.812,1368.75,307.746,1267.05
20.0,5.0,3.0,1621.75,1974.18,14.3802,221.488
20.0,6.0,3.0,2434.71,2560.0,1.51442,231.13
20.0,7.0,5.0,2017.5,2293.27,1.65865,120.216
20.0,13.0,3.0,1561.53,2087.12,755.192,1188.99
20.0,15.0,0.0,1486.15,1578.46,8.07692,166.442
20.0,16.0,3.0,1039.71,1645.4,116.141,367.283
21.0,3.0,5.0,572.812,1370.0,303.512,1268.81
21.0,5.0,3.0,1605.77,1961.57,14.0149,223.794
21.0,7.0,5.0,2005.19,2290.19,0.144231,128.077
21.0,13.0,3.0,1571.8,2079.86,708.722,1140.72
21.0,16.0,3.0,1113.46,1725.39,108.904,353.794
22.0,3.0,5.0,574.062,1367.5,302.509,1264.74
22.0,5.0,3.0,1554.65,1947.43,18.9868,229.407
22.0,7.0,5.0,2002.79,2286.44,0.0,125.625
22.0,13.0,3.0,1585.22,2096.79,676.112,1088.75
22.0,16.0,3.0,1204.94,1798.03,110.197,346.187
23.0,3.0,5.0,574.688,1371.25,307.092,1269.21
23.0,5.0,3.0,1552.35,1930.73,19.4255,214.437
23.0,7.0,5.0,1990.58,2289.42,0.0,122.344
23.0,13.0,3.0,1603.75,2099.03,648.303,1044.16
23.0,16.0,3.0,1300.83,1865.12,113.806,341.463
24.0,3.0,5.0,574.375,1370.0,304.618,1264.39
24.0,5.0,3.0,1552.35,1930.73,19.4255,214.437
24.0,7.0,5.0,1972.79,2282.6,0.649037,119.062
24.0,13.0,3.0,1617.7,2105.75,615.87,1001.81
24.0,16.0,3.0,1354.44,1924.53,113.333,339.136
25.0,3.0,5.0,570.625,1372.5,307.789,1266.62
25.0,5.0,3.0,1450.67,1922.63,23.0371,223.332
25.0,7.0,5.0,1955.58,2259.81,0.432694,130.385
25.0,13.0,3.0,1643.55,2109.62,594.513,967.755
25.0,15.0,0.0,1395.12,1484.88,17.524,193.053
25.0,16.0,3.0,1431.83,1995.56,115.498,334.675
25.0,28.0,0.0,1297.36,1379.57,0.504806,174.591
26.0,3.0,5.0,569.688,1375.0,307.454,1274.99
26.0,5.0,3.0,1496.66,1889.64,20.6994,242.758
26.0,7.0,5.0,1946.25,2306.06,3.35337,131.214
26.0,13.0,3.0,1662.82,2126.17,568.921,928.127
26.0,15.0,0.0,1379.9,1461.63,10.1683,199.255
26.0,16.0,3.0,1527.33,2042.15,115.101,332.891
27.0,3.0,5.0,572.188,1372.5,312.109,1271.76
27.0,5.0,3.0,1471.68,1851.72,21.6962,258.972
27.0,7.0,5.0,1936.35,2251.35,0.97356,120.757
27.0,13.0,3.0,1680.77,2135.16,544.872,890.824
27.0,15.0,0.0,1359.52,1448.17,29.4231,206.25
27.0,16.0,3.0,1574.99,2114.49,98.3839,323.774
28.0,3.0,5.0,568.438,1375.0,315.141,1270.7
28.0,5.0,3.0,1456.79,1818.64,43.1653,262.342
28.0,7.0,5.0,1923.85,2263.85,0.721157,103.918
28.0,13.0,3.0,1704.98,2146.57,513.903,859.096
28.0,15.0,0.0,1337.4,1427.21,26.4663,204.447
28.0,16.0,3.0,1640.93,2171.93,97.053,323.215
29.0,3.0,5.0,573.75,1373.75,309.387,1270.1
29.0,5.0,3.0,1427.23,1831.58,48.771,263.918
29.0,7.0,5.0,1910.0,2197.69,3.71394,98.6899
29.0,13.0,3.0,1724.61,2163.64,493.807,824.159
29.0,15.0,0.0,1320.94,1408.29,29.4231,208.99
29.0,16.0,3.0,1722.4,2223.34,89.7722,316.625
30.0,3.0,5.0,583.438,1395.0,307.743,1268.33
30.0,5.0,3.0,1406.36,1776.33,54.5353,271.264
30.0,7.0,5.0,1910.0,2197.69,3.71394,98.6899
30.0,13.0,3.0,1750.7,2179.36,471.457,797.283
30.0,15.0,0.0,1299.04,1385.58,27.9808,212.885
30.0,16.0,3.0,1757.91,2272.36,82.4531,311.56
31.0,3.0,5.0,584.062,1393.75,305.74,1269.15
31.0,5.0,3.0,1371.79,1757.82,58.5275,280.071
31.0,7.0,5.0,1853.46,2229.62,4.47115,103.486
31.0,13.0,3.0,1773.75,2196.56,448.681,770.16
31.0,15.0,0.0,1279.21,1365.41,38.149,226.803
31.0,16.0,3.0,1814.22,2311.01,73.7367,309.598
32.0,3.0,5.0,573.75,1371.25,304.556,1265.38
32.0,5.0,3.0,1354.44,1738.87,63.632,285.744
32.0,7.0,5.0,1814.9,2278.14,0.897717,155.24
32.0,13.0,3.0,1797.95,2219.01,424.485,737.064
32.0,15.0,0.0,1253.65,1346.35,41.0336,238.63
32.0,16.0,3.0,1874.12,2359.02,76.0735,303.12
33.0,3.0,5.0,572.812,1372.5,306.2,1268.43
33.0,5.0,3.0,1337.16,1717.95,64.4302,292.477
33.0,7.0,5.0,1815.04,2269.26,0.0,155.623
33.0,13.0,3.0,1822.47,2235.1,401.012,707.882
33.0,15.0,0.0,1224.09,1318.99,40.2404,241.442
33.0,16.0,3.0,1933.86,2388.72,72.0575,300.16
34.0,3.0,5.0,573.75,1368.75,305.012,1270.42
34.0,5.0,3.0,1311.41,1691.27,67.3204,301.346
34.0,7.0,5.0,1778.02,2260.88,0.0,167.644
34.0,13.0,3.0,1848.58,2257.41,383.971,687.341
34.0,16.0,3.0,1985.97,2457.68,71.0331,292.929
35.0,3.0,5.0,573.125,1372.5,308.906,1266.34
35.0,5.0,3.0,1286.81,1676.15,71.2375,311.156
35.0,7.0,5.0,1778.29,2250.83,0.0,185.075
35.0,13.0,3.0,1878.0,2284.19,365.788,655.512
35.0,16.0,3.0,2035.48,2479.78,66.8535,288.343
36.0,3.0,5.0,575.625,1370.0,309.401,1267.42
36.0,5.0,3.0,1264.65,1650.77,72.8458,313.16
36.0,7.0,5.0,1768.45,2229.37,0.0,186.985
36.0,13.0,3.0,1904.88,2306.98,342.696,630.763
36.0,16.0,3.0,2077.22,2535.05,67.5307,281.996
37.0,3.0,5.0,575.0,1371.25,307.322,1264.05
37.0,5.0,3.0,1245.91,1636.3,79.7376,318.328
37.0,7.0,5.0,1743.03,2266.09,0.0,196.555
37.0,13.0,3.0,1933.91,2331.71,323.96,602.042
37.0,16.0,3.0,2125.52,2553.05,58.9286,278.266
38.0,3.0,5.0,575.938,1366.25,307.587,1264.67
38.0,5.0,3.0,1225.84,1609.1,84.6196,324.378
38.0,7.0,5.0,1711.55,2182.59,0.264931,187.12
38.0,13.0,3.0,1963.71,2361.8,300.357,579.356
38.0,16.0,3.0,2164.05,2550.84,54.6905,278.736
38.0,24.0,3.0,1677.95,2197.42,624.028,1074.33
39.0,3.0,5.0,573.75,1370.0,307.259,1264.81
39.0,5.0,3.0,1206.82,1587.93,92.876,330.877
39.0,7.0,5.0,1721.69,2151.34,0.569522,194.868
39.0,13.0,3.0,2000.99,2387.12,289.244,561.481
39.0,16.0,3.0,2232.21,2554.98,56.5454,271.456
39.0,24.0,3.0,1709.33,2211.73,600.436,974.956
40.0,3.0,5.0,574.375,1370.0,305.576,1266.05
40.0,5.0,3.0,1187.85,1574.73,103.251,344.787
40.0,7.0,5.0,1700.98,2135.96,0.0,205.148
40.0,13.0,3.0,2034.98,2419.22,267.588,545.228
40.0,16.0,3.0,2277.96,2555.49,44.126,273.087
40.0,24.0,3.0,1731.59,2222.11,581.314,974.671
40.0,35.0,3.0,1510.96,1882.88,0.0,129.447
41.0,3.0,5.0,569.688,1372.5,312.815,1262.33
41.0,5.0,3.0,1157.1,1542.28,102.844,348.978
41.0,7.0,5.0,1681.46,2123.88,1.28011,209.783
41.0,13.0,3.0,2068.58,2455.46,250.855,520.323
41.0,16.0,3.0,2316.06,2560.0,52.3558,253.702
41.0,24.0,3.0,1751.62,2233.34,551.063,997.21
41.0,35.0,3.0,1492.21,1824.71,0.0,131.25
42.0,3.0,5.0,570.938,1371.25,311.19,1270.49
42.0,5.0,3.0,1136.88,1530.72,109.161,353.805
42.0,7.0,5.0,1626.14,2099.17,0.0,205.492
42.0,13.0,3.0,2109.14,2501.73,228.179,502.083
42.0,16.0,3.0,2359.8,2557.82,25.0404,251.555
42.0,24.0,3.0,1787.15,2253.53,530.407,917.855
42.0,35.0,3.0,1458.65,1833.65,0.0,136.731
43.0,3.0,5.0,570.938,1372.5,312.795,1267.31
43.0,5.0,3.0,1110.16,1502.27,111.475,362.111
43.0,7.0,5.0,1630.81,2072.15,1.85507,215.016
43.0,13.0,3.0,2144.05,2536.15,220.724,488.782
43.0,24.0,3.0,1805.15,2265.39,508.36,881.693
43.0,35.0,3.0,1438.85,1767.31,0.0,140.337
44.0,3.0,5.0,572.188,1368.75,309.689,1267.94
44.0,5.0,3.0,1081.84,1484.53,119.287,369.832
44.0,7.0,5.0,1622.97,2056.79,1.83798,217.038
44.0,24.0,3.0,1834.39,2276.95,482.139,837.768
44.0,35.0,3.0,1391.27,1826.22,0.0,160.482
45.0,3.0,5.0,571.25,1371.25,310.14,1265.94
45.0,5.0,3.0,1050.51,1451.43,130.79,377.194
45.0,7.0,5.0,1589.28,2036.51,2.32841,225.473
45.0,24.0,3.0,1862.19,2295.29,462.749,816.905
45.0,35.0,3.0,1360.4,1756.84,0.0,161.453
46.0,3.0,5.0,570.938,1372.5,305.74,1270.21
46.0,5.0,3.0,1022.36,1433.99,136.755,388.004
46.0,7.0,5.0,1579.29,2020.34,5.57971,229.27
46.0,24.0,3.0,1886.88,2307.5,438.737,787.402
46.0,35.0,3.0,1333.08,1758.89,0.0,160.966
47.0,3.0,5.0,573.125,1367.5,310.221,1271.17
47.0,5.0,3.0,997.426,1403.57,142.113,382.369
47.0,7.0,5.0,1564.93,1997.21,3.35041,233.607
47.0,24.0,3.0,1908.07,2324.25,418.841,785.848
47.0,35.0,3.0,1295.51,1715.44,0.0,171.085
48.0,3.0,5.0,571.875,1370.0,312.187,1270.79
48.0,5.0,3.0,966.726,1381.33,144.532,383.079
48.0,7.0,5.0,1538.98,1980.46,4.35129,237.891
48.0,24.0,3.0,1934.55,2341.93,404.675,758.139
48.0,27.0,1.0,1657.47,2318.08,544.108,1451.09
48.0,35.0,3.0,1260.95,1644.91,3.13281,173.266
49.0,3.0,5.0,570.938,1370.0,311.407,1270.47
49.0,5.0,3.0,939.196,1352.16,159.29,396.885
49.0,7.0,5.0,1514.52,1970.29,2.44811,241.33
49.0,24.0,3.0,1939.58,2357.23,389.954,745.062
49.0,27.0,1.0,1686.18,2304.04,517.866,1467.68
49.0,35.0,3.0,1223.92,1619.78,5.2014,178.902
50.0,3.0,5.0,570.0,1371.25,307.945,1269.36
50.0,7.0,5.0,1495.79,1948.44,1.36735,244.841
50.0,24.0,3.0,1966.44,2376.17,366.123,724.103
50.0,27.0,1.0,1662.34,2309.86,466.274,1383.72
50.0,35.0,3.0,1185.69,1610.05,3.95315,187.462
51.0,3.0,5.0,569.688,1371.25,309.69,1267.35
51.0,7.0,5.0,1471.88,1936.87,0.0,254.324
51.0,24.0,3.0,1965.37,2389.08,347.723,701.446
51.0,27.0,1.0,1687.1,2300.16,464.706,1397.97
51.0,35.0,3.0,1154.42,1561.8,5.08573,187.924
52.0,3.0,5.0,568.75,1371.25,311.28,1272.69
52.0,7.0,5.0,1453.85,1910.22,0.0,259.999
52.0,24.0,3.0,1953.69,2418.85,334.061,672.907
52.0,27.0,1.0,1660.9,2308.1,461.341,1359.73
52.0,35.0,3.0,1109.02,1561.1,7.00735,199.699
53.0,3.0,5.0,572.812,1370.0,303.903,1276.53
53.0,7.0,5.0,1420.01,1884.43,1.0844,265.841
53.0,24.0,3.0,1995.64,2422.55,314.436,647.948
53.0,27.0,1.0,1669.79,2296.77,379.068,1170.54
54.0,3.0,5.0,570.625,1372.5,310.451,1271.63
54.0,7.0,5.0,1394.02,1853.27,1.2626,274.132
54.0,24.0,3.0,2056.33,2441.23,300.935,625.252
54.0,27.0,1.0,1700.7,2289.41,296.37,1253.16
55.0,3.0,5.0,569.062,1373.75,314.776,1274.43
55.0,7.0,5.0,1383.21,1824.84,2.57956,283.116
55.0,27.0,1.0,1676.12,2294.29,323.401,1222.66
55.0,40.0,0.0,799.202,1077.01,1451.55,1917.36
56.0,3.0,5.0,569.688,1373.75,315.137,1268.14
56.0,7.0,5.0,1364.76,1800.14,8.77792,291.653
56.0,27.0,1.0,1692.37,2287.15,305.807,1255.15
56.0,40.0,0.0,937.982,1198.38,1364.93,1916.33
56.0,41.0,1.0,2095.1,2317.21,0.0,103.846
57.0,3.0,5.0,568.75,1372.5,311.392,1268.12
57.0,7.0,5.0,1341.64,1775.03,5.69564,298.228
57.0,27.0,1.0,1690.82,2299.1,317.737,1213.71
57.0,40.0,0.0,1035.63,1314.26,1272.52,1864.08
57.0,41.0,1.0,2073.56,2314.13,0.108172,108.498
58.0,3.0,5.0,571.25,1375.0,306.823,1272.23
58.0,7.0,5.0,1319.0,1753.56,4.77294,303.475
58.0,27.0,1.0,1714.97,2276.37,271.945,1161.6
58.0,41.0,1.0,2045.19,2277.88,1.55048,104.748
59.0,3.0,5.0,570.625,1377.5,307.439,1275.8
59.0,7.0,5.0,1287.02,1731.18,7.71777,309.315
59.0,27.0,1.0,1712.41,2273.82,254.042,1168.81
59.0,41.0,1.0,2023.17,2287.6,0.216347,106.659
60.0,3.0,5.0,566.875,1380.0,311.069,1261.28
60.0,7.0,5.0,1265.05,1711.68,7.18556,319.041
60.0,27.0,1.0,1723.94,2275.15,237.173,1127.7
60.0,41.0,1.0,1992.5,2287.5,0.0,113.113
61.0,3.0,5.0,568.125,1380.0,309.522,1265.78
61.0,7.0,5.0,1242.8,1687.23,4.56008,329.115
61.0,27.0,1.0,1746.04,2265.13,236.242,1029.84
61.0,41.0,1.0,1967.12,2232.88,1.875,118.702
62.0,3.0,5.0,565.312,1381.25,308.108,1260.99
62.0,7.0,5.0,1218.61,1671.87,2.65245,340.178
62.0,27.0,1.0,1746.94,2278.85,231.794,1056.8
62.0,41.0,1.0,1924.42,2257.12,0.973556,120.397
63.0,3.0,5.0,565.938,1373.75,315.426,1262.4
63.0,7.0,5.0,1181.51,1637.94,1.92839,348.641
63.0,27.0,1.0,1748.65,2283.56,254.563,1039.11
63.0,41.0,1.0,1903.85,2173.08,2.30769,131.538
64.0,3.0,5.0,564.688,1375.0,315.231,1264.28
64.0,7.0,5.0,1157.75,1615.39,0.900335,357.572
64.0,27.0,1.0,1757.69,2275.38,262.693,1011.86
64.0,41.0,1.0,1854.9,2228.17,0.685093,139.363
65.0,3.0,5.0,567.5,1371.25,309.936,1260.84
65.0,7.0,5.0,1122.41,1597.7,3.30314,359.888
65.0,27.0,1.0,1763.45,2245.76,258.101,1005.26
65.0,41.0,1.0,1846.15,2163.08,0.0,156.058
66.0,3.0,5.0,568.75,1370.0,302.582,1266.58
66.0,7.0,5.0,1095.31,1567.33,2.02317,371.548
66.0,27.0,1.0,1766.31,2270.16,244.582,1001.47
66.0,41.0,1.0,1818.85,2101.15,0.216343,160.168
67.0,3.0,5.0,565.0,1372.5,305.134,1266.43
67.0,7.0,5.0,1063.81,1542.45,1.51158,384.819
67.0,27.0,1.0,1776.06,2253.91,154.267,947.09
67.0,40.0,0.0,1637.93,1835.9,745.899,1166.46
67.0,41.0,1.0,1793.08,2120.77,2.45193,163.125
68.0,3.0,5.0,569.375,1365.0,301.168,1266.7
68.0,7.0,5.0,1045.17,1519.5,2.34737,387.155
68.0,27.0,1.0,1779.06,2270.04,143.699,944.693
68.0,40.0,0.0,1644.35,1831.72,703.669,1117.0
68.0,41.0,1.0,1780.0,2093.85,4.75962,162.404
69.0,3.0,5.0,565.938,1376.25,302.452,1267.39
69.0,7.0,5.0,1006.11,1487.98,4.8558,392.303
69.0,27.0,1.0,1786.51,2273.55,128.138,945.728
69.0,40.0,0.0,1618.04,1821.22,675.772,1064.56
69.0,41.0,1.0,1733.34,2094.31,0.0,182.774
70.0,3.0,5.0,566.25,1375.0,306.424,1271.36
70.0,7.0,5.0,968.6,1462.37,9.81105,386.992
70.0,27.0,1.0,1785.75,2272.19,109.475,971.127
70.0,40.0,0.0,1628.01,1794.95,640.788,1029.31
70.0,41.0,1.0,1710.61,2092.61,1.24227,188.966
71.0,3.0,5.0,567.188,1375.0,312.032,1266.9
71.0,27.0,1.0,1785.74,2273.5,101.482,984.645
71.0,40.0,0.0,1614.7,1780.55,603.798,987.424
71.0,41.0,1.0,1682.09,2081.74,1.7101,196.626
72.0,3.0,5.0,571.25,1373.75,311.041,1264.04
72.0,27.0,1.0,1798.11,2272.24,92.0683,993.09
72.0,40.0,0.0,1601.82,1772.22,570.861,957.26
72.0,41.0,1.0,1650.71,2016.64,1.40243,193.343
73.0,3.0,5.0,569.375,1372.5,312.768,1265.77
73.0,27.0,1.0,1812.86,2273.87,114.91,836.431
73.0,40.0,0.0,1607.04,1756.94,540.886,919.579
73.0,41.0,1.0,1618.62,1999.5,2.25275,198.266
74.0,3.0,5.0,569.375,1375.0,315.165,1263.18
74.0,27.0,1.0,1813.98,2277.02,121.921,808.303
74.0,40.0,0.0,1587.89,1734.5,515.279,871.116
74.0,41.0,1.0,1571.62,1962.48,6.86558,200.17
75.0,3.0,5.0,570.938,1376.25,313.303,1264.91
75.0,27.0,1.0,1822.83,2276.8,110.131,817.351
75.0,40.0,0.0,1578.94,1729.57,489.242,830.8
75.0,41.0,1.0,1587.79,1963.68,1.63073,209.194
76.0,3.0,5.0,570.938,1376.25,313.227,1265.99
76.0,27.0,1.0,1838.42,2271.76,107.464,821.799
76.0,40.0,0.0,1566.32,1712.32,460.183,800.139
76.0,41.0,1.0,1549.1,1912.72,0.951297,216.809
77.0,3.0,5.0,567.188,1376.25,316.564,1262.49
77.0,27.0,1.0,1854.93,2308.79,76.5452,775.014
77.0,40.0,0.0,1571.36,1705.9,438.086,763.903
77.0,41.0,1.0,1439.44,1895.35,2.99681,210.408
78.0,3.0,5.0,570.312,1373.75,312.449,1266.38
78.0,27.0,1.0,1868.94,2297.65,96.2717,754.348
78.0,40.0,0.0,1574.11,1717.68,415.223,733.648
78.0,41.0,1.0,1496.96,1866.03,0.0,226.69
79.0,3.0,5.0,571.562,1376.25,307.263,1261.31
79.0,27.0,1.0,1876.0,2325.83,58.892,731.752
79.0,40.0,0.0,1586.66,1714.87,391.545,699.27
79.0,41.0,1.0,1463.73,1834.7,1.07696,233.083
80.0,3.0,5.0,581.562,1397.5,304.072,1274.92
80.0,27.0,1.0,1902.4,2530.91,36.2343,736.667
80.0,40.0,0.0,1589.79,1720.22,370.576,671.027
80.0,41.0,1.0,1438.34,1795.54,2.01459,243.277
81.0,3.0,5.0,570.938,1373.75,300.928,1260.23
81.0,27.0,1.0,1898.67,2533.04,34.3598,728.579
81.0,40.0,0.0,1610.0,1746.56,345.749,641.216
81.0,41.0,1.0,1410.92,1774.53,0.0,249.691
82.0,3.0,5.0,570.0,1371.25,292.915,1272.69
82.0,27.0,1.0,1924.29,2365.42,61.5225,696.593
82.0,40.0,0.0,1635.31,1772.03,325.089,613.395
82.0,41.0,1.0,1395.99,1760.5,1.33019,252.303
83.0,3.0,5.0,586.875,1390.0,288.243,1277.27
83.0,27.0,1.0,1938.96,2523.09,13.1906,680.488
83.0,40.0,0.0,1664.25,1798.95,301.928,590.727
83.0,41.0,1.0,1354.18,1720.56,1.94188,261.832
84.0,3.0,5.0,585.0,1392.5,297.75,1272.87
84.0,27.0,1.0,1960.47,2453.01,25.8932,660.732
84.0,40.0,0.0,1687.92,1832.96,281.253,563.018
84.0,41.0,1.0,1324.13,1686.33,0.569873,274.14
84.0,44.0,3.0,1524.39,1959.85,735.367,1255.82
85.0,3.0,5.0,569.375,1370.0,295.75,1273.26
85.0,27.0,1.0,1979.0,2440.57,22.7464,646.371
85.0,40.0,0.0,1732.75,1874.98,260.822,542.037
85.0,41.0,1.0,1296.18,1667.6,4.27945,279.491
85.0,44.0,3.0,1524.39,1959.85,735.367,1255.82
86.0,3.0,5.0,569.375,1372.5,307.156,1268.92
86.0,27.0,1.0,1997.61,2557.23,6.25955,627.604
86.0,40.0,0.0,1780.72,1924.14,240.995,515.562
86.0,41.0,1.0,1258.2,1637.04,7.24255,281.381
87.0,3.0,5.0,562.812,1377.5,307.533,1267.07
87.0,27.0,1.0,2014.62,2553.33,1.38734,611.012
87.0,40.0,0.0,1835.53,1964.47,227.38,489.159
87.0,41.0,1.0,1239.95,1601.18,0.0,290.638
88.0,3.0,5.0,566.25,1373.75,302.148,1267.32
88.0,27.0,1.0,2037.76,2552.18,0.0,574.271
88.0,40.0,0.0,1892.6,2015.1,205.457,467.236
88.0,41.0,1.0,1203.1,1573.17,0.0,296.957
89.0,3.0,5.0,565.938,1371.25,298.451,1270.25
89.0,27.0,1.0,2041.44,2554.6,0.0,571.55
89.0,40.0,0.0,1958.17,2072.6,191.394,442.067
89.0,41.0,1.0,1193.33,1565.93,12.6091,312.005
90.0,3.0,5.0,566.562,1371.25,306.914,1270.32
90.0,27.0,1.0,2033.46,2541.52,0.0,560.866
90.0,40.0,0.0,1958.17,2072.6,191.394,442.067
90.0,41.0,1.0,1149.17,1513.68,38.079,323.312
90.0,49.0,5.0,1557.5,2272.5,619.031,1593.32
91.0,3.0,5.0,563.75,1371.25,302.563,1272.94
91.0,27.0,1.0,2082.92,2557.98,0.0,549.584
91.0,41.0,1.0,1121.01,1481.89,33.0115,327.263
91.0,49.0,5.0,1560.0,2272.5,600.849,1523.85
92.0,3.0,5.0,558.75,1375.0,290.796,1276.09
92.0,27.0,1.0,2114.83,2555.69,0.0,539.584
92.0,41.0,1.0,1100.09,1463.62,21.9436,341.74
92.0,49.0,5.0,1575.32,2244.69,594.253,1451.92
93.0,3.0,5.0,553.125,1375.0,293.67,1272.85
93.0,27.0,1.0,2126.38,2557.56,0.0,532.935
93.0,41.0,1.0,1061.77,1427.92,27.0676,352.011
93.0,49.0,5.0,1580.87,2257.47,574.981,1422.24
93.0,61.0,5.0,1956.83,2230.87,0.396634,116.286
94.0,3.0,5.0,555.312,1376.25,299.426,1270.51
94.0,27.0,1.0,2151.02,2560.0,0.0,513.41
94.0,41.0,1.0,1039.24,1396.57,0.0,391.946
94.0,49.0,5.0,1588.74,2248.7,555.779,1399.94
94.0,61.0,5.0,1908.27,2165.58,2.59615,120.0
95.0,3.0,5.0,562.5,1371.25,300.593,1270.37
95.0,27.0,1.0,2140.29,2560.0,0.0,495.079
95.0,49.0,5.0,1602.67,2246.08,525.934,1355.39
95.0,61.0,5.0,1908.27,2165.58,2.59615,120.0
96.0,3.0,5.0,558.438,1372.5,306.569,1260.5
96.0,27.0,1.0,2199.5,2559.8,0.0,492.098
96.0,49.0,5.0,1600.25,2249.66,504.397,1327.19
96.0,61.0,5.0,1865.1,2202.6,0.0,157.716
97.0,3.0,5.0,555.312,1373.75,303.085,1259.58
97.0,27.0,1.0,2232.39,2560.0,0.0,488.579
97.0,49.0,5.0,1611.45,2233.55,465.079,1279.48
97.0,61.0,5.0,1826.88,2269.93,3.82471,163.689
98.0,3.0,5.0,560.0,1370.0,306.686,1261.55
98.0,27.0,1.0,2253.3,2560.0,0.0,482.261
98.0,49.0,5.0,1610.58,2236.64,468.178,1261.78
98.0,61.0,5.0,1794.28,2273.73,0.0,172.272
99.0,3.0,5.0,568.75,1368.75,307.524,1268.58
99.0,27.0,1.0,2296.03,2558.28,0.0,470.204
99.0,49.0,5.0,1625.1,2235.76,464.087,1238.73
99.0,61.0,5.0,1751.57,2254.28,0.0,176.652
100.0,3.0,5.0,570.0,1372.5,306.538,1271.48
100.0,27.0,1.0,2323.05,2559.5,1.68983,459.374
100.0,49.0,5.0,1632.43,2238.05,440.975,1210.16
100.0,61.0,5.0,1731.96,2178.91,2.46051,191.011
101.0,3.0,5.0,571.25,1371.25,313.738,1270.93
101.0,27.0,1.0,2345.24,2559.71,7.29431,454.049
101.0,49.0,5.0,1647.43,2231.55,393.382,1175.06
101.0,61.0,5.0,1690.32,2149.35,6.09841,192.27
102.0,3.0,5.0,573.125,1370.0,308.761,1271.11
102.0,27.0,1.0,2354.23,2559.91,0.0,402.545
102.0,49.0,5.0,1656.76,2230.98,374.563,1090.99
102.0,61.0,5.0,1663.89,2110.42,2.00415,196.968
103.0,3.0,5.0,570.625,1370.0,311.145,1266.71
103.0,49.0,5.0,1663.74,2236.57,364.298,1087.85
103.0,61.0,5.0,1622.6,2079.14,1.81962,202.653
104.0,3.0,5.0,571.875,1370.0,307.801,1268.28
104.0,49.0,5.0,1664.72,2242.31,371.736,1069.1
104.0,61.0,5.0,1587.15,2046.89,1.8255,211.067
105.0,3.0,5.0,571.875,1372.5,311.236,1269.95
105.0,49.0,5.0,1678.46,2244.54,345.03,1047.17
105.0,61.0,5.0,1551.04,2013.54,0.0,211.471
106.0,3.0,5.0,573.438,1371.25,309.864,1268.93
106.0,49.0,5.0,1685.56,2236.11,299.399,1011.12
106.0,61.0,5.0,1511.1,1980.63,1.77391,223.453
107.0,3.0,5.0,572.812,1372.5,306.779,1270.07
107.0,49.0,5.0,1691.42,2238.48,303.47,981.525
107.0,61.0,5.0,1477.04,1957.4,1.02858,231.876
107.0,75.0,3.0,2138.75,2362.79,0.0,106.803
108.0,3.0,5.0,577.188,1367.5,301.845,1271.39
108.0,49.0,5.0,1700.73,2232.39,310.271,962.111
108.0,61.0,5.0,1441.7,1898.73,0.0,243.227
108.0,75.0,3.0,2101.35,2403.27,0.0,111.923
109.0,3.0,5.0,574.062,1370.0,300.311,1275.32
109.0,49.0,5.0,1709.88,2221.3,300.755,947.048
109.0,61.0,5.0,1399.65,1881.1,1.95655,249.93
109.0,75.0,3.0,2068.46,2420.77,0.0,113.113
110.0,3.0,5.0,572.5,1370.0,298.89,1275.68
110.0,49.0,5.0,1738.49,2256.31,261.937,901.95
110.0,61.0,5.0,1368.39,1849.19,0.0,259.907
110.0,75.0,3.0,2037.12,2427.5,0.0,113.257
111.0,3.0,5.0,571.562,1370.0,302.641,1273.73
111.0,49.0,5.0,1754.09,2255.12,255.074,880.948
111.0,61.0,5.0,1326.93,1798.58,0.377526,271.819
111.0,75.0,3.0,2009.04,2304.81,0.324519,128.185
112.0,3.0,5.0,570.0,1375.0,301.104,1273.85
112.0,49.0,5.0,1763.65,2259.81,257.951,837.567
112.0,61.0,5.0,1281.36,1767.8,1.98831,278.445
112.0,75.0,3.0,1985.19,2300.96,0.973556,125.661
113.0,3.0,5.0,568.125,1372.5,300.602,1266.96
113.0,49.0,5.0,1786.74,2268.81,232.934,792.937
113.0,61.0,5.0,1255.9,1724.31,13.4343,288.343
113.0,75.0,3.0,1945.38,2270.0,1.47837,133.377
113.0,79.0,3.0,2037.0,2354.31,165.035,413.053
114.0,3.0,5.0,567.188,1370.0,301.816,1266.05
114.0,49.0,5.0,1795.4,2292.78,232.543,791.454
114.0,61.0,5.0,1214.02,1682.43,4.61198,298.11
114.0,75.0,3.0,1909.81,2268.65,2.16346,139.615
114.0,79.0,3.0,2064.05,2376.67,162.388,411.225
115.0,3.0,5.0,564.688,1373.75,305.265,1263.87
115.0,49.0,5.0,1805.89,2296.16,221.412,779.368
115.0,61.0,5.0,1168.89,1645.08,5.76423,307.84
115.0,75.0,3.0,1865.68,2247.49,1.33279,163.398
115.0,79.0,3.0,2091.15,2414.4,141.849,399.182
116.0,3.0,5.0,560.938,1370.0,305.36,1270.65
116.0,49.0,5.0,1817.47,2306.78,194.9,770.427
116.0,61.0,5.0,1127.7,1601.63,1.52241,325.207
116.0,75.0,3.0,1828.37,2206.93,3.62698,171.901
116.0,79.0,3.0,2127.67,2443.2,136.605,381.376
116.0,83.0,3.0,2377.26,2558.12,0.0,69.1767
117.0,3.0,5.0,562.812,1372.5,315.369,1267.21
117.0,49.0,5.0,1847.15,2313.93,185.764,747.616
117.0,61.0,5.0,1081.7,1568.92,6.99193,337.504
117.0,75.0,3.0,1795.27,2172.45,0.507488,181.702
117.0,79.0,3.0,2138.05,2466.55,122.999,370.413
117.0,83.0,3.0,2347.4,2557.21,0.0,87.4399
118.0,3.0,5.0,559.062,1371.25,310.484,1265.46
118.0,49.0,5.0,1867.13,2342.31,167.82,708.412
118.0,61.0,5.0,1040.08,1535.05,4.7922,348.555
118.0,75.0,3.0,1753.76,2145.58,2.15399,186.202
118.0,79.0,3.0,2203.13,2507.84,113.797,351.073
118.0,83.0,3.0,2312.79,2554.9,0.0,88.4135
119.0,3.0,5.0,562.812,1368.75,308.937,1274.7
119.0,49.0,5.0,1878.35,2360.89,157.649,700.158
119.0,61.0,5.0,991.868,1491.4,4.50843,365.825
119.0,75.0,3.0,1721.32,2114.48,3.36066,190.901
119.0,79.0,3.0,2236.61,2548.46,97.9139,336.402
119.0,83.0,3.0,2297.69,2560.0,0.288463,93.8942
120.0,3.0,5.0,567.188,1371.25,307.501,1277.87
120.0,49.0,5.0,1900.32,2381.92,147.143,674.375
120.0,75.0,3.0,1682.29,2069.55,1.34703,196.406
120.0,79.0,3.0,2281.8,2550.08,82.982,310.55
120.0,83.0,3.0,2257.98,2548.17,0.0,88.8462
121.0,3.0,5.0,572.812,1368.75,297.314,1277.93
121.0,49.0,5.0,1920.69,2394.83,129.336,648.648
121.0,75.0,3.0,1642.83,2044.38,3.38277,201.03
121.0,79.0,3.0,2306.42,2558.8,70.8896,300.411
121.0,83.0,3.0,2225.38,2550.0,1.83894,94.7957
122.0,3.0,5.0,571.25,1365.0,299.125,1282.86
122.0,49.0,5.0,1951.84,2412.4,111.43,614.641
122.0,75.0,3.0,1611.2,2002.55,5.88128,209.43
122.0,79.0,3.0,2348.4,2558.34,60.3753,297.877
122.0,83.0,3.0,2204.62,2533.85,1.80288,99.9519
123.0,3.0,5.0,570.312,1370.0,309.8,1280.41
123.0,49.0,5.0,1975.5,2433.03,98.8419,604.269
123.0,75.0,3.0,1563.03,1970.36,3.36823,220.282
123.0,83.0,3.0,2172.12,2486.35,0.0,107.344
124.0,3.0,5.0,571.875,1365.0,304.529,1277.75
124.0,49.0,5.0,1996.3,2461.61,90.8857,586.053
124.0,75.0,3.0,1529.69,1934.2,6.35176,227.895
124.0,83.0,3.0,2134.62,2450.0,0.0,117.728
125.0,3.0,5.0,571.25,1371.25,306.502,1270.74
125.0,49.0,5.0,2025.51,2493.55,84.4155,556.447
125.0,75.0,3.0,1496.87,1890.13,5.65093,233.753
125.0,83.0,3.0,2108.94,2404.9,1.15384,106.082
126.0,3.0,5.0,570.312,1372.5,302.495,1272.4
126.0,49.0,5.0,2058.63,2494.25,65.0609,539.866
126.0,75.0,3.0,1450.06,1852.84,3.05185,240.299
126.0,83.0,3.0,2070.38,2421.92,3.24519,112.716
126.0,97.0,3.0,1415.1,1695.67,0.829328,88.1611
127.0,3.0,5.0,570.312,1370.0,299.934,1278.99
127.0,49.0,5.0,2086.75,2546.07,68.4516,531.127
127.0,75.0,3.0,1416.19,1810.6,7.59268,245.187
127.0,83.0,3.0,2040.87,2346.83,5.04807,127.139
127.0,97.0,3.0,1340.0,1673.85,0.0,87.2957
127.0,98.0,3.0,0.0,747.355,1804.33,1916.7
128.0,3.0,5.0,572.188,1371.25,303.931,1277.39
128.0,49.0,5.0,2112.73,2552.52,40.274,499.461
128.0,75.0,3.0,1377.52,1777.95,9.33323,261.535
128.0,83.0,3.0,2019.62,2278.85,1.91106,130.204
128.0,97.0,3.0,1246.73,1587.12,2.37981,105.288
128.0,98.0,3.0,14.2643,806.734,1757.34,1920.0
129.0,3.0,5.0,570.0,1371.25,298.014,1278.87
129.0,49.0,5.0,2135.01,2559.56,21.3982,476.678
129.0,75.0,3.0,1336.5,1734.98,26.4263,273.463
129.0,83.0,3.0,1979.42,2294.42,0.036056,140.733
129.0,97.0,3.0,1184.62,1615.38,0.0721157,103.918
129.0,98.0,3.0,0.0,820.645,1737.88,1919.52
130.0,3.0,5.0,572.5,1372.5,291.471,1275.32
130.0,49.0,5.0,2150.17,2560.0,11.502,467.004
130.0,75.0,3.0,1288.93,1694.68,21.3242,281.357
130.0,83.0,3.0,1935.38,2270.77,0.504806,152.236
130.0,98.0,3.0,0.0,818.362,1711.11,1919.87
131.0,3.0,5.0,570.938,1371.25,305.44,1271.09
131.0,49.0,5.0,2217.01,2560.0,10.4858,446.04
131.0,75.0,3.0,1247.3,1662.56,21.5455,286.958
131.0,83.0,3.0,1900.38,2216.54,1.51442,158.005
131.0,98.0,3.0,0.0,816.363,1668.53,1916.29
132.0,3.0,5.0,570.938,1368.75,301.96,1275.89
132.0,49.0,5.0,2250.11,2560.0,3.72695,448.143
132.0,75.0,3.0,1209.15,1624.06,34.2575,294.068
132.0,83.0,3.0,1870.77,2184.62,2.59616,163.99
132.0,98.0,3.0,0.0,815.457,1660.73,1915.04
133.0,3.0,5.0,570.312,1366.25,305.398,1276.48
133.0,49.0,5.0,2292.28,2556.14,2.67365,389.922
133.0,75.0,3.0,1163.86,1583.48,44.1615,313.844
133.0,83.0,3.0,1814.66,2157.33,0.477061,187.606
133.0,98.0,3.0,0.0,816.761,1649.12,1911.42
134.0,3.0,5.0,568.125,1367.5,311.585,1268.78
134.0,49.0,5.0,2329.39,2557.59,1.55507,385.134
134.0,75.0,3.0,1121.34,1544.28,57.8231,322.289
134.0,83.0,3.0,1777.73,2118.32,0.530627,196.209
134.0,98.0,3.0,10.3125,826.25,1597.58,1920.0
135.0,3.0,5.0,568.438,1365.0,301.144,1272.82
135.0,49.0,5.0,2372.1,2559.02,0.0,371.015
135.0,75.0,3.0,1080.56,1502.83,60.3122,333.348
135.0,83.0,3.0,1732.65,2074.57,5.02457,197.482
135.0,98.0,3.0,18.4375,822.5,1571.59,1917.97
136.0,3.0,5.0,562.812,1372.5,303.715,1269.36
136.0,75.0,3.0,1032.51,1459.86,67.5034,339.907
136.0,83.0,3.0,1687.25,2029.0,4.19202,206.774
136.0,98.0,3.0,32.1875,830.0,1557.45,1915.62
137.0,3.0,5.0,563.438,1372.5,303.276,1268.1
137.0,75.0,3.0,987.583,1415.45,70.5404,355.321
137.0,83.0,3.0,1641.31,1984.24,6.38828,213.243
137.0,98.0,3.0,43.125,836.25,1546.26,1912.02
138.0,3.0,5.0,562.188,1371.25,304.82,1268.7
138.0,83.0,3.0,1590.91,1944.21,8.41016,227.293
138.0,98.0,3.0,42.1875,833.75,1519.26,1913.78
138.0,101.0,3.0,2177.88,2492.88,0.0,110.95
139.0,3.0,5.0,563.75,1371.25,306.511,1276.53
139.0,83.0,3.0,1547.17,1898.31,16.979,234.185
139.0,98.0,3.0,50.9375,833.75,1494.15,1914.37
139.0,101.0,3.0,2142.88,2444.81,0.216351,121.226
140.0,3.0,5.0,567.812,1372.5,313.067,1276.24
140.0,83.0,3.0,1489.38,1852.47,22.8196,245.965
140.0,98.0,3.0,54.0625,837.5,1477.13,1917.42
140.0,101.0,3.0,2142.88,2444.81,0.216351,121.226
141.0,3.0,5.0,569.375,1372.5,308.874,1275.46
141.0,83.0,3.0,1447.55,1809.05,32.1943,251.987
141.0,98.0,3.0,68.75,838.125,1458.64,1920.0
141.0,101.0,3.0,2075.19,2395.58,1.26202,121.334
142.0,3.0,5.0,570.0,1371.25,307.18,1269.77
142.0,60.0,0.0,1782.69,2006.9,559.51,803.596
142.0,83.0,3.0,1402.66,1759.41,37.6361,262.998
142.0,98.0,3.0,75.3125,838.75,1436.83,1920.0
142.0,101.0,3.0,2040.96,2349.81,0.360582,121.082
143.0,3.0,5.0,571.875,1372.5,306.692,1267.4
143.0,60.0,0.0,1782.69,2006.9,559.51,803.596
143.0,83.0,3.0,1348.23,1719.2,43.9028,277.158
143.0,98.0,3.0,88.125,838.125,1416.16,1920.0
143.0,101.0,3.0,2006.54,2298.08,0.504806,135.433
144.0,3.0,5.0,570.312,1372.5,298.487,1269.81
144.0,83.0,3.0,1302.74,1668.85,50.8939,287.765
144.0,98.0,3.0,96.25,841.875,1411.04,1920.0
144.0,101.0,3.0,1977.79,2292.98,1.08173,136.514
145.0,3.0,5.0,569.375,1372.5,297.463,1267.6
145.0,60.0,0.0,1754.8,1971.42,531.345,775.133
145.0,83.0,3.0,1242.72,1625.32,60.5858,305.595
145.0,98.0,3.0,100.312,847.5,1400.22,1920.0
145.0,101.0,3.0,1923.04,2288.53,0.0,172.974
146.0,3.0,5.0,566.875,1375.0,303.284,1261.42
146.0,60.0,0.0,1754.8,1971.42,531.345,775.133
146.0,83.0,3.0,1194.02,1578.31,68.8364,316.235
146.0,98.0,3.0,106.562,847.5,1385.56,1920.0
146.0,101.0,3.0,1878.32,2240.69,0.0,177.167
147.0,3.0,5.0,567.5,1375.0,302.452,1259.53
147.0,83.0,3.0,1143.69,1530.57,77.1948,322.474
147.0,98.0,3.0,120.938,843.75,1364.27,1920.0
147.0,101.0,3.0,1839.06,2208.5,4.22934,177.084
148.0,3.0,5.0,572.5,1371.25,303.545,1261.91
148.0,83.0,3.0,1091.92,1485.32,86.0447,336.253
148.0,98.0,3.0,129.375,838.75,1342.63,1920.0
148.0,101.0,3.0,1791.6,2160.31,0.377691,189.712
