2.0,1.0,3.0,1766.39,2159.17,385.256,688.552
2.0,2.0,3.0,1865.6,2217.43,191.079,452.815
2.0,5.0,2.0,3.33374,122.379,1223.73,1821.25
2.0,6.0,3.0,1777.77,2128.66,2.93557,202.839
2.0,9.0,0.0,1594.09,1716.68,2.59615,170.048
2.0,10.0,3.0,235.938,876.25,1149.55,1732.12
3.0,1.0,3.0,1793.42,2198.37,360.562,654.383
3.0,2.0,3.0,1908.39,2258.59,185.213,425.63
3.0,5.0,2.0,2.14208,114.742,1220.56,1817.49
3.0,6.0,3.0,1776.6,2126.45,2.27872,200.143
3.0,9.0,0.0,1592.93,1717.84,3.60577,169.183
3.0,10.0,3.0,236.875,878.125,1153.28,1732.3
3.0,13.0,0.0,1365.67,1446.63,6.63461,148.413
4.0,1.0,3.0,1825.01,2223.29,339.033,630.318
4.0,2.0,3.0,1951.78,2287.83,170.554,399.885
4.0,5.0,2.0,1.21346,109.764,1208.65,1818.54
4.0,6.0,3.0,1773.07,2130.26,2.64863,200.465
4.0,9.0,0.0,1590.91,1716.78,2.52404,171.562
4.0,10.0,3.0,234.062,881.25,1148.23,1728.53
4.0,13.0,0.0,1365.67,1446.63,6.63461,148.413
5.0,1.0,3.0,1861.38,2252.44,319.536,611.675
5.0,2.0,3.0,1990.42,2329.93,148.6,395.381
5.0,5.0,2.0,1.44296,117.22,1211.63,1814.42
5.0,6.0,3.0,1774.5,2129.17,2.62046,202.94
5.0,9.0,0.0,1590.29,1720.48,0.432687,170.913
5.0,10.0,3.0,235.938,880.0,1146.24,1720.79
5.0,13.0,0.0,1358.34,1444.74,5.40865,149.639
6.0,1.0,3.0,1893.8,2289.18,298.995,578.301
6.0,2.0,3.0,2033.44,2373.94,144.356,376.22
6.0,5.0,2.0,1.16724,120.503,1209.1,1816.03
6.0,6.0,3.0,1775.35,2128.99,3.34445,199.549
6.0,9.0,0.0,1589.62,1724.23,1.94711,169.111
6.0,10.0,3.0,239.688,878.75,1139.83,1714.35
6.0,13.0,0.0,1364.88,1447.43,5.84135,149.062
7.0,1.0,3.0,1933.89,2327.25,286.436,553.938
7.0,2.0,3.0,2077.07,2429.41,129.45,354.868
7.0,5.0,2.0,1.64375,120.922,1211.46,1812.49
7.0,6.0,3.0,1778.56,2127.4,3.08773,200.687
7.0,9.0,0.0,1588.8,1721.97,1.58654,169.327
7.0,10.0,3.0,235.625,881.25,1139.31,1713.8
7.0,13.0,0.0,1364.88,1447.43,5.84135,149.062
8.0,1.0,3.0,1971.45,2353.03,261.966,539.099
8.0,2.0,3.0,2127.89,2479.89,118.747,337.923
8.0,5.0,2.0,0.994582,119.286,1204.59,1809.74
8.0,6.0,3.0,1774.98,2125.27,1.65532,200.683
8.0,9.0,0.0,1588.75,1718.94,0.0,167.957
8.0,10.0,3.0,243.906,880.625,1127.44,1706.68
8.0,11.0,3.0,1291.25,1930.0,992.177,1503.63
8.0,13.0,0.0,1372.24,1449.3,4.25481,150.505
9.0,1.0,3.0,2016.53,2397.69,249.372,512.566
9.0,2.0,3.0,2182.23,2512.5,109.462,338.374
9.0,5.0,2.0,1.39762,118.826,1207.71,1814.04
9.0,6.0,3.0,1778.67,2125.39,1.26369,201.192
9.0,9.0,0.0,1590.19,1720.58,0.0,169.183
9.0,10.0,3.0,242.5,886.875,1133.13,1690.69
9.0,11.0,3.0,1328.75,1952.5,933.619,1441.96
9.0,13.0,0.0,1363.22,1447.55,4.6875,151.226
10.0,1.0,3.0,2058.82,2451.89,235.08,489.399
10.0,2.0,3.0,2218.45,2548.32,93.6758,313.576
10.0,5.0,2.0,3.39584,122.849,1203.77,1818.45
10.0,6.0,3.0,1778.91,2126.47,1.41096,200.123
10.0,9.0,0.0,1589.33,1721.44,0.504806,169.255
10.0,10.0,3.0,247.188,890.0,1126.35,1681.39
10.0,11.0,3.0,1367.78,1923.18,890.422,1361.19
10.0,13.0,0.0,1378.65,1452.12,5.76923,150.288
11.0,1.0,3.0,2107.15,2487.1,212.803,469.304
11.0,2.0,3.0,2280.87,2556.06,83.0048,278.149
11.0,5.0,2.0,3.76391,127.249,1200.91,1807.24
11.0,6.0,3.0,1775.55,2126.18,1.34793,202.427
11.0,8.0,3.0,1765.18,2120.11,598.636,904.908
11.0,9.0,0.0,1589.71,1724.13,0.0,166.587
11.0,10.0,3.0,258.281,891.25,1122.94,1665.26
11.0,11.0,3.0,1410.21,1904.44,840.257,1293.65
11.0,13.0,0.0,1378.65,1452.12,5.76923,150.288
12.0,1.0,3.0,2149.82,2522.06,202.344,444.788
12.0,2.0,3.0,2332.39,2553.48,65.8814,285.534
12.0,5.0,2.0,4.56593,138.216,1199.43,1805.76
12.0,6.0,3.0,1775.31,2127.74,2.14833,201.151
12.0,8.0,3.0,1765.18,2120.11,598.636,904.908
12.0,9.0,0.0,1588.8,1725.05,1.44231,168.029
12.0,10.0,3.0,263.125,894.375,1119.47,1661.56
12.0,11.0,3.0,1433.66,1891.97,798.571,1231.52
12.0,13.0,0.0,1380.99,1451.32,5.66106,149.675
13.0,1.0,3.0,2203.2,2560.0,182.368,428.938
13.0,5.0,2.0,3.43451,148.829,1184.26,1801.34
13.0,6.0,3.0,1775.76,2128.36,2.29259,200.399
13.0,7.0,3.0,2444.09,2560.0,0.0,84.9159
13.0,9.0,0.0,1588.08,1722.69,2.66827,165.216
13.0,10.0,3.0,265.469,895.625,1112.33,1651.69
13.0,11.0,3.0,1462.72,1863.44,748.831,1190.1
13.0,13.0,0.0,1380.99,1451.32,5.66106,149.675
14.0,5.0,2.0,3.27687,156.62,1179.77,1792.05
14.0,6.0,3.0,1776.07,2128.32,2.49336,199.996
14.0,7.0,3.0,2444.09,2560.0,0.0,84.9159
14.0,9.0,0.0,1588.27,1719.42,2.45192,166.442
14.0,10.0,3.0,275.625,895.625,1106.81,1641.83
14.0,11.0,3.0,1497.88,1833.47,715.553,1133.91
14.0,13.0,0.0,1333.7,1441.68,7.93269,148.846
15.0,5.0,2.0,1.77237,162.435,1179.85,1760.11
15.0,6.0,3.0,1776.62,2125.63,1.93204,199.652
15.0,9.0,0.0,1590.1,1711.44,3.10096,168.678
15.0,10.0,3.0,285.312,908.75,1090.43,1636.14
15.0,11.0,3.0,1526.37,1847.06,674.484,1081.51
15.0,13.0,0.0,1345.62,1445.14,5.94952,148.954
16.0,5.0,2.0,3.03822,174.774,1180.29,1758.86
16.0,6.0,3.0,1778.76,2125.13,2.56608,199.587
16.0,9.0,0.0,1587.64,1716.97,1.73077,170.192
16.0,10.0,3.0,292.344,917.5,1083.27,1615.78
16.0,11.0,3.0,1556.12,1834.6,641.987,1027.66
16.0,13.0,0.0,1333.51,1443.41,9.19471,148.882
17.0,5.0,2.0,11.6955,202.441,1172.83,1757.64
17.0,6.0,3.0,1779.14,2126.36,3.96287,199.117
17.0,9.0,0.0,1588.8,1721.97,3.53365,168.389
17.0,10.0,3.0,302.031,921.25,1072.41,1605.64
17.0,11.0,3.0,1556.12,1834.6,641.987,1027.66
17.0,13.0,0.0,1329.33,1446.06,8.00481,149.351
17.0,18.0,3.0,2318.08,2552.69,0.612981,90.613
18.0,5.0,2.0,10.4832,226.244,1161.18,1739.75
18.0,6.0,3.0,1780.21,2126.59,3.8489,199.671
18.0,9.0,0.0,1587.16,1714.38,2.30769,169.76
18.0,10.0,3.0,304.531,944.375,1040.67,1593.28
18.0,13.0,0.0,1329.33,1446.06,8.00481,149.351
18.0,15.0,5.0,1715.0,2560.0,399.954,1452.19
18.0,18.0,3.0,2309.23,2552.31,0.0,96.3461
19.0,5.0,2.0,10.5396,257.638,1154.15,1731.3
19.0,6.0,3.0,1780.47,2128.45,3.36272,199.616
19.0,9.0,0.0,1584.09,1711.3,1.58654,169.76
19.0,10.0,3.0,312.5,958.125,1048.79,1575.24
19.0,15.0,5.0,1688.75,2555.0,357.73,1369.6
19.0,18.0,3.0,2256.15,2546.92,0.0,106.19
20.0,5.0,2.0,20.3002,266.345,1152.44,1724.27
20.0,6.0,3.0,1778.67,2130.32,4.46839,199.289
20.0,9.0,0.0,1591.11,1722.74,0.0,170.481
20.0,10.0,3.0,321.875,971.875,1020.68,1555.79
20.0,15.0,5.0,1695.0,2531.25,337.01,1317.03
20.0,18.0,3.0,2214.04,2560.0,0.50481,98.7981
21.0,5.0,2.0,34.3786,270.883,1146.78,1718.05
21.0,6.0,3.0,1777.52,2131.59,5.00775,197.465
21.0,9.0,0.0,1590.19,1717.5,0.0,169.255
21.0,10.0,3.0,339.688,985.0,1024.03,1538.22
21.0,15.0,5.0,1698.75,2512.5,315.401,1251.0
21.0,18.0,3.0,2214.04,2560.0,0.50481,98.7981
22.0,5.0,2.0,41.8926,278.396,1142.69,1705.79
22.0,6.0,3.0,1778.35,2128.29,5.9429,194.493
22.0,9.0,0.0,1590.58,1720.19,5.33654,167.452
22.0,10.0,3.0,351.875,994.375,1011.6,1525.39
22.0,13.0,0.0,1328.41,1442.36,5.91346,153.029
22.0,15.0,5.0,1708.75,2473.75,290.746,1196.56
22.0,18.0,3.0,2182.21,2510.1,0.757213,106.046
23.0,5.0,2.0,45.143,281.503,1130.74,1700.48
23.0,6.0,3.0,1776.42,2128.25,6.27218,196.301
23.0,9.0,0.0,1590.14,1720.63,0.576925,166.587
23.0,10.0,3.0,369.062,1011.25,994.82,1508.47
23.0,13.0,0.0,1328.41,1442.36,5.91346,153.029
23.0,15.0,5.0,1740.07,2414.69,257.883,1147.1
23.0,18.0,3.0,2162.4,2446.83,0.612981,113.906
24.0,5.0,2.0,54.133,289.284,1123.81,1697.32
24.0,6.0,3.0,1778.12,2122.72,7.66892,201.493
24.0,9.0,0.0,1589.28,1724.57,0.0,166.37
24.0,10.0,3.0,388.75,1026.25,979.394,1490.03
24.0,13.0,0.0,1347.4,1444.9,2.09135,152.812
24.0,15.0,5.0,1725.7,2389.22,226.716,1084.59
24.0,18.0,3.0,2150.19,2422.12,0.504806,113.293
24.0,21.0,0.0,774.719,1050.97,1430.08,1920.0
25.0,5.0,2.0,59.5041,298.533,1107.75,1684.91
25.0,6.0,3.0,1778.02,2118.03,4.77154,201.072
25.0,9.0,0.0,1590.05,1726.88,0.0,165.433
25.0,10.0,3.0,401.875,1044.38,964.017,1471.08
25.0,13.0,0.0,1359.71,1449.52,0.576918,155.481
25.0,15.0,5.0,1734.06,2377.48,220.517,1063.85
25.0,18.0,3.0,2128.85,2443.46,2.5601,117.296
25.0,21.0,0.0,806.154,1066.49,1386.95,1920.0
26.0,5.0,2.0,97.0235,318.805,1110.63,1683.57
26.0,6.0,3.0,1776.48,2122.52,3.93213,210.333
26.0,9.0,0.0,1589.23,1724.62,0.0,166.298
26.0,10.0,3.0,421.875,1056.25,942.705,1452.44
26.0,13.0,0.0,1359.71,1449.52,0.576918,155.481
26.0,15.0,5.0,1734.4,2367.84,191.193,1011.58
26.0,18.0,3.0,2128.85,2443.46,2.5601,117.296
26.0,21.0,0.0,833.324,1079.73,1348.15,1915.39
27.0,5.0,2.0,118.317,318.986,1102.01,1677.2
27.0,6.0,3.0,1778.12,2116.88,3.72148,209.518
27.0,9.0,0.0,1590.19,1726.73,0.0,165.288
27.0,10.0,3.0,439.375,1074.38,929.672,1443.73
27.0,15.0,5.0,1748.06,2352.2,172.686,963.382
27.0,18.0,3.0,2107.12,2360.58,0.0,128.798
27.0,21.0,0.0,845.448,1110.41,1305.28,1909.61
28.0,5.0,2.0,133.877,334.203,1101.57,1666.04
28.0,6.0,3.0,1776.91,2119.66,5.32817,207.885
28.0,9.0,0.0,1590.1,1717.6,3.53365,167.812
28.0,10.0,3.0,460.0,1086.25,894.015,1422.3
28.0,15.0,5.0,1756.08,2336.51,151.272,929.33
28.0,18.0,3.0,2111.92,2358.85,0.0,111.671
28.0,21.0,0.0,871.999,1114.17,1267.02,1855.28
28.0,24.0,1.0,2056.25,2515.61,64.3611,316.948
29.0,5.0,2.0,135.968,354.032,1091.24,1652.14
29.0,6.0,3.0,1779.21,2118.64,3.13955,208.71
29.0,9.0,0.0,1588.37,1722.4,3.82211,166.803
29.0,10.0,3.0,485.625,1103.75,896.309,1383.73
29.0,15.0,5.0,1767.42,2350.41,132.773,884.87
29.0,18.0,3.0,2101.73,2369.04,0.0,114.627
29.0,21.0,0.0,883.745,1121.78,1231.4,1809.96
29.0,24.0,1.0,2056.25,2515.61,64.3611,316.948
30.0,5.0,2.0,154.328,367.106,1084.25,1640.79
30.0,6.0,3.0,1777.65,2113.36,3.31982,203.517
30.0,9.0,0.0,1588.46,1728.46,1.65866,164.784
30.0,10.0,3.0,503.125,1111.25,883.12,1362.53
30.0,13.0,0.0,1346.11,1470.82,1.875,155.913
30.0,15.0,5.0,1774.18,2351.5,113.568,857.084
30.0,18.0,3.0,2093.27,2392.88,0.0,121.082
30.0,21.0,0.0,887.266,1124.41,1193.32,1752.86
31.0,5.0,2.0,166.586,384.996,1080.39,1628.3
31.0,6.0,3.0,1775.54,2109.37,3.52758,204.116
31.0,9.0,0.0,1590.38,1729.62,0.216343,164.784
31.0,10.0,3.0,530.625,1125.0,866.773,1346.03
31.0,12.0,3.0,1662.5,1928.27,0.288462,29.5493
31.0,13.0,0.0,1346.39,1468.99,0.432694,158.942
31.0,15.0,5.0,1788.02,2325.15,85.9714,789.06
31.0,18.0,3.0,2092.02,2394.13,0.0,121.947
31.0,21.0,0.0,897.537,1123.79,1163.1,1721.0
32.0,5.0,2.0,198.306,406.258,1078.23,1618.97
32.0,6.0,3.0,1778.17,2092.6,5.40865,188.726
32.0,9.0,0.0,1591.44,1731.63,0.504806,166.37
32.0,10.0,3.0,555.312,1140.0,849.682,1323.37
32.0,12.0,3.0,1658.65,1932.12,0.369592,30.5318
32.0,13.0,0.0,1336.97,1478.41,1.58654,161.25
32.0,15.0,5.0,1801.86,2324.51,84.4339,781.114
32.0,18.0,3.0,2089.62,2393.46,0.0,110.733
32.0,21.0,0.0,904.855,1131.47,1138.13,1679.13
33.0,5.0,2.0,214.407,414.758,1049.17,1601.52
33.0,6.0,3.0,1777.5,2090.19,5.12019,186.274
33.0,9.0,0.0,1589.66,1724.18,0.0,168.678
33.0,10.0,3.0,575.0,1160.0,821.208,1302.73
33.0,12.0,3.0,1658.65,1932.12,0.369592,30.5318
33.0,13.0,0.0,1338.61,1464.47,1.37019,160.168
33.0,15.0,5.0,1806.94,2323.62,73.776,760.41
33.0,18.0,3.0,2096.44,2386.63,0.0,109.904
33.0,21.0,0.0,904.1,1128.45,1111.71,1650.6
34.0,5.0,2.0,238.211,433.527,1052.43,1590.79
34.0,6.0,3.0,1779.62,2088.08,5.55289,187.861
34.0,9.0,0.0,1589.66,1724.18,0.0,168.678
34.0,10.0,3.0,602.188,1182.5,815.22,1282.96
34.0,12.0,3.0,1651.73,1942.12,0.676083,32.3528
34.0,13.0,0.0,1343.17,1464.52,0.793269,160.745
34.0,15.0,5.0,1841.11,2379.96,65.3672,734.214
34.0,18.0,3.0,2095.19,2390.96,1.37019,109.111
34.0,21.0,0.0,901.734,1125.51,1082.72,1616.63
35.0,5.0,2.0,256.292,447.177,1038.94,1575.86
35.0,6.0,3.0,1785.77,2085.0,8.50962,170.769
35.0,9.0,0.0,1589.76,1730.24,0.0,161.178
35.0,10.0,3.0,614.688,1201.25,786.354,1248.08
35.0,12.0,3.0,1651.73,1942.12,0.676083,32.3528
35.0,13.0,0.0,1392.48,1475.22,2.09135,160.312
35.0,15.0,5.0,1860.92,2409.71,36.6375,693.67
35.0,18.0,3.0,2095.19,2390.96,1.37019,109.111
35.0,21.0,0.0,902.384,1121.62,1056.61,1580.83
36.0,5.0,2.0,275.468,458.637,1027.57,1558.88
36.0,6.0,3.0,1774.23,2084.23,5.625,167.452
36.0,9.0,0.0,1586.68,1724.09,0.0,165.721
36.0,10.0,3.0,645.81,1193.14,779.871,1241.53
36.0,13.0,0.0,1335.91,1456.39,4.32692,153.606
36.0,15.0,5.0,1876.93,2434.37,13.8978,673.985
36.0,21.0,0.0,908.966,1120.81,1035.28,1550.75
37.0,5.0,2.0,286.786,460.038,993.86,1547.42
37.0,6.0,3.0,1774.42,2093.27,8.00481,191.611
37.0,9.0,0.0,1586.83,1723.94,0.0,165.433
37.0,10.0,3.0,665.332,1215.07,768.522,1215.1
37.0,13.0,0.0,1335.91,1456.39,4.32692,153.606
37.0,15.0,5.0,1912.6,2460.2,10.5822,645.614
37.0,21.0,0.0,910.021,1112.26,1016.97,1521.24
38.0,5.0,2.0,298.862,473.729,1024.1,1532.08
38.0,6.0,3.0,1767.22,2123.54,4.57507,196.375
38.0,9.0,0.0,1587.21,1723.56,0.0,165.216
38.0,10.0,3.0,696.218,1230.61,746.679,1199.52
38.0,12.0,3.0,1648.37,1948.56,1.32512,34.1016
38.0,15.0,5.0,1937.86,2485.86,8.62089,621.08
38.0,21.0,0.0,913.074,1116.01,987.43,1486.06
39.0,5.0,2.0,317.969,486.096,1005.96,1528.27
39.0,6.0,3.0,1766.28,2122.95,4.30741,196.577
39.0,9.0,0.0,1588.75,1728.17,0.0,165.865
39.0,10.0,3.0,706.654,1248.53,738.384,1172.71
39.0,12.0,3.0,1651.54,1942.31,1.25301,33.6328
39.0,15.0,5.0,1964.9,2507.57,1.81512,603.162
39.0,21.0,0.0,914.266,1120.02,968.088,1457.79
40.0,5.0,2.0,326.858,504.956,981.497,1511.51
40.0,6.0,3.0,1769.24,2112.67,4.717,197.739
40.0,9.0,0.0,1589.81,1724.04,0.0,165.865
40.0,10.0,3.0,727.628,1271.89,718.009,1157.13
40.0,12.0,3.0,1644.13,1869.71,0.306491,32.0012
40.0,15.0,5.0,1985.12,2535.79,0.0,570.637
40.0,21.0,0.0,921.299,1111.72,950.628,1429.34
41.0,5.0,2.0,340.477,522.888,972.979,1492.87
41.0,6.0,3.0,1778.37,2086.25,9.44711,194.639
41.0,9.0,0.0,1591.35,1722.5,0.0,165.433
41.0,10.0,3.0,748.052,1287.95,706.692,1139.22
41.0,12.0,3.0,1644.13,1869.71,0.306491,32.0012
41.0,13.0,0.0,1396.37,1477.48,6.63462,162.692
41.0,15.0,5.0,2028.02,2557.35,0.0,560.93
41.0,21.0,0.0,915.736,1120.26,931.497,1406.6
41.0,35.0,4.0,454.913,548.215,746.138,1152.71
42.0,5.0,2.0,347.293,526.262,964.647,1478.36
42.0,6.0,3.0,1771.67,2124.35,4.54059,197.562
42.0,9.0,0.0,1587.21,1723.56,0.0,167.163
42.0,10.0,3.0,769.634,1302.98,687.809,1118.02
42.0,13.0,0.0,1396.37,1477.48,6.63462,162.692
42.0,15.0,5.0,2051.14,2560.0,0.0,532.373
42.0,21.0,0.0,922.285,1118.71,905.895,1385.19
42.0,35.0,4.0,478.867,579.801,740.122,1216.16
43.0,5.0,2.0,353.283,528.448,962.354,1468.47
43.0,6.0,3.0,1774.16,2123.25,2.69495,198.04
43.0,9.0,0.0,1588.03,1722.74,0.0,166.947
43.0,10.0,3.0,775.462,1334.26,677.133,1087.36
43.0,15.0,5.0,2074.23,2560.0,0.0,508.923
43.0,21.0,0.0,930.121,1119.61,880.24,1349.58
43.0,35.0,4.0,514.158,616.731,740.828,1225.54
44.0,5.0,2.0,357.085,523.294,943.246,1460.48
44.0,6.0,3.0,1773.09,2132.55,3.49791,199.177
44.0,9.0,0.0,1586.54,1724.23,0.0,166.875
44.0,10.0,3.0,803.811,1351.0,667.425,1070.7
44.0,15.0,5.0,2104.29,2560.0,0.0,460.678
44.0,21.0,0.0,938.703,1123.85,862.282,1323.78
44.0,35.0,4.0,562.953,648.573,743.39,1223.51
45.0,5.0,2.0,353.895,511.758,915.713,1441.48
45.0,6.0,3.0,1771.25,2131.86,3.71656,198.252
45.0,9.0,0.0,1588.65,1719.04,0.0,166.803
45.0,10.0,3.0,830.894,1366.98,643.35,1047.51
45.0,13.0,0.0,1399.13,1476.25,5.26443,160.601
45.0,15.0,5.0,2133.7,2560.0,0.0,446.979
45.0,21.0,0.0,939.089,1126.6,836.252,1307.2
45.0,35.0,4.0,600.82,694.123,743.084,1218.65
46.0,5.0,2.0,354.021,523.466,919.038,1428.0
46.0,6.0,3.0,1773.49,2127.82,2.22237,198.379
46.0,9.0,0.0,1588.94,1721.83,0.0,167.308
46.0,10.0,3.0,854.067,1376.55,629.134,1028.2
46.0,13.0,0.0,1399.13,1476.25,5.26443,160.601
46.0,15.0,5.0,2225.0,2552.1,0.0,433.674
46.0,21.0,0.0,945.193,1127.38,826.833,1279.96
46.0,35.0,4.0,626.854,740.614,757.621,1220.93
47.0,5.0,2.0,368.12,532.272,913.454,1409.9
47.0,6.0,3.0,1778.39,2125.86,2.0496,201.369
47.0,9.0,0.0,1588.7,1722.07,0.0,167.019
47.0,10.0,3.0,880.844,1391.35,623.871,1011.03
47.0,15.0,5.0,2253.87,2560.0,0.0,432.437
47.0,18.0,3.0,2095.11,2323.82,0.0,210.688
47.0,21.0,0.0,947.489,1119.31,818.173,1255.91
47.0,35.0,4.0,676.229,799.294,775.327,1227.57
48.0,5.0,2.0,381.863,560.571,900.98,1406.73
48.0,6.0,3.0,1778.2,2127.55,3.09392,200.307
48.0,9.0,0.0,1588.89,1721.88,0.0,167.74
48.0,10.0,3.0,905.436,1413.89,613.257,988.417
48.0,15.0,5.0,2290.82,2558.25,0.0,424.054
48.0,18.0,3.0,2088.37,2370.1,5.625,172.644
48.0,21.0,0.0,937.542,1124.0,797.705,1237.0
48.0,35.0,4.0,729.866,836.317,781.75,1241.11
49.0,5.0,2.0,413.93,587.776,886.715,1376.54
49.0,6.0,3.0,1777.35,2130.21,3.84819,198.574
49.0,9.0,0.0,1589.62,1721.15,0.0,166.37
49.0,10.0,3.0,941.902,1436.28,587.975,966.725
49.0,13.0,0.0,1337.93,1460.53,1.51443,157.716
49.0,15.0,1.0,2342.17,2560.0,17.8304,437.928
49.0,18.0,3.0,2094.52,2376.25,0.396638,130.132
49.0,21.0,0.0,937.813,1125.69,778.368,1208.64
49.0,35.0,4.0,798.167,889.576,801.677,1230.27
50.0,5.0,2.0,427.252,607.537,868.026,1363.14
50.0,6.0,3.0,1777.2,2129.2,4.12462,198.281
50.0,9.0,0.0,1589.42,1718.27,0.288463,165.865
50.0,10.0,3.0,963.899,1454.19,569.994,954.99
50.0,13.0,0.0,1339.18,1457.74,1.73077,156.635
50.0,15.0,1.0,2392.35,2560.0,0.0,387.566
50.0,18.0,3.0,2096.73,2386.35,0.0,124.76
50.0,21.0,0.0,927.957,1121.75,756.172,1196.0
50.0,35.0,4.0,822.706,973.156,804.5,1227.79
51.0,5.0,2.0,446.844,632.398,854.783,1343.06
51.0,6.0,3.0,1777.01,2132.03,4.0028,198.824
51.0,9.0,0.0,1590.29,1717.4,0.0,167.019
51.0,10.0,3.0,987.3,1477.65,563.46,932.623
51.0,13.0,0.0,1335.53,1458.32,2.52404,154.976
51.0,18.0,3.0,2096.44,2389.71,0.504806,122.957
51.0,21.0,4.0,943.719,1085.36,743.896,1231.93
51.0,35.0,4.0,822.706,973.156,804.5,1227.79
52.0,5.0,2.0,468.146,648.123,842.375,1328.86
52.0,6.0,3.0,1776.3,2132.19,3.8486,198.86
52.0,9.0,0.0,1588.8,1718.89,0.0,168.173
52.0,10.0,3.0,1002.38,1495.97,544.057,913.852
52.0,13.0,0.0,1334.18,1459.66,4.32693,153.75
52.0,18.0,3.0,2098.56,2390.67,0.108175,122.272
52.0,35.0,4.0,995.962,1108.78,785.888,1234.72
53.0,5.0,2.0,486.394,666.591,836.832,1319.42
53.0,6.0,3.0,1777.13,2130.94,4.17429,198.046
53.0,9.0,0.0,1590.14,1714.47,0.0,169.255
53.0,10.0,3.0,1036.55,1516.44,534.873,897.693
53.0,13.0,0.0,1335.96,1454.81,5.51682,152.993
53.0,18.0,3.0,2098.37,2384.71,0.432694,119.567
53.0,35.0,4.0,1077.09,1184.32,791.324,1234.6
54.0,5.0,2.0,525.184,682.317,832.008,1308.74
54.0,6.0,3.0,1777.26,2131.07,3.8481,199.909
54.0,9.0,0.0,1588.99,1715.63,0.144231,170.048
54.0,10.0,3.0,1061.34,1539.66,519.84,877.995
54.0,13.0,0.0,1335.96,1454.81,5.51682,152.993
54.0,18.0,3.0,2100.19,2385.96,0.0,118.954
54.0,35.0,4.0,1172.18,1290.82,791.34,1252.39
54.0,21.0,0.0,914.104,1094.04,692.722,1107.11
55.0,5.0,2.0,536.996,701.388,829.655,1305.69
55.0,6.0,3.0,1777.78,2129.78,3.93087,200.184
55.0,9.0,0.0,1588.12,1713.41,0.0,170.264
55.0,10.0,3.0,1085.53,1569.96,507.229,855.043
55.0,18.0,3.0,2099.33,2389.9,0.0,119.207
55.0,35.0,4.0,1240.5,1340.36,795.948,1257.34
55.0,21.0,0.0,905.791,1085.46,677.947,1078.46
56.0,5.0,2.0,550.131,715.207,831.217,1280.05
56.0,6.0,3.0,1777.0,2130.47,3.96503,199.835
56.0,9.0,0.0,1588.61,1712.93,0.0,171.418
56.0,10.0,3.0,1113.63,1593.59,485.307,838.254
56.0,13.0,0.0,1335.67,1456.63,3.46154,155.048
56.0,18.0,3.0,2096.44,2392.79,0.0,120.397
56.0,35.0,4.0,1310.65,1411.88,797.778,1254.46
56.0,21.0,0.0,885.484,1070.54,662.62,1066.28
57.0,5.0,2.0,567.714,720.422,791.295,1268.26
57.0,6.0,3.0,1777.72,2132.74,4.04961,198.49
57.0,9.0,0.0,1591.39,1716.3,1.65866,169.543
57.0,10.0,3.0,1147.71,1628.43,478.574,825.879
57.0,13.0,0.0,1335.67,1456.63,3.46154,155.048
57.0,18.0,3.0,2098.27,2390.96,0.0,119.567
57.0,35.0,4.0,1381.51,1503.14,789.55,1263.03
57.0,21.0,0.0,866.838,1052.62,649.604,1045.02
58.0,5.0,2.0,579.368,729.671,786.549,1231.89
58.0,6.0,3.0,1776.92,2133.77,4.35817,197.946
58.0,9.0,0.0,1591.01,1716.68,1.00961,171.923
58.0,10.0,3.0,1176.38,1654.98,464.106,801.631
58.0,18.0,3.0,2097.31,2395.0,0.0,120.072
58.0,35.0,4.0,1464.19,1562.88,799.878,1255.67
58.0,21.0,0.0,846.319,1034.93,639.338,1030.24
59.0,5.0,2.0,583.726,737.256,767.741,1227.67
59.0,6.0,3.0,1776.06,2129.26,4.09877,197.971
59.0,9.0,0.0,1589.13,1721.63,0.504806,170.841
59.0,10.0,3.0,1212.17,1682.67,449.736,789.079
59.0,18.0,3.0,2096.15,2390.0,0.0,116.142
59.0,35.0,4.0,1515.47,1616.65,796.008,1258.64
59.0,25.0,3.0,938.101,1466.23,107.919,341.089
59.0,21.0,0.0,822.15,1010.77,624.178,1010.95
60.0,5.0,2.0,588.655,746.018,758.5,1208.43
60.0,6.0,3.0,1776.22,2129.6,4.19108,198.063
60.0,9.0,0.0,1590.29,1720.48,1.875,170.481
60.0,10.0,3.0,1248.56,1717.54,440.145,767.845
60.0,18.0,3.0,2096.25,2383.75,0.288463,118.269
60.0,35.0,4.0,1570.35,1688.75,783.547,1266.84
60.0,25.0,3.0,1040.49,1556.89,111.704,336.078
60.0,21.0,0.0,797.841,982.943,616.861,995.208
61.0,5.0,2.0,605.64,752.641,755.857,1186.34
61.0,6.0,3.0,1778.34,2127.94,3.87516,199.458
61.0,9.0,0.0,1590.34,1726.59,0.0,168.534
61.0,10.0,3.0,1281.91,1755.83,424.525,746.516
61.0,18.0,3.0,2097.88,2388.27,0.144231,120.216
61.0,25.0,3.0,1131.6,1651.86,83.6192,331.82
61.0,21.0,0.0,758.851,956.096,611.115,981.352
62.0,5.0,2.0,617.922,748.221,736.724,1168.99
62.0,6.0,3.0,1776.04,2128.47,3.52095,200.254
62.0,9.0,0.0,1590.34,1726.59,0.0,168.534
62.0,10.0,3.0,1320.62,1789.34,409.063,729.485
62.0,18.0,3.0,2096.15,2393.08,0.0,122.236
62.0,25.0,3.0,1229.65,1737.11,89.1617,327.927
62.0,21.0,0.0,712.837,914.981,598.764,961.419
63.0,5.0,2.0,634.581,784.371,729.168,1150.5
63.0,6.0,3.0,1778.93,2128.02,3.51208,201.063
63.0,10.0,3.0,1362.07,1823.1,393.929,711.974
63.0,18.0,3.0,2098.27,2390.96,0.685093,121.262
63.0,25.0,3.0,1312.47,1812.12,88.5442,323.428
63.0,21.0,0.0,667.896,883.341,590.311,955.287
64.0,5.0,2.0,653.07,818.954,711.651,1152.39
64.0,6.0,3.0,1776.58,2130.73,7.09808,203.303
64.0,10.0,3.0,1404.69,1864.14,372.585,696.428
64.0,18.0,3.0,2098.65,2384.42,0.685093,121.19
64.0,25.0,3.0,1398.41,1896.3,87.3974,320.198
64.0,21.0,0.0,616.993,830.344,576.051,927.388
65.0,5.0,2.0,673.892,834.594,702.223,1135.87
65.0,6.0,3.0,1760.71,2127.18,8.98815,201.916
65.0,10.0,3.0,1442.91,1898.0,354.386,672.547
65.0,18.0,3.0,2095.96,2390.19,0.0,117.692
65.0,25.0,3.0,1484.5,1976.17,83.5024,310.91
66.0,5.0,2.0,688.457,848.532,695.048,1113.46
66.0,6.0,3.0,1760.71,2127.18,8.98815,201.916
66.0,10.0,3.0,1484.92,1941.93,350.991,651.486
66.0,18.0,3.0,2090.19,2389.81,0.0,118.522
66.0,25.0,3.0,1569.7,2058.07,72.8144,313.959
67.0,5.0,2.0,711.251,857.108,690.661,1103.84
67.0,10.0,3.0,1524.76,1980.58,331.473,639.056
67.0,18.0,3.0,2088.65,2394.42,0.0,116.106
67.0,25.0,3.0,1644.99,2126.14,75.4546,304.869
68.0,5.0,2.0,725.523,872.345,666.346,1080.94
68.0,9.0,0.0,1588.99,1727.93,0.0,166.875
68.0,10.0,3.0,1573.83,2016.94,319.403,618.325
68.0,18.0,3.0,2092.6,2390.48,0.0,114.05
68.0,25.0,3.0,1721.17,2187.67,74.7716,300.409
69.0,5.0,2.0,732.752,883.312,653.897,1074.25
69.0,6.0,3.0,1772.24,2137.02,8.68481,192.149
69.0,9.0,0.0,1587.79,1722.98,0.0,168.894
69.0,10.0,3.0,1611.0,2059.37,312.793,606.327
69.0,18.0,3.0,2088.75,2394.33,0.0,114.591
69.0,25.0,3.0,1804.2,2263.1,73.1826,296.737
70.0,5.0,2.0,744.807,887.878,642.991,1045.86
70.0,6.0,3.0,1775.91,2132.24,2.66795,204.706
70.0,9.0,0.0,1586.59,1727.26,0.0,167.019
70.0,10.0,3.0,1656.31,2095.96,291.883,587.069
70.0,18.0,3.0,2083.65,2402.5,0.685097,108.714
70.0,25.0,3.0,1868.35,2324.9,79.0894,288.612
71.0,5.0,2.0,750.533,894.34,631.795,1030.31
71.0,6.0,3.0,1776.26,2109.12,5.46237,206.467
71.0,9.0,0.0,1586.83,1727.02,0.0,165.577
71.0,10.0,3.0,1697.35,2137.74,287.781,570.932
71.0,18.0,3.0,2093.37,2383.56,0.0,101.106
71.0,25.0,3.0,1964.55,2383.22,67.0653,283.318
72.0,5.0,2.0,751.529,898.53,624.701,1009.43
72.0,6.0,3.0,1771.32,2112.49,5.63047,201.596
72.0,9.0,0.0,1586.3,1721.39,0.0,165.288
72.0,10.0,3.0,1736.48,2178.62,279.287,555.44
72.0,18.0,3.0,2091.63,2397.6,0.0,101.755
72.0,25.0,3.0,2025.2,2447.5,60.4452,280.319
73.0,5.0,2.0,747.201,893.879,609.003,994.482
73.0,6.0,3.0,1771.15,2128.0,5.12951,200.904
73.0,9.0,0.0,1587.88,1725.96,0.0,163.053
73.0,10.0,3.0,1786.02,2215.91,262.191,541.293
73.0,18.0,3.0,2089.62,2418.08,5.58894,114.555
73.0,25.0,3.0,2086.04,2508.57,62.6258,276.934
74.0,5.0,2.0,739.765,880.617,596.068,975.571
74.0,6.0,3.0,1776.61,2125.35,4.64405,203.574
74.0,9.0,0.0,1585.1,1710.29,3.38943,167.091
74.0,10.0,3.0,1827.1,2265.55,250.287,527.555
74.0,18.0,3.0,2089.04,2400.19,2.48798,117.512
74.0,25.0,3.0,2158.94,2546.67,50.0516,273.769
75.0,5.0,2.0,724.342,863.384,589.1,961.445
75.0,6.0,3.0,1776.41,2129.36,5.60682,203.013
75.0,9.0,0.0,1589.04,1721.73,3.46154,164.279
75.0,10.0,3.0,1873.78,2299.34,247.376,514.543
75.0,18.0,3.0,2084.23,2411.15,2.34375,117.584
75.0,25.0,3.0,2230.5,2549.51,45.4624,262.695
76.0,5.0,2.0,695.749,837.81,578.092,957.155
76.0,6.0,3.0,1774.69,2136.18,4.40886,200.183
76.0,9.0,0.0,1589.57,1718.12,0.0,166.803
76.0,10.0,3.0,1915.38,2341.56,235.923,495.988
76.0,18.0,3.0,2087.98,2401.25,0.46875,126.382
76.0,25.0,3.0,2288.6,2553.3,28.9031,255.695
77.0,5.0,2.0,661.453,812.898,566.169,945.117
77.0,6.0,3.0,1776.08,2129.02,4.69029,198.609
77.0,9.0,0.0,1590.24,1717.45,6.92308,165.433
77.0,10.0,3.0,1964.86,2382.52,237.64,488.276
77.0,18.0,3.0,2094.62,2391.54,0.612974,126.094
77.0,25.0,3.0,2348.59,2557.05,22.5517,246.865
78.0,5.0,2.0,617.451,778.193,557.812,914.289
78.0,6.0,3.0,1775.14,2132.43,3.83391,197.233
78.0,9.0,0.0,1590.19,1720.58,13.774,167.812
78.0,10.0,3.0,2010.23,2425.85,223.22,475.945
78.0,18.0,3.0,2098.75,2384.33,0.0,122.488
78.0,25.0,3.0,2400.43,2560.0,32.2356,234.159
79.0,6.0,3.0,1777.71,2133.25,3.81932,198.973
79.0,9.0,0.0,1589.81,1717.88,5.84135,167.236
79.0,10.0,3.0,2051.94,2471.85,211.796,466.053
79.0,18.0,3.0,2096.92,2392.31,0.865381,126.058
80.0,6.0,3.0,1777.21,2135.89,4.49563,198.889
80.0,9.0,0.0,1592.26,1712.36,14.2788,167.019
80.0,10.0,3.0,2101.72,2526.47,205.178,450.427
80.0,18.0,3.0,2091.73,2391.35,0.540869,125.661
81.0,6.0,3.0,1776.32,2134.74,6.29544,199.6
81.0,9.0,0.0,1592.16,1700.14,20.1923,167.019
81.0,10.0,3.0,2150.87,2557.6,187.617,438.162
81.0,18.0,3.0,2095.77,2390.38,0.0,118.594
81.0,51.0,3.0,891.333,1536.08,110.735,343.791
82.0,6.0,3.0,1774.6,2136.36,6.4957,198.953
82.0,9.0,0.0,1591.11,1719.66,9.23077,167.885
82.0,10.0,3.0,2202.45,2560.0,179.478,422.885
82.0,18.0,3.0,2096.15,2386.92,0.0,117.945
82.0,51.0,3.0,983.383,1620.77,110.972,340.051
83.0,6.0,3.0,1774.86,2135.92,3.95371,198.822
83.0,9.0,0.0,1588.03,1725.82,6.12981,167.236
83.0,18.0,3.0,2094.33,2397.98,0.288463,122.163
83.0,51.0,3.0,1084.4,1702.63,115.848,334.731
84.0,6.0,3.0,1771.15,2141.22,4.4199,199.669
84.0,9.0,0.0,1583.89,1723.8,25.6731,174.087
84.0,18.0,3.0,2097.02,2389.13,0.0,120.938
84.0,51.0,3.0,1181.34,1787.91,114.021,334.083
85.0,6.0,3.0,1774.82,2140.04,6.07806,201.757
85.0,9.0,0.0,1583.89,1723.8,25.6731,174.087
85.0,18.0,3.0,2096.54,2392.69,0.0,121.262
85.0,51.0,3.0,1271.24,1856.57,97.5267,330.782
86.0,6.0,3.0,1763.17,2144.05,5.69888,199.192
86.0,18.0,3.0,2092.69,2387.31,0.0,120.288
86.0,53.0,1.0,1294.48,1927.99,0.0,202.543
86.0,51.0,3.0,1357.51,1936.02,113.039,335.287
87.0,6.0,3.0,1759.14,2145.74,10.256,194.439
87.0,18.0,3.0,2094.33,2382.6,0.0,118.161
87.0,53.0,1.0,1294.48,1927.99,0.0,202.543
87.0,51.0,3.0,1443.11,2020.64,98.3506,318.842
88.0,6.0,3.0,1743.19,2146.47,11.8779,194.449
88.0,18.0,3.0,2093.37,2386.63,0.0,118.341
88.0,51.0,3.0,1519.28,2098.92,89.7277,316.858
89.0,6.0,3.0,1743.19,2146.47,11.8779,194.449
89.0,18.0,3.0,2090.19,2386.73,0.0,113.978
89.0,51.0,3.0,1611.49,2166.61,86.63,308.797
90.0,18.0,3.0,2090.19,2386.73,0.0,113.978
90.0,51.0,3.0,1708.89,2242.75,80.9064,305.39
91.0,6.0,3.0,1757.37,2236.06,6.0524,167.88
91.0,9.0,0.0,1592.4,1727.6,0.0,166.731
91.0,51.0,3.0,1774.54,2304.28,79.8901,298.612
92.0,6.0,3.0,1775.81,2135.89,0.0839496,196.289
92.0,9.0,0.0,1590.0,1733.08,0.0,168.462
92.0,18.0,3.0,2086.73,2393.27,0.0,107.308
92.0,51.0,3.0,1843.45,2366.95,85.8942,291.315
92.0,59.0,3.0,943.746,1438.54,83.0645,367.741
93.0,6.0,3.0,1776.46,2130.44,3.05893,202.475
93.0,9.0,0.0,1586.97,1733.03,0.0,167.38
93.0,18.0,3.0,2086.73,2393.27,0.0,107.308
93.0,51.0,3.0,1930.31,2421.08,77.5152,286.043
93.0,59.0,3.0,1042.23,1532.39,80.2454,370.182
94.0,6.0,3.0,1769.48,2120.36,1.38135,200.069
94.0,9.0,0.0,1591.2,1725.72,0.0,166.514
94.0,18.0,3.0,2090.38,2389.62,0.576922,102.548
94.0,51.0,3.0,1987.7,2486.8,64.3443,279.912
94.0,59.0,3.0,1140.71,1623.72,82.813,366.206
95.0,6.0,3.0,1761.31,2127.6,3.53818,197.979
95.0,9.0,0.0,1591.2,1725.72,0.0,166.514
95.0,18.0,3.0,2086.15,2403.08,1.44231,105.0
95.0,51.0,3.0,2057.35,2538.97,59.9985,278.854
95.0,59.0,3.0,1219.59,1714.32,63.1061,356.282
96.0,6.0,3.0,1766.88,2135.95,4.16071,198.649
96.0,18.0,3.0,2085.87,2403.37,1.29808,121.154
96.0,51.0,3.0,2117.44,2557.25,57.0687,274.487
96.0,59.0,3.0,1312.53,1799.36,65.0095,349.338
97.0,6.0,3.0,1757.87,2138.57,5.66127,195.923
97.0,18.0,3.0,2085.0,2401.15,1.29808,117.404
97.0,51.0,3.0,2177.48,2542.69,56.7849,263.438
97.0,59.0,3.0,1401.09,1881.84,60.9094,341.892
98.0,6.0,3.0,1757.87,2138.57,5.66127,195.923
98.0,18.0,3.0,2076.73,2400.19,0.0,116.791
98.0,53.0,3.0,1752.11,2138.33,7.07388,197.8
98.0,51.0,3.0,2259.17,2557.69,46.5417,261.479
98.0,59.0,3.0,1491.72,1949.61,58.7937,337.589
99.0,18.0,3.0,2088.85,2391.15,0.0,117.079
99.0,53.0,3.0,1752.11,2138.33,7.07388,197.8
99.0,51.0,3.0,2313.69,2558.3,38.1301,263.817
99.0,59.0,3.0,1574.37,2033.94,54.2723,334.159
100.0,9.0,0.0,1576.06,1716.25,4.61539,160.962
100.0,18.0,3.0,2081.54,2398.46,0.721149,127.788
100.0,51.0,3.0,2351.74,2560.0,24.1429,256.369
100.0,59.0,3.0,1656.64,2109.95,46.8935,328.081
101.0,9.0,0.0,1571.11,1699.66,2.52404,167.812
101.0,18.0,3.0,2085.96,2390.96,0.0,123.317
101.0,59.0,3.0,1737.63,2168.86,43.8838,322.747
102.0,6.0,3.0,1747.06,2090.82,9.6735,197.077
102.0,9.0,0.0,1561.01,1675.91,2.88462,167.019
102.0,18.0,3.0,2077.4,2387.21,0.252399,124.507
102.0,59.0,3.0,1817.29,2228.11,44.5325,317.335
102.0,13.0,0.0,1311.06,1428.94,10.6731,150.0
103.0,6.0,3.0,1752.5,2101.08,3.4258,206.403
103.0,9.0,0.0,1556.92,1667.69,1.94712,167.668
103.0,18.0,3.0,2077.4,2387.21,0.252399,124.507
103.0,59.0,3.0,1901.27,2289.94,42.7565,311.142
103.0,13.0,0.0,1306.2,1429.18,10.4207,152.993
104.0,6.0,3.0,1748.32,2110.25,11.0901,201.212
104.0,9.0,0.0,1552.02,1657.21,4.11057,168.389
104.0,59.0,3.0,1970.53,2339.6,18.8673,308.592
104.0,13.0,0.0,1296.01,1417.84,12.0072,151.55
105.0,6.0,3.0,1737.69,2046.92,11.8269,199.038
105.0,9.0,0.0,1540.62,1647.07,0.360582,169.255
105.0,59.0,3.0,2040.47,2395.58,11.919,296.491
105.0,13.0,0.0,1276.92,1409.23,5.58894,153.065
105.0,66.0,0.0,613.167,876.958,1447.1,1916.78
106.0,6.0,3.0,1725.56,2113.05,11.9032,202.072
106.0,9.0,0.0,1539.23,1630.0,6.92307,172.5
106.0,59.0,3.0,2090.56,2455.43,14.1829,292.265
106.0,13.0,0.0,1278.65,1398.27,6.41827,152.957
106.0,66.0,0.0,621.174,865.126,1374.27,1920.0
107.0,6.0,3.0,1712.59,2076.29,13.7727,206.183
107.0,9.0,0.0,1517.21,1618.17,5.91346,172.933
107.0,18.0,3.0,2059.42,2405.19,0.108175,122.055
107.0,59.0,3.0,2156.67,2512.38,19.6966,286.514
107.0,13.0,0.0,1308.94,1391.06,1.80289,155.553
107.0,66.0,0.0,625.795,857.866,1301.74,1893.16
108.0,6.0,3.0,1705.95,2057.61,14.0428,209.054
108.0,9.0,0.0,1502.55,1618.99,0.0,180.865
108.0,18.0,3.0,2067.69,2403.08,0.0,122.524
108.0,59.0,3.0,2109.7,2553.78,12.7391,229.786
108.0,66.0,0.0,624.323,855.376,1228.06,1802.68
109.0,6.0,3.0,1702.63,2051.64,12.1508,213.328
109.0,9.0,0.0,1472.02,1604.9,0.0,181.154
109.0,18.0,3.0,2071.35,2411.73,0.0,124.543
109.0,59.0,3.0,2276.4,2559.89,13.9571,288.524
109.0,66.0,0.0,626.35,851.089,1174.73,1733.17
110.0,6.0,3.0,1682.8,2037.13,12.4293,211.457
110.0,9.0,0.0,1457.93,1568.22,1.15384,186.49
110.0,18.0,3.0,2073.27,2409.81,1.22596,126.995
110.0,59.0,3.0,2336.58,2559.82,2.83138,261.015
110.0,66.0,0.0,641.772,853.747,1121.35,1665.66
111.0,6.0,3.0,1666.87,2026.34,14.6076,215.932
111.0,9.0,0.0,1440.67,1554.71,5.76923,187.644
111.0,18.0,3.0,2074.04,2402.88,0.504813,124.688
111.0,59.0,3.0,2389.57,2557.2,0.0,259.373
111.0,66.0,0.0,646.19,860.298,1073.84,1606.19
112.0,6.0,3.0,1656.33,2005.42,17.8473,217.751
112.0,9.0,0.0,1415.48,1524.52,9.44711,193.774
112.0,18.0,3.0,2070.1,2406.83,0.432694,120.144
112.0,66.0,0.0,656.403,863.974,1035.42,1534.66
112.0,68.0,0.0,1589.47,1693.61,2.84856,124.147
113.0,6.0,3.0,1638.33,1990.16,21.202,226.121
113.0,9.0,0.0,1387.12,1506.73,9.08654,196.01
113.0,18.0,3.0,2068.94,2398.75,0.288463,119.712
113.0,66.0,0.0,666.226,865.504,986.134,1483.55
113.0,68.0,0.0,1575.77,1688.85,2.48798,125.012
114.0,6.0,3.0,1621.19,1970.63,23.3411,232.634
114.0,73.0,0.0,1402.55,1526.68,3.75,184.615
114.0,18.0,3.0,2068.56,2402.21,0.360578,116.755
114.0,66.0,0.0,671.106,872.119,955.373,1440.79
114.0,68.0,0.0,1558.7,1672.07,1.73077,126.202
115.0,6.0,3.0,1599.62,1953.95,29.8562,234.376
115.0,73.0,0.0,1412.6,1505.87,4.54327,178.486
115.0,18.0,3.0,2065.1,2399.52,0.9375,120.938
115.0,66.0,0.0,673.935,870.148,921.931,1401.11
115.0,68.0,0.0,1547.4,1658.75,2.1274,128.906
116.0,6.0,3.0,1564.11,1933.09,35.5499,239.845
116.0,73.0,0.0,1388.94,1480.29,6.05769,181.298
116.0,18.0,3.0,2053.37,2420.48,1.65866,121.659
116.0,66.0,0.0,674.505,872.16,888.34,1358.83
116.0,68.0,0.0,1538.51,1643.03,0.324519,138.498
116.0,73.0,0.0,1294.04,1412.12,21.9952,213.245
117.0,6.0,3.0,1545.59,1901.39,35.6049,247.675
117.0,73.0,0.0,1349.28,1456.88,5.625,185.337
117.0,18.0,3.0,2058.27,2403.27,0.0,120.938
117.0,66.0,0.0,679.677,869.122,862.55,1329.26
117.0,68.0,0.0,1515.55,1609.06,1.80289,140.697
117.0,73.0,0.0,1257.36,1376.49,36.9231,218.942
118.0,6.0,3.0,1520.81,1875.4,45.6307,256.591
118.0,73.0,0.0,1303.03,1424.66,5.625,196.442
118.0,18.0,3.0,2052.6,2415.1,1.11779,124.363
118.0,66.0,0.0,673.368,867.448,843.362,1297.6
118.0,68.0,0.0,1502.02,1617.98,0.324519,138.93
118.0,9.0,0.0,1210.87,1364.52,24.8077,227.163
119.0,6.0,3.0,1486.13,1846.38,52.6964,264.121
119.0,73.0,0.0,1280.82,1399.18,4.32692,202.644
119.0,18.0,3.0,2050.0,2340.77,0.432694,128.005
119.0,66.0,0.0,669.855,855.32,817.448,1272.24
119.0,68.0,0.0,1502.02,1617.98,0.324519,138.93
120.0,6.0,3.0,1460.72,1825.05,55.8223,268.359
120.0,73.0,0.0,1256.44,1368.17,13.7019,216.635
120.0,18.0,3.0,2044.62,2340.0,0.396638,124.219
120.0,66.0,0.0,672.779,846.624,800.526,1241.86
121.0,6.0,3.0,1423.81,1790.91,60.9346,277.426
121.0,18.0,3.0,2035.19,2349.42,0.432694,127.644
121.0,66.0,0.0,667.893,851.51,783.909,1223.68
122.0,6.0,3.0,1383.91,1760.26,69.7195,289.566
122.0,18.0,3.0,2023.46,2336.54,1.22596,130.096
122.0,66.0,0.0,660.584,844.74,770.099,1195.36
123.0,6.0,3.0,1346.17,1725.29,76.7252,301.675
123.0,18.0,3.0,2019.71,2291.06,0.108175,129.627
123.0,66.0,0.0,661.292,835.095,751.251,1160.37
124.0,6.0,3.0,1309.89,1685.33,84.1224,314.126
124.0,18.0,3.0,2014.62,2286.92,0.0,137.812
124.0,66.0,0.0,653.355,831.323,736.395,1156.75
124.0,81.0,3.0,1702.98,2007.79,0.180287,115.204
125.0,6.0,3.0,1269.72,1644.33,95.4498,322.829
125.0,18.0,3.0,1994.52,2291.63,0.829325,135.108
125.0,66.0,0.0,645.416,824.255,722.69,1138.91
125.0,81.0,3.0,1683.37,2027.4,0.612981,121.55
126.0,6.0,3.0,1217.03,1604.19,98.8189,333.818
126.0,18.0,3.0,1978.56,2304.52,2.88462,136.154
126.0,66.0,0.0,638.43,807.297,707.07,1124.76
126.0,81.0,3.0,1673.85,2033.85,0.324519,122.272
127.0,6.0,3.0,1169.73,1560.54,109.735,344.647
127.0,18.0,3.0,1979.9,2303.17,4.36298,131.647
127.0,66.0,0.0,635.66,795.423,696.738,1112.2
127.0,81.0,3.0,1637.31,2033.46,0.46875,128.618
128.0,6.0,3.0,1116.18,1522.42,119.69,358.659
128.0,18.0,3.0,1972.69,2285.77,0.793269,139.832
128.0,66.0,0.0,631.195,797.039,687.448,1095.67
128.0,81.0,3.0,1620.77,1991.54,0.0,129.339
129.0,6.0,3.0,1062.37,1474.2,135.837,376.284
129.0,18.0,3.0,1933.08,2279.23,0.0,154.183
129.0,66.0,0.0,630.732,795.285,678.01,1076.72
129.0,81.0,3.0,1585.15,2048.44,0.0,140.17
130.0,6.0,3.0,1012.25,1425.99,146.056,390.722
130.0,18.0,3.0,1918.85,2262.69,0.0,157.788
130.0,66.0,0.0,636.004,796.235,670.329,1069.24
130.0,68.0,0.0,1301.92,1419.62,5.04808,173.942
130.0,81.0,3.0,1581.92,1938.08,2.59616,130.817
131.0,6.0,3.0,955.79,1375.21,157.928,409.269
131.0,18.0,3.0,1879.22,2270.76,0.0,178.439
131.0,66.0,0.0,634.914,792.777,662.651,1065.57
131.0,68.0,0.0,1280.14,1389.09,0.0,188.365
131.0,81.0,3.0,1486.36,2002.82,0.0,150.15
132.0,18.0,3.0,1859.09,2227.89,0.0,180.022
132.0,66.0,0.0,637.196,795.407,659.507,1064.6
132.0,68.0,0.0,1251.59,1363.8,1.73077,195.288
132.0,81.0,3.0,1514.41,1964.34,0.526199,158.76
133.0,18.0,3.0,1834.06,2218.21,2.17398,181.476
133.0,66.0,0.0,643.472,796.441,655.822,1062.94
133.0,81.0,3.0,1478.15,1953.85,0.0,158.365
134.0,18.0,3.0,1816.25,2188.04,4.1197,189.475
134.0,66.0,0.0,638.919,796.744,653.027,1057.18
134.0,81.0,3.0,1463.14,1943.03,1.42228,162.305
135.0,18.0,3.0,1797.38,2166.45,2.0074,192.037
135.0,66.0,0.0,639.261,791.708,649.038,1056.11
135.0,81.0,3.0,1431.22,1951.6,1.52097,164.658
136.0,18.0,3.0,1766.67,2143.12,0.293069,197.266
136.0,66.0,0.0,636.593,791.933,649.695,1057.22
136.0,81.0,3.0,1398.5,1881.43,1.92626,170.283
137.0,18.0,3.0,1742.49,2114.19,2.12882,201.205
137.0,66.0,0.0,639.207,792.027,652.824,1059.2
137.0,81.0,3.0,1373.27,1876.41,2.02569,172.076
138.0,18.0,3.0,1728.25,2083.1,7.37671,202.769
138.0,66.0,0.0,639.819,791.264,651.548,1055.21
138.0,81.0,3.0,1340.18,1765.89,5.35315,175.986
139.0,18.0,3.0,1706.21,2055.3,8.2405,214.415
139.0,66.0,0.0,635.079,794.142,652.472,1056.62
139.0,81.0,3.0,1304.9,1749.35,5.07339,189.391
140.0,18.0,3.0,1663.27,2028.13,10.3897,222.823
140.0,66.0,0.0,633.325,792.621,656.193,1055.1
140.0,81.0,3.0,1253.61,1804.82,1.66664,192.067
141.0,18.0,3.0,1631.73,1993.13,15.534,224.75
141.0,66.0,0.0,634.258,793.398,655.444,1056.06
141.0,81.0,3.0,1244.71,1665.58,3.48523,199.307
142.0,18.0,3.0,1598.17,1962.94,18.1925,232.318
142.0,66.0,0.0,637.518,793.923,656.784,1056.28
142.0,81.0,3.0,1216.39,1659.97,4.41633,203.662
143.0,18.0,3.0,1562.76,1936.45,22.0015,238.995
143.0,66.0,0.0,636.736,793.485,652.952,1051.28
143.0,81.0,3.0,1179.16,1613.34,3.59431,212.173
144.0,18.0,3.0,1530.73,1898.81,28.0791,249.164
144.0,66.0,0.0,637.494,791.324,655.397,1052.07
144.0,81.0,3.0,1147.97,1574.02,1.21373,220.31
145.0,18.0,3.0,1491.89,1867.23,32.9808,255.718
145.0,66.0,0.0,635.759,790.682,655.652,1051.74
145.0,81.0,3.0,1100.99,1554.75,1.88021,229.426
146.0,18.0,3.0,1457.27,1831.34,46.4702,267.528
146.0,66.0,0.0,635.939,789.656,656.867,1052.67
146.0,81.0,3.0,1070.65,1568.29,0.5161,234.142
147.0,18.0,3.0,1417.57,1789.81,51.8597,278.353
147.0,66.0,0.0,635.317,791.265,655.728,1053.81
147.0,93.0,1.0,1916.74,2506.67,0.0,169.886
148.0,18.0,3.0,1370.97,1758.61,59.1493,290.646
148.0,66.0,0.0,634.184,791.202,656.493,1052.97
148.0,93.0,1.0,1928.56,2265.29,5.12019,153.389
