2.0,1.0,3.0,1742.59,2186.32,508.057,855.872
2.0,2.0,3.0,1862.23,2293.62,171.607,490.157
2.0,3.0,0.0,1341.35,1441.73,0.0,130.493
2.0,4.0,3.0,1492.12,1809.42,2.8125,152.668
2.0,7.0,3.0,1956.15,2231.54,3.53366,157.572
2.0,9.0,0.0,1700.82,1800.72,6.49039,169.76
3.0,1.0,3.0,1758.96,2197.22,490.497,815.925
3.0,2.0,3.0,1913.97,2338.97,159.877,467.572
3.0,3.0,0.0,1340.46,1436.47,3.17307,128.798
3.0,4.0,3.0,1499.62,1808.08,5.26442,152.957
3.0,7.0,3.0,1942.69,2177.31,0.0,157.067
3.0,9.0,0.0,1691.83,1797.4,7.21154,169.615
4.0,1.0,3.0,1785.81,2210.81,469.312,796.053
4.0,2.0,3.0,1967.64,2380.07,148.242,455.787
4.0,3.0,0.0,1342.36,1439.18,1.62259,131.647
4.0,4.0,3.0,1498.85,1815.0,5.91346,153.173
4.0,7.0,3.0,1940.96,2175.96,0.0,155.12
4.0,9.0,0.0,1696.88,1804.66,4.83173,174.159
5.0,1.0,3.0,1805.81,2224.0,452.597,769.131
5.0,2.0,3.0,2019.26,2431.85,134.922,433.151
5.0,3.0,0.0,1342.36,1439.18,1.62259,131.647
5.0,4.0,3.0,1487.07,1918.4,0.0,165.15
5.0,7.0,3.0,1941.54,2169.23,0.504806,153.966
5.0,9.0,0.0,1709.9,1797.79,6.92307,175.385
6.0,1.0,3.0,1823.53,2242.48,430.232,743.996
6.0,2.0,3.0,2075.05,2473.09,118.703,418.758
6.0,4.0,3.0,1500.0,1813.85,6.31009,150.036
6.0,7.0,3.0,1943.46,2164.23,1.44231,154.904
6.0,9.0,0.0,1714.3,1796.47,10.024,173.726
7.0,1.0,3.0,1846.45,2261.67,414.384,724.342
7.0,2.0,3.0,2120.76,2517.78,109.982,402.372
7.0,4.0,3.0,1444.71,1960.86,0.0,157.667
7.0,7.0,3.0,1940.19,2167.5,0.504806,155.697
7.0,9.0,0.0,1711.49,1799.28,9.15866,169.832
7.0,17.0,0.0,2059.16,2153.15,1.94712,194.207
8.0,1.0,3.0,1873.74,2286.23,392.453,701.466
8.0,2.0,3.0,2166.54,2549.76,95.7559,383.226
8.0,4.0,3.0,1405.05,1887.91,0.0,158.863
8.0,5.0,1.0,890.625,1650.0,12.1934,323.374
8.0,7.0,3.0,1946.83,2170.1,0.0,158.51
8.0,9.0,0.0,1723.0,1793.92,10.5289,174.952
8.0,17.0,0.0,2062.55,2146.68,3.24519,192.188
9.0,1.0,3.0,1899.0,2315.84,382.244,680.946
9.0,2.0,3.0,2224.26,2548.26,83.9735,374.186
9.0,4.0,3.0,1483.05,1936.41,0.0,171.685
9.0,5.0,1.0,985.34,1705.31,3.07278,321.817
9.0,7.0,3.0,1946.25,2170.67,0.0,157.428
9.0,9.0,0.0,1723.0,1793.92,10.5289,174.952
9.0,17.0,0.0,2062.28,2146.95,2.95673,195.216
10.0,1.0,3.0,1928.68,2335.52,362.367,657.121
10.0,2.0,3.0,2266.13,2555.77,85.2309,368.098
10.0,4.0,3.0,1483.05,1936.41,0.0,171.685
10.0,5.0,1.0,1060.41,1777.92,1.87534,321.789
10.0,7.0,3.0,1946.44,2173.56,0.0,158.005
10.0,17.0,0.0,2065.05,2147.26,4.75961,193.702
11.0,1.0,3.0,1950.09,2364.32,351.452,644.02
11.0,2.0,3.0,2319.09,2555.16,70.595,321.692
11.0,5.0,1.0,1149.75,1830.91,0.0,322.606
11.0,7.0,3.0,1944.04,2179.04,0.0,160.745
11.0,17.0,0.0,2060.26,2148.97,3.96635,194.639
12.0,1.0,3.0,1986.16,2384.39,335.578,626.011
12.0,5.0,1.0,1215.0,1898.98,0.106716,315.676
12.0,7.0,3.0,1944.42,2175.58,0.0,160.889
12.0,17.0,0.0,2058.77,2150.46,4.32693,193.413
13.0,1.0,3.0,2012.66,2413.77,321.129,611.314
13.0,5.0,1.0,1298.15,1963.68,0.0,321.041
13.0,7.0,3.0,1939.04,2177.88,0.0,157.428
13.0,15.0,0.0,1083.76,1308.33,145.903,388.563
13.0,17.0,0.0,2056.08,2153.15,3.46154,195.0
14.0,1.0,3.0,2044.07,2440.03,309.655,589.781
14.0,5.0,1.0,1369.81,2030.65,0.0,308.936
14.0,7.0,3.0,1939.04,2177.88,0.0,157.428
14.0,15.0,0.0,1157.89,1376.22,146.538,387.485
14.0,17.0,0.0,2056.88,2152.36,1.73077,192.404
15.0,1.0,3.0,2077.47,2468.25,297.364,566.093
15.0,5.0,1.0,1453.22,2110.68,0.0,304.643
15.0,15.0,0.0,1223.43,1441.6,148.954,382.09
15.0,17.0,0.0,2062.76,2152.62,0.0,166.298
16.0,3.0,0.0,1343.08,1444.62,4.11057,131.466
16.0,5.0,1.0,1507.04,2161.3,0.0,289.573
16.0,15.0,0.0,1289.27,1502.72,140.997,377.689
16.0,17.0,0.0,2062.76,2152.62,0.0,166.298
17.0,3.0,0.0,1343.08,1444.62,4.11057,131.466
17.0,5.0,1.0,1587.43,2235.18,0.0,285.369
17.0,15.0,0.0,1356.46,1558.41,141.715,374.623
17.0,25.0,0.0,888.403,1205.05,1469.39,1918.22
18.0,5.0,1.0,1653.42,2317.33,0.0,283.668
18.0,15.0,0.0,1413.4,1620.54,137.972,365.318
18.0,25.0,0.0,913.267,1195.31,1403.62,1916.07
19.0,4.0,3.0,1483.94,1725.29,7.57211,145.601
19.0,5.0,1.0,1714.44,2353.23,0.0,275.292
19.0,15.0,0.0,1467.64,1669.24,130.429,358.721
19.0,25.0,0.0,919.979,1209.85,1332.49,1911.05
20.0,4.0,3.0,1493.08,1811.54,7.64423,150.288
20.0,5.0,1.0,1800.47,2413.29,1.17521,272.848
20.0,15.0,0.0,1519.97,1722.36,134.849,357.308
20.0,25.0,0.0,928.246,1208.51,1263.88,1907.5
21.0,4.0,3.0,1492.4,1806.06,6.85096,152.524
21.0,5.0,1.0,1870.38,2436.32,0.0,267.228
21.0,9.0,0.0,1694.47,1813.22,7.57211,177.188
21.0,15.0,0.0,1568.4,1772.63,129.601,354.024
21.0,20.0,3.0,969.549,1498.19,89.0204,332.695
21.0,25.0,0.0,938.48,1207.35,1210.02,1809.39
22.0,4.0,3.0,1490.0,1823.85,4.03846,152.019
22.0,5.0,1.0,1942.87,2520.11,0.0,267.894
22.0,9.0,0.0,1694.52,1819.33,6.49038,172.933
22.0,15.0,0.0,1621.72,1821.02,134.146,356.063
22.0,20.0,3.0,1066.31,1597.7,89.37,330.037
22.0,25.0,0.0,953.922,1199.34,1151.91,1727.1
23.0,4.0,3.0,1459.54,1962.43,0.0,170.038
23.0,5.0,1.0,1963.43,2545.34,0.0,253.338
23.0,9.0,0.0,1694.52,1819.33,6.49038,172.933
23.0,15.0,0.0,1670.44,1882.0,128.056,357.241
23.0,20.0,3.0,1169.86,1687.45,88.0038,323.462
23.0,25.0,0.0,969.815,1208.93,1105.05,1666.23
24.0,4.0,3.0,1459.54,1962.43,0.0,170.038
24.0,5.0,1.0,2047.47,2558.53,0.973277,259.061
24.0,15.0,0.0,1724.05,1921.07,130.983,358.384
24.0,20.0,3.0,1262.53,1772.23,82.8343,325.493
24.0,25.0,0.0,973.598,1209.53,1052.26,1596.97
25.0,4.0,3.0,1415.5,2039.49,0.0,181.533
25.0,5.0,1.0,2097.64,2560.0,4.94024,235.731
25.0,15.0,0.0,1761.18,1971.02,125.515,358.082
25.0,17.0,4.0,2067.31,2138.85,1.15384,185.769
25.0,20.0,3.0,1354.69,1858.57,82.1188,319.163
25.0,25.0,0.0,978.38,1212.44,1012.01,1554.06
26.0,4.0,3.0,1422.76,2025.93,1.29762,169.736
26.0,5.0,1.0,2183.58,2560.0,4.96486,240.955
26.0,15.0,0.0,1813.92,2014.66,119.078,356.0
26.0,17.0,0.0,2052.21,2197.02,0.0,187.212
26.0,20.0,3.0,1434.57,1995.55,74.8766,311.863
26.0,25.0,0.0,987.063,1221.24,976.019,1493.88
27.0,4.0,3.0,1479.67,2121.43,7.08207,179.179
27.0,5.0,1.0,2239.81,2557.11,5.80444,228.95
27.0,7.0,3.0,1942.5,2235.96,0.180287,126.454
27.0,15.0,0.0,1850.34,2055.72,116.53,350.178
27.0,17.0,0.0,2053.94,2155.29,0.0,188.365
27.0,20.0,3.0,1523.28,1990.14,71.625,310.113
27.0,25.0,0.0,991.3,1222.41,929.298,1444.01
28.0,4.0,3.0,1459.39,2021.48,7.65352,147.362
28.0,5.0,1.0,2310.55,2560.0,2.3884,230.235
28.0,7.0,3.0,1952.02,2235.67,0.0,119.423
28.0,15.0,0.0,1891.47,2086.36,107.748,352.191
28.0,17.0,0.0,2050.0,2153.08,0.0,181.154
28.0,20.0,3.0,1609.14,2085.97,69.3809,300.088
28.0,25.0,0.0,1000.86,1225.29,889.124,1394.38
29.0,4.0,3.0,1465.37,1999.75,7.87559,149.577
29.0,5.0,1.0,2379.69,2560.0,2.04266,227.95
29.0,7.0,3.0,1962.02,2219.52,0.0,115.745
29.0,15.0,0.0,1937.2,2129.2,112.406,344.803
29.0,17.0,0.0,2050.0,2153.08,0.0,181.154
29.0,20.0,3.0,1679.4,2172.63,71.6254,296.356
29.0,25.0,0.0,996.626,1226.85,864.6,1337.74
30.0,4.0,3.0,1465.15,1995.25,3.60935,159.923
30.0,5.0,1.0,2416.92,2558.46,0.0,211.875
30.0,7.0,3.0,1962.02,2219.52,0.0,115.745
30.0,15.0,0.0,1966.36,2153.46,104.396,349.197
30.0,20.0,3.0,1770.94,2231.58,67.5846,285.694
30.0,25.0,0.0,1003.69,1217.01,820.022,1296.29
31.0,4.0,3.0,1458.96,2002.29,0.0,157.773
31.0,5.0,1.0,2416.92,2558.46,0.0,211.875
31.0,15.0,0.0,2000.17,2183.12,108.329,347.227
31.0,20.0,3.0,1849.51,2269.77,66.7767,280.067
31.0,25.0,0.0,1005.33,1220.31,792.336,1257.57
32.0,3.0,0.0,1351.92,1446.54,4.03846,134.279
32.0,4.0,3.0,1472.13,1969.53,0.0,159.202
32.0,15.0,0.0,2028.84,2209.56,103.001,345.779
32.0,20.0,3.0,1920.44,2359.32,54.563,272.167
32.0,25.0,0.0,1007.42,1210.75,755.604,1223.91
33.0,3.0,0.0,1344.57,1444.66,4.32692,134.856
33.0,4.0,3.0,1460.19,1975.13,0.0,150.895
33.0,15.0,0.0,2061.9,2240.12,115.018,339.99
33.0,20.0,3.0,2014.41,2421.84,53.8891,273.521
33.0,25.0,0.0,1005.61,1211.27,728.853,1175.5
34.0,3.0,0.0,1345.19,1445.58,3.53365,130.024
34.0,4.0,3.0,1488.27,1822.5,3.67789,150.938
34.0,7.0,3.0,1949.42,2235.19,0.0,160.889
34.0,15.0,0.0,2096.57,2271.86,101.387,347.988
34.0,20.0,3.0,2077.2,2499.06,47.6068,284.999
34.0,25.0,0.0,995.762,1194.19,697.893,1138.47
35.0,3.0,0.0,1345.19,1448.65,1.69471,133.594
35.0,4.0,3.0,1468.54,1952.96,0.0,159.124
35.0,7.0,3.0,1938.08,2175.77,0.0,161.971
35.0,9.0,0.0,1690.67,1823.17,3.24519,171.418
35.0,15.0,0.0,2124.24,2288.59,77.3651,352.334
35.0,20.0,3.0,2148.16,2547.81,47.0988,286.163
35.0,25.0,0.0,992.389,1187.61,671.713,1109.29
36.0,3.0,0.0,1349.23,1452.31,0.0,136.623
36.0,4.0,3.0,1488.37,1831.63,6.92307,149.135
36.0,7.0,3.0,1915.29,2284.71,2.63221,131.647
36.0,9.0,0.0,1687.88,1816.73,4.18269,172.067
36.0,15.0,0.0,2150.39,2309.61,72.5166,353.046
36.0,17.0,0.0,2053.65,2152.5,0.9375,193.341
36.0,20.0,3.0,2220.12,2549.03,43.8776,272.147
36.0,25.0,0.0,963.102,1167.75,641.133,1068.99
37.0,3.0,0.0,1351.23,1448.77,0.0,131.647
37.0,4.0,3.0,1469.58,1944.23,0.0,160.815
37.0,7.0,3.0,1939.13,2177.79,0.0,161.611
37.0,9.0,0.0,1691.49,1819.28,4.39904,170.697
37.0,15.0,0.0,2178.85,2331.92,96.0577,324.231
37.0,17.0,0.0,2055.53,2153.7,1.51442,195.793
37.0,20.0,3.0,2276.54,2560.0,41.5385,240.0
37.0,25.0,0.0,949.664,1148.55,620.052,1030.72
38.0,3.0,0.0,1345.87,1447.98,0.0,134.748
38.0,4.0,3.0,1466.74,1939.07,0.0,160.303
38.0,7.0,3.0,1941.54,2178.46,0.0,160.096
38.0,9.0,0.0,1690.43,1814.18,2.66827,170.409
38.0,15.0,0.0,2195.48,2352.21,104.567,327.548
38.0,17.0,0.0,2057.31,2148.85,3.96634,193.918
38.0,20.0,3.0,2333.17,2560.0,42.3317,233.149
38.0,25.0,0.0,930.17,1120.5,594.746,999.194
38.0,34.0,0.0,1110.5,1353.41,92.4217,324.875
39.0,3.0,0.0,1345.87,1447.98,0.0,134.748
39.0,4.0,3.0,1488.94,1834.13,4.11057,149.784
39.0,7.0,3.0,1970.87,2219.9,0.0,167.38
39.0,9.0,0.0,1690.58,1814.04,2.95673,172.716
39.0,15.0,0.0,2227.31,2369.62,98.5096,318.317
39.0,17.0,0.0,2061.51,2144.64,4.90384,194.567
39.0,20.0,3.0,2385.82,2560.0,29.2067,237.043
39.0,25.0,0.0,904.449,1089.33,570.598,968.435
39.0,34.0,0.0,1204.61,1449.82,99.2994,322.629
40.0,4.0,3.0,1485.19,1828.65,4.50721,149.531
40.0,7.0,3.0,1940.19,2182.88,0.0,161.683
40.0,9.0,0.0,1690.58,1814.04,2.95673,172.716
40.0,15.0,0.0,2244.71,2376.83,96.851,322.572
40.0,17.0,0.0,2061.37,2144.78,4.03846,194.712
40.0,25.0,0.0,864.609,1058.74,547.276,950.689
40.0,34.0,0.0,1297.7,1540.47,91.5241,318.26
41.0,3.0,0.0,1341.11,1443.51,0.0,133.089
41.0,4.0,3.0,1454.59,1974.59,0.0,161.274
41.0,7.0,3.0,1935.87,2254.9,2.66827,133.269
41.0,15.0,0.0,2265.43,2411.49,93.101,319.976
41.0,17.0,0.0,2058.77,2150.46,0.0,191.611
41.0,25.0,0.0,830.952,1021.14,524.353,909.386
41.0,34.0,0.0,1383.35,1620.12,85.7587,321.757
42.0,3.0,0.0,1341.44,1444.71,0.0,134.567
42.0,4.0,3.0,1468.43,1954.84,0.0,168.324
42.0,7.0,3.0,1934.52,2259.33,3.67789,131.178
42.0,15.0,0.0,2288.03,2422.74,92.6683,320.697
42.0,17.0,0.0,2063.27,2149.04,0.504806,191.611
42.0,25.0,0.0,783.829,978.289,502.244,882.003
42.0,34.0,0.0,1476.49,1701.86,85.3645,321.94
43.0,3.0,0.0,1341.83,1445.87,0.0,135.829
43.0,4.0,3.0,1459.36,1967.32,0.0,178.888
43.0,7.0,3.0,1935.38,2184.62,0.0,162.043
43.0,15.0,0.0,2305.96,2450.96,90.7212,321.49
43.0,17.0,0.0,2062.93,2146.3,1.37019,192.188
43.0,25.0,0.0,742.61,931.963,484.401,854.413
43.0,34.0,0.0,1551.85,1782.79,81.2796,324.413
44.0,3.0,0.0,1341.83,1445.87,0.0,135.829
44.0,4.0,3.0,1455.21,1985.01,0.0,164.112
44.0,7.0,3.0,1936.73,2257.12,3.10096,132.188
44.0,15.0,0.0,2330.48,2466.44,87.1875,318.678
44.0,17.0,0.0,2063.8,2142.36,1.65865,191.611
44.0,25.0,0.0,699.968,886.249,465.999,839.367
44.0,34.0,0.0,1627.22,1853.19,84.5961,311.443
45.0,3.0,0.0,1339.23,1450.0,0.649045,137.019
45.0,4.0,3.0,1459.54,1978.65,0.0,172.594
45.0,7.0,3.0,1909.4,2297.32,0.0,169.407
45.0,15.0,0.0,2347.21,2498.94,75.7933,316.226
45.0,17.0,0.0,2063.17,2139.9,2.01923,191.971
45.0,34.0,0.0,1693.35,1923.28,72.4526,305.588
46.0,3.0,0.0,1339.23,1450.0,0.649045,137.019
46.0,4.0,3.0,1444.75,1971.27,0.0,152.787
46.0,7.0,3.0,1936.73,2250.96,0.360575,138.678
46.0,17.0,0.0,2060.17,2145.99,1.44231,190.096
46.0,34.0,0.0,1771.97,1987.95,77.6848,307.318
47.0,3.0,0.0,1337.26,1439.66,6.34616,152.019
47.0,4.0,3.0,1459.77,1927.2,0.0,161.514
47.0,7.0,3.0,1938.17,2181.83,0.0,165.865
47.0,9.0,0.0,1685.0,1819.62,2.01923,176.971
47.0,17.0,0.0,2062.76,2146.47,2.09135,191.611
47.0,34.0,0.0,1838.56,2048.25,78.8129,301.925
48.0,3.0,0.0,1337.26,1439.66,6.34616,152.019
48.0,4.0,3.0,1469.23,1915.67,0.0,160.957
48.0,7.0,3.0,1940.58,2250.19,1.55048,128.257
48.0,9.0,0.0,1685.0,1819.62,2.01923,176.971
48.0,17.0,0.0,2051.39,2142.45,0.288463,192.548
48.0,34.0,0.0,1899.34,2109.16,76.0612,297.653
49.0,3.0,0.0,1309.04,1409.42,2.05529,136.55
49.0,4.0,3.0,1456.67,1938.15,0.0,155.302
49.0,7.0,3.0,1934.04,2182.88,0.0,161.755
49.0,9.0,0.0,1670.62,1812.45,0.0,173.654
49.0,17.0,0.0,2051.39,2142.45,0.288463,192.548
49.0,34.0,0.0,1960.9,2167.64,70.3023,298.037
50.0,3.0,0.0,1309.04,1409.42,2.05529,136.55
50.0,4.0,3.0,1477.88,1811.35,4.03846,153.75
50.0,7.0,3.0,1948.56,2232.98,1.00961,155.337
50.0,9.0,0.0,1662.5,1799.04,2.52404,173.582
50.0,34.0,0.0,2025.76,2226.46,70.2619,292.504
51.0,4.0,3.0,1452.69,1778.08,5.12019,148.63
51.0,7.0,3.0,1935.0,2181.92,0.0,159.808
51.0,9.0,0.0,1651.73,1772.88,5.69712,174.591
51.0,34.0,0.0,2079.73,2282.22,74.0471,293.486
51.0,40.0,0.0,1848.34,1930.12,2.37981,103.918
52.0,4.0,3.0,1445.11,1953.75,0.864666,158.174
52.0,7.0,3.0,1919.69,2289.66,2.40968,176.918
52.0,9.0,0.0,1642.93,1772.45,8.29327,175.745
52.0,34.0,0.0,2137.58,2331.19,70.9105,295.005
52.0,40.0,0.0,1848.56,1939.13,3.46154,102.62
53.0,4.0,3.0,1433.48,1857.25,1.35765,163.344
53.0,7.0,3.0,1934.42,2259.42,1.33413,133.45
53.0,9.0,0.0,1630.96,1765.96,7.93269,184.183
53.0,17.0,0.0,2057.55,2142.45,5.84135,191.611
53.0,34.0,0.0,2200.43,2378.03,83.3654,293.077
53.0,40.0,0.0,1848.27,1936.35,1.15385,105.721
54.0,4.0,3.0,1421.04,1846.3,4.65975,159.606
54.0,7.0,3.0,1935.77,2181.15,0.0,160.529
54.0,9.0,0.0,1631.78,1765.14,7.57212,179.495
54.0,17.0,0.0,2051.44,2148.56,4.61539,191.538
54.0,34.0,0.0,2248.37,2428.56,87.9808,290.481
54.0,40.0,0.0,1840.58,1919.42,0.793269,105.144
55.0,4.0,3.0,1407.44,1836.54,2.4208,167.32
55.0,7.0,3.0,1934.04,2179.81,0.0,161.034
55.0,9.0,0.0,1631.78,1765.14,7.57212,179.495
55.0,17.0,0.0,2047.91,2142.86,2.59616,191.971
55.0,34.0,0.0,2297.55,2468.61,66.851,286.226
55.0,40.0,0.0,1831.27,1922.57,2.59616,108.606
56.0,4.0,3.0,1396.31,1855.77,0.0,160.305
56.0,7.0,3.0,1933.08,2177.69,0.0,162.837
56.0,17.0,0.0,2042.79,2141.83,4.90384,196.731
56.0,34.0,0.0,2346.92,2508.46,69.2308,279.808
56.0,40.0,0.0,1826.54,1902.69,1.11779,110.373
57.0,4.0,3.0,1379.22,1835.63,0.665581,159.131
57.0,7.0,3.0,1933.27,2180.58,0.0,161.899
57.0,9.0,0.0,1603.56,1697.98,12.7644,187.139
57.0,17.0,0.0,2041.13,2137.33,7.86058,197.38
57.0,27.0,0.0,1908.91,2112.44,439.895,780.184
57.0,40.0,0.0,1819.57,1894.28,0.9375,108.245
58.0,4.0,3.0,1397.59,2014.01,0.0,162.232
58.0,7.0,3.0,1928.27,2167.12,0.0,167.74
58.0,9.0,0.0,1573.99,1662.93,11.3221,184.976
58.0,17.0,0.0,2031.73,2134.42,6.92307,199.904
58.0,27.0,0.0,1857.59,2064.2,426.366,766.136
58.0,40.0,0.0,1810.58,1890.96,5.80529,112.031
59.0,4.0,3.0,1282.48,1938.82,0.0,168.272
59.0,7.0,3.0,2021.54,2258.46,0.216343,121.37
59.0,9.0,0.0,1556.63,1661.83,13.8461,183.462
59.0,17.0,0.0,2014.13,2130.48,9.08654,203.798
59.0,27.0,0.0,1807.78,2015.78,416.972,753.583
59.0,40.0,0.0,1807.55,1884.76,6.09375,111.671
60.0,4.0,3.0,1510.0,1779.23,0.0,162.981
60.0,7.0,3.0,1929.04,2160.19,0.0,169.76
60.0,9.0,0.0,1532.26,1643.12,34.9039,198.462
60.0,17.0,0.0,1996.68,2111.01,21.5625,207.62
60.0,27.0,0.0,1761.52,1959.08,402.801,747.416
60.0,40.0,0.0,1794.88,1869.74,1.91106,111.887
61.0,4.0,3.0,1510.0,1779.23,0.0,162.981
61.0,7.0,3.0,1932.88,2242.5,0.0,163.125
61.0,9.0,0.0,1532.26,1643.12,34.9039,198.462
61.0,17.0,0.0,1968.22,2081.01,27.5481,212.019
61.0,27.0,0.0,1712.78,1910.22,396.442,725.979
61.0,40.0,0.0,1792.55,1865.91,1.80288,114.519
62.0,7.0,3.0,1905.29,2199.33,3.38943,159.736
62.0,17.0,0.0,1938.37,2058.56,35.3365,214.038
62.0,27.0,0.0,1650.18,1865.47,388.514,707.328
62.0,40.0,0.0,1774.76,1852.93,5.40865,113.149
62.0,41.0,3.0,842.5,1712.5,9.16878,323.633
63.0,7.0,3.0,1928.75,2255.87,0.0,160.817
63.0,17.0,0.0,1906.59,2047.26,21.851,216.562
63.0,27.0,0.0,1579.96,1799.97,378.881,691.376
63.0,40.0,0.0,1761.32,1844.83,2.48798,110.3
63.0,41.0,3.0,948.75,1772.5,9.47139,324.397
64.0,7.0,3.0,1922.12,2237.88,0.0,163.269
64.0,17.0,0.0,1869.9,2016.25,15.3606,216.851
64.0,27.0,0.0,1497.5,1733.05,372.228,682.784
64.0,40.0,0.0,1759.59,1837.33,3.56971,113.113
64.0,41.0,1.0,971.875,1925.0,18.4736,261.71
65.0,7.0,3.0,1884.42,2226.35,0.0,167.885
65.0,17.0,0.0,1869.9,2016.25,15.3606,216.851
65.0,27.0,0.0,1403.17,1643.81,356.972,660.444
65.0,40.0,0.0,1759.59,1837.33,3.56971,113.113
65.0,41.0,3.0,1106.25,1960.0,6.39839,320.556
66.0,7.0,3.0,1890.38,2217.31,0.0,165.433
66.0,27.0,0.0,1298.6,1550.5,347.14,653.89
66.0,41.0,3.0,1210.0,2017.5,7.51976,312.161
67.0,7.0,3.0,1821.42,2246.66,0.0,166.771
67.0,27.0,0.0,1184.1,1443.17,337.795,637.659
67.0,41.0,3.0,1267.5,2082.5,4.4993,320.735
68.0,7.0,3.0,1821.42,2246.66,0.0,166.771
68.0,27.0,0.0,1060.91,1329.9,326.724,621.831
68.0,41.0,3.0,1343.75,2150.0,0.0,319.01
69.0,9.0,0.0,1286.06,1424.71,27.0433,223.918
69.0,27.0,0.0,930.186,1204.82,312.204,603.34
69.0,41.0,3.0,1464.71,2203.92,0.0,310.809
70.0,4.0,3.0,1258.65,1539.81,5.26442,169.255
70.0,9.0,0.0,1248.61,1386.78,45.3606,232.428
70.0,41.0,3.0,1534.63,2276.73,0.499477,307.033
71.0,4.0,3.0,1252.41,1641.75,0.0,187.687
71.0,9.0,0.0,1248.61,1386.78,45.3606,232.428
71.0,41.0,1.0,1582.54,2329.0,3.07121,299.305
71.0,53.0,0.0,1106.07,1341.8,112.619,337.371
72.0,4.0,3.0,1243.12,1671.72,0.0,179.448
72.0,41.0,3.0,1650.22,2384.03,10.9314,289.557
72.0,53.0,0.0,1198.66,1440.18,94.8763,332.958
73.0,4.0,3.0,1251.78,1655.84,0.0,196.137
73.0,17.0,0.0,1524.86,1687.45,37.0673,243.462
73.0,41.0,3.0,1766.54,2441.24,6.20048,292.689
73.0,53.0,0.0,1294.9,1523.56,126.995,322.139
74.0,4.0,3.0,1221.62,1641.98,2.05228,194.368
74.0,17.0,0.0,1486.3,1644.47,43.2692,234.087
74.0,40.0,0.0,1627.84,1744.47,0.144231,135.144
74.0,41.0,3.0,1856.71,2502.09,13.145,288.491
74.0,53.0,0.0,1381.64,1613.74,103.198,326.31
75.0,4.0,3.0,1179.42,1589.14,0.0,189.388
75.0,17.0,0.0,1486.3,1644.47,43.2692,234.087
75.0,40.0,0.0,1609.95,1728.51,2.05529,138.281
75.0,41.0,3.0,1858.47,2542.45,14.8012,284.352
75.0,53.0,0.0,1480.84,1697.42,102.795,324.387
76.0,4.0,3.0,1158.97,1545.0,0.0,197.03
76.0,17.0,0.0,1406.68,1562.55,42.5481,264.375
76.0,40.0,0.0,1592.6,1718.17,1.76682,138.57
76.0,41.0,1.0,1925.29,2559.42,6.36629,294.398
76.0,53.0,0.0,1567.13,1792.22,94.4389,323.065
77.0,4.0,3.0,1121.28,1549.41,8.46305,192.421
77.0,17.0,0.0,1376.73,1523.27,44.0625,267.764
77.0,40.0,0.0,1578.85,1698.08,0.0,143.438
77.0,41.0,1.0,1981.87,2560.0,0.0,288.215
77.0,53.0,0.0,1657.78,1869.29,90.1077,312.893
78.0,4.0,3.0,1121.28,1549.41,8.46305,192.421
78.0,17.0,0.0,1337.02,1487.6,51.0577,227.452
78.0,40.0,0.0,1561.59,1675.34,3.46154,149.712
78.0,41.0,1.0,2022.2,2560.0,0.0,278.156
78.0,53.0,0.0,1747.61,1949.81,82.9929,315.56
78.0,56.0,3.0,857.054,1479.53,133.899,363.874
78.0,7.0,3.0,1681.77,2038.87,7.87351,208.584
79.0,4.0,3.0,1065.35,1630.74,0.0,186.835
79.0,17.0,0.0,1337.02,1487.6,51.0577,227.452
79.0,40.0,0.0,1545.58,1660.58,0.0,156.635
79.0,41.0,1.0,2088.16,2560.0,0.0,271.468
79.0,53.0,0.0,1833.03,2038.19,79.9798,306.163
79.0,56.0,3.0,953.818,1566.19,132.852,363.334
79.0,7.0,3.0,1661.42,2033.12,7.48181,207.972
80.0,4.0,3.0,1065.35,1630.74,0.0,186.835
80.0,40.0,0.0,1534.47,1643.99,0.432694,158.51
80.0,41.0,1.0,2112.55,2560.0,0.0,263.363
80.0,53.0,0.0,1910.28,2119.07,72.8433,303.375
80.0,56.0,3.0,1057.76,1648.84,125.18,366.354
80.0,7.0,3.0,1636.9,2032.18,14.4681,208.624
81.0,4.0,3.0,1027.89,1635.05,0.0,209.657
81.0,40.0,0.0,1534.47,1643.99,0.432694,158.51
81.0,41.0,1.0,2202.75,2560.0,0.0,258.981
81.0,53.0,0.0,1993.27,2191.45,78.5924,298.567
81.0,56.0,3.0,1132.29,1737.68,124.615,358.155
81.0,7.0,3.0,1619.64,2003.04,10.8705,216.667
82.0,41.0,1.0,2280.66,2560.0,0.0,250.091
82.0,53.0,0.0,2076.84,2271.63,76.3381,297.282
82.0,56.0,3.0,1206.34,1809.37,122.131,353.119
82.0,7.0,3.0,1599.28,1977.2,17.6997,216.897
83.0,17.0,0.0,1162.12,1285.58,75.3606,312.62
83.0,40.0,0.0,1480.72,1582.36,2.12741,126.526
83.0,41.0,1.0,2332.34,2557.11,0.0,248.255
83.0,53.0,0.0,2156.85,2338.15,59.0092,297.732
83.0,56.0,3.0,1298.91,1883.52,118.041,350.671
83.0,7.0,3.0,1573.21,1955.95,15.7638,212.4
84.0,40.0,0.0,1480.72,1582.36,2.12741,126.526
84.0,41.0,1.0,2332.34,2557.11,0.0,248.255
84.0,53.0,0.0,2228.92,2408.81,61.716,291.013
84.0,56.0,3.0,1398.35,1955.52,119.53,348.832
84.0,7.0,3.0,1505.69,1945.57,21.3569,213.345
84.0,67.0,3.0,2012.12,2369.42,0.0,122.668
85.0,40.0,0.0,1441.92,1548.85,4.6875,177.62
85.0,41.0,3.0,2423.46,2558.08,0.0,206.611
85.0,53.0,0.0,2309.52,2487.4,73.4135,282.26
85.0,56.0,3.0,1473.2,2022.94,112.035,343.814
85.0,7.0,3.0,1495.21,1950.06,18.3545,191.378
85.0,67.0,3.0,2000.96,2285.19,0.144231,121.01
86.0,40.0,0.0,1418.92,1511.85,10.3125,168.389
86.0,41.0,3.0,2402.07,2557.93,0.0,168.966
86.0,56.0,3.0,1553.36,2096.29,111.59,338.111
86.0,7.0,3.0,1523.89,1904.12,17.4053,230.722
86.0,67.0,3.0,2002.6,2268.17,0.0,117.656
87.0,40.0,0.0,1395.24,1498.61,7.21154,173.654
87.0,41.0,3.0,2402.07,2557.93,0.0,168.966
87.0,56.0,3.0,1630.19,2152.6,102.379,330.008
87.0,7.0,3.0,1486.57,1912.51,21.1261,246.599
87.0,67.0,3.0,1984.23,2289.62,0.0,115.925
88.0,40.0,0.0,1365.1,1474.9,2.16346,178.702
88.0,56.0,3.0,1698.35,2210.1,96.3562,326.697
88.0,7.0,3.0,1469.86,1850.84,28.2966,244.391
88.0,67.0,3.0,1971.15,2305.77,0.036056,120.252
89.0,40.0,0.0,1353.7,1457.07,3.75,189.808
89.0,56.0,3.0,1764.84,2271.68,93.2608,321.447
89.0,7.0,3.0,1458.91,1832.61,43.1275,255.587
89.0,67.0,3.0,1963.46,2291.92,0.432694,118.63
90.0,40.0,0.0,1353.7,1457.07,3.75,189.808
90.0,56.0,3.0,1836.01,2318.32,90.1181,317.054
90.0,7.0,3.0,1434.28,1803.9,45.2713,255.794
90.0,67.0,3.0,1949.42,2262.88,0.0,113.546
91.0,40.0,0.0,1312.6,1422.79,6.70673,176.322
91.0,56.0,3.0,1898.98,2366.47,90.8571,312.726
91.0,7.0,3.0,1409.22,1786.68,46.1434,259.512
91.0,67.0,3.0,1949.42,2262.88,0.0,113.546
92.0,40.0,0.0,1301.59,1387.64,25.4567,216.707
92.0,56.0,3.0,1951.07,2415.17,86.678,303.672
92.0,7.0,3.0,1379.5,1763.65,50.7609,262.366
93.0,67.0,3.0,1862.98,2304.86,5.75216,183.225
93.0,40.0,0.0,1269.11,1366.27,42.9808,219.231
93.0,56.0,3.0,2016.53,2468.38,78.7531,298.171
93.0,7.0,3.0,1350.68,1747.12,51.368,269.797
94.0,67.0,3.0,1845.62,2261.29,0.427158,184.161
94.0,40.0,0.0,1245.72,1354.28,44.7115,226.01
94.0,56.0,3.0,2083.26,2521.17,74.293,290.652
94.0,7.0,3.0,1334.3,1721.65,54.3989,273.281
95.0,67.0,3.0,1827.32,2257.71,0.0,185.139
95.0,30.0,1.0,1428.71,1981.81,0.0,145.615
95.0,40.0,0.0,1212.98,1310.1,68.9423,236.538
95.0,56.0,3.0,2121.06,2557.05,66.1534,284.635
95.0,7.0,3.0,1315.93,1687.98,59.4431,281.474
96.0,67.0,3.0,1815.9,2263.11,0.0,190.371
96.0,30.0,1.0,1339.32,1930.97,3.76999,152.78
96.0,56.0,3.0,2190.18,2560.0,69.3498,276.306
96.0,7.0,3.0,1275.19,1667.11,58.1391,290.57
97.0,67.0,3.0,1791.49,2186.96,0.0,189.356
97.0,30.0,1.0,1321.43,1914.81,6.75794,149.99
97.0,56.0,3.0,2245.37,2560.0,63.8906,274.902
97.0,7.0,3.0,1246.17,1639.63,67.0392,297.38
98.0,67.0,3.0,1781.26,2175.58,0.0,194.053
98.0,30.0,1.0,1288.85,1930.77,0.0,145.324
98.0,56.0,3.0,2297.4,2560.0,64.9039,265.673
98.0,7.0,3.0,1222.12,1605.52,74.5581,305.237
99.0,67.0,3.0,1750.01,2150.54,0.0,199.308
99.0,30.0,1.0,1158.79,1905.24,2.39419,161.558
99.0,56.0,3.0,2353.94,2560.0,62.2356,252.764
99.0,7.0,3.0,1174.98,1575.21,74.9883,314.264
100.0,67.0,3.0,1731.63,2135.11,1.57049,204.722
100.0,30.0,1.0,1114.16,1788.52,1.52229,175.86
100.0,7.0,3.0,1161.31,1549.8,87.17,319.629
101.0,67.0,3.0,1718.74,2118.05,1.6193,209.461
101.0,30.0,1.0,1152.07,1861.22,0.0,193.3
101.0,7.0,3.0,1126.74,1517.89,98.6003,326.397
101.0,77.0,0.0,1490.0,1695.9,862.845,1362.94
102.0,67.0,3.0,1689.46,2096.54,1.77705,209.949
102.0,30.0,1.0,1120.71,1788.68,2.99293,189.711
102.0,7.0,3.0,1092.38,1479.73,112.142,334.689
102.0,77.0,0.0,1511.97,1700.54,813.857,1284.34
102.0,84.0,1.0,24.6875,1026.25,1396.21,1916.59
103.0,67.0,3.0,1674.22,2075.62,2.55082,214.311
103.0,30.0,1.0,1132.23,1875.41,0.0,196.387
103.0,7.0,3.0,1055.19,1447.01,110.791,344.217
103.0,77.0,0.0,1518.92,1718.47,767.745,1222.87
103.0,84.0,1.0,23.4375,1030.0,1305.77,1907.05
103.0,85.0,3.0,2200.0,2504.62,0.0,115.385
104.0,67.0,3.0,1641.65,2050.62,2.45629,224.244
104.0,30.0,1.0,1136.91,1737.58,0.0,201.097
104.0,7.0,3.0,1016.7,1414.79,120.889,355.229
104.0,77.0,0.0,1549.98,1739.56,722.537,1160.97
104.0,84.0,1.0,46.25,1040.62,1206.55,1915.21
104.0,85.0,3.0,2183.56,2493.37,0.0,116.106
105.0,67.0,3.0,1614.61,2033.65,3.63223,233.299
105.0,30.0,1.0,1141.0,1751.73,0.0,216.701
105.0,7.0,3.0,980.145,1375.81,126.09,373.836
105.0,77.0,0.0,1570.19,1760.8,680.715,1098.72
105.0,84.0,1.0,61.5625,1065.0,1092.04,1920.0
105.0,85.0,3.0,2161.73,2432.12,0.504806,113.582
106.0,67.0,3.0,1583.53,2009.71,0.724919,237.307
106.0,30.0,1.0,1117.25,1751.38,0.0,204.286
106.0,77.0,0.0,1605.03,1785.14,634.384,1046.96
106.0,84.0,1.0,129.688,1088.75,966.852,1920.0
106.0,85.0,3.0,2147.21,2455.87,0.46875,117.296
107.0,67.0,3.0,1572.54,1983.72,2.53067,244.967
107.0,30.0,1.0,1117.25,1751.38,0.0,204.286
107.0,77.0,0.0,1638.16,1814.22,592.844,996.552
107.0,84.0,1.0,177.5,1090.0,955.544,1910.52
107.0,85.0,3.0,2129.23,2443.08,0.0,114.772
108.0,67.0,3.0,1533.1,1952.31,3.28099,243.757
108.0,77.0,0.0,1658.05,1856.72,557.497,958.357
108.0,84.0,1.0,220.625,1104.38,907.788,1912.7
108.0,85.0,3.0,2129.23,2443.08,0.0,114.772
109.0,67.0,3.0,1510.44,1921.72,0.468764,252.562
109.0,77.0,0.0,1703.44,1878.73,525.288,909.898
109.0,84.0,1.0,282.5,1100.0,854.282,1865.53
109.0,85.0,3.0,2096.15,2399.23,0.144231,126.274
110.0,67.0,3.0,1484.82,1899.23,2.21382,261.438
110.0,77.0,0.0,1747.81,1913.37,498.864,858.137
110.0,84.0,1.0,320.625,1131.88,802.005,1729.19
110.0,85.0,3.0,2073.65,2384.81,0.0,124.76
111.0,67.0,3.0,1458.5,1902.71,6.1205,260.331
111.0,30.0,1.0,1152.38,1650.15,3.26683,218.099
111.0,77.0,0.0,1782.95,1945.15,463.533,830.295
111.0,84.0,1.0,367.5,1147.5,741.067,1662.94
111.0,85.0,3.0,2048.08,2358.08,0.360575,129.736
112.0,67.0,3.0,1430.22,1845.08,16.8345,283.79
112.0,30.0,1.0,1165.05,1647.27,1.74371,220.92
112.0,77.0,0.0,1823.3,1982.44,441.372,781.743
112.0,84.0,1.0,405.625,1188.12,737.897,1554.95
112.0,85.0,3.0,2029.81,2336.35,0.0,135.144
113.0,67.0,3.0,1388.84,1827.28,14.6946,288.164
113.0,30.0,1.0,1146.54,1557.42,2.6317,212.411
113.0,77.0,0.0,1861.63,2000.13,412.776,753.917
113.0,84.0,1.0,448.75,1188.75,648.599,1510.53
113.0,85.0,3.0,2005.48,2308.37,1.29807,152.885
114.0,67.0,3.0,1366.41,1798.03,10.995,294.008
114.0,30.0,1.0,1111.29,1530.65,3.85433,222.603
114.0,77.0,0.0,1904.06,2041.79,389.708,722.297
114.0,84.0,1.0,489.062,1217.5,621.883,1426.07
114.0,85.0,3.0,1980.19,2281.35,2.37981,155.697
114.0,90.0,3.0,1721.54,2066.15,0.685097,114.627
115.0,67.0,3.0,1332.64,1771.03,17.4153,297.097
115.0,30.0,1.0,1087.39,1537.28,3.05564,231.576
115.0,77.0,0.0,1938.59,2081.94,363.754,689.531
115.0,84.0,1.0,536.612,1226.9,594.091,1376.15
115.0,85.0,3.0,1952.21,2272.4,0.0,158.077
115.0,90.0,3.0,1719.71,2049.52,0.43269,117.404
116.0,67.0,3.0,1300.47,1741.85,16.8856,307.07
116.0,30.0,1.0,1057.38,1569.32,2.39272,243.832
116.0,77.0,0.0,1974.18,2112.44,339.526,658.574
116.0,84.0,1.0,561.456,1273.65,550.043,1309.33
116.0,85.0,3.0,1929.42,2249.04,0.0,162.404
116.0,90.0,3.0,1687.88,2016.73,0.180287,119.243
117.0,67.0,3.0,1272.58,1712.82,26.815,316.504
117.0,77.0,0.0,2010.93,2151.95,314.154,630.565
117.0,84.0,1.0,617.343,1279.56,515.271,1274.19
117.0,85.0,3.0,1902.69,2223.46,0.0,171.995
117.0,90.0,3.0,1677.88,2008.27,0.0,129.267
118.0,67.0,3.0,1239.93,1683.05,42.878,329.087
118.0,77.0,0.0,2053.68,2191.2,300.74,593.229
118.0,84.0,1.0,651.308,1306.45,474.288,1202.89
118.0,85.0,3.0,1879.81,2197.12,3.96635,170.986
118.0,90.0,3.0,1650.19,1974.42,0.0,132.332
118.0,93.0,1.0,2322.88,2550.96,0.180287,67.8245
119.0,67.0,3.0,1207.34,1649.74,24.7619,336.313
119.0,77.0,0.0,2089.52,2230.78,272.809,555.262
119.0,84.0,1.0,689.923,1345.39,444.178,1147.09
119.0,85.0,3.0,1850.87,2173.75,1.80289,180.649
119.0,90.0,3.0,1640.1,1969.13,0.0,132.548
119.0,93.0,1.0,2312.98,2557.79,0.649041,87.1154
120.0,67.0,3.0,1172.94,1623.66,53.634,342.405
120.0,77.0,0.0,2137.46,2278.83,251.853,540.969
120.0,84.0,1.0,742.814,1360.98,428.004,1108.46
120.0,85.0,3.0,1829.16,2162.11,0.482433,190.141
120.0,90.0,3.0,1631.25,1981.06,0.0,134.459
120.0,93.0,1.0,2312.98,2557.79,0.649041,87.1154
121.0,67.0,3.0,1139.63,1595.27,58.4136,356.606
121.0,77.0,0.0,2182.2,2322.44,231.128,522.05
121.0,84.0,1.0,773.98,1384.64,389.105,1041.9
121.0,85.0,3.0,1774.65,2138.98,4.13235,184.18
121.0,90.0,3.0,1610.19,1983.65,0.0,141.779
122.0,67.0,3.0,1104.56,1555.45,72.0494,358.748
122.0,84.0,1.0,806.765,1437.12,368.557,1006.19
122.0,85.0,3.0,1777.31,2105.77,9.51923,189.231
122.0,90.0,3.0,1587.31,1932.69,0.0,139.724
123.0,67.0,3.0,1072.81,1510.34,71.9442,380.769
123.0,84.0,1.0,868.767,1456.03,339.174,970.535
123.0,85.0,3.0,1759.81,2090.24,6.77497,206.216
123.0,86.0,4.0,1576.64,1686.2,800.932,1312.14
123.0,90.0,3.0,1582.69,1915.77,3.46154,150.865
123.0,94.0,3.0,1933.94,2259.9,2.99279,90.7572
124.0,67.0,3.0,1030.68,1482.16,80.3976,371.718
124.0,84.0,1.0,895.058,1499.79,323.234,935.506
124.0,85.0,3.0,1759.81,2090.24,6.77497,206.216
124.0,86.0,4.0,1508.36,1630.83,796.594,1319.16
124.0,90.0,3.0,1570.36,2069.46,0.0,167.851
124.0,94.0,3.0,1933.94,2259.9,2.99279,90.7572
125.0,67.0,3.0,996.607,1446.97,86.4798,376.842
125.0,84.0,1.0,944.987,1533.4,310.999,910.331
125.0,86.0,4.0,1456.01,1576.69,805.647,1320.11
125.0,85.0,3.0,1619.95,2060.41,4.15662,187.666
125.0,93.0,1.0,2164.23,2560.0,0.504806,98.726
126.0,67.0,3.0,962.43,1414.24,85.0192,421.393
126.0,84.0,1.0,981.27,1546.39,242.292,874.193
126.0,86.0,4.0,1397.26,1503.34,798.631,1302.4
126.0,85.0,3.0,1647.55,2014.1,6.83702,209.567
126.0,93.0,5.0,2106.73,2560.0,1.29807,99.5192
127.0,67.0,3.0,922.608,1378.81,104.899,422.711
127.0,84.0,1.0,1020.42,1586.78,262.747,837.712
127.0,86.0,4.0,1348.07,1462.22,789.854,1298.32
127.0,85.0,3.0,1640.44,1983.37,7.04296,228.911
127.0,93.0,5.0,2098.46,2560.0,0.0,105.108
128.0,84.0,1.0,1069.14,1612.6,231.384,779.953
128.0,86.0,4.0,1299.04,1426.07,796.402,1299.93
128.0,85.0,3.0,1614.37,1961.5,15.2761,235.311
128.0,93.0,5.0,2080.38,2560.0,0.0,108.678
128.0,90.0,3.0,1490.96,1807.5,4.83173,163.053
129.0,84.0,1.0,1096.92,1647.86,218.056,745.03
129.0,86.0,4.0,1243.6,1372.19,795.361,1300.37
129.0,85.0,3.0,1538.38,1964.09,10.9241,227.125
129.0,93.0,5.0,2080.38,2560.0,0.0,108.678
129.0,90.0,3.0,1490.96,1807.5,4.83173,163.053
130.0,84.0,1.0,1146.59,1690.72,193.839,736.945
130.0,86.0,4.0,1198.68,1322.53,789.992,1292.78
130.0,85.0,3.0,1549.22,1909.21,20.644,246.282
130.0,90.0,3.0,1431.54,1771.54,6.92308,177.981
131.0,84.0,1.0,1178.34,1730.37,167.564,701.076
131.0,86.0,4.0,1140.13,1284.5,790.114,1308.61
131.0,85.0,3.0,1515.6,1877.26,27.3476,251.749
131.0,90.0,3.0,1431.54,1771.54,6.92308,177.981
132.0,84.0,1.0,1219.55,1760.63,183.591,662.587
132.0,86.0,4.0,1074.86,1214.17,791.501,1292.09
132.0,85.0,3.0,1414.92,1866.41,25.9534,233.897
132.0,93.0,1.0,2023.96,2560.0,0.0,136.408
133.0,84.0,1.0,1269.36,1795.85,172.387,645.803
133.0,86.0,4.0,1012.02,1132.0,799.427,1290.57
133.0,85.0,3.0,1482.67,1825.09,34.1611,271.365
133.0,93.0,1.0,2009.37,2560.0,0.0,134.967
133.0,94.0,3.0,1735.38,2040.0,0.0,122.849
134.0,84.0,1.0,1301.98,1863.52,137.13,625.216
134.0,86.0,4.0,958.359,1088.91,769.767,1269.38
134.0,85.0,3.0,1482.67,1825.09,34.1611,271.365
134.0,93.0,1.0,1985.62,2498.68,0.0,138.582
134.0,94.0,3.0,1712.98,2007.02,0.0,123.245
135.0,84.0,1.0,1357.09,1884.74,101.274,591.869
135.0,86.0,4.0,916.51,1036.84,774.859,1263.97
135.0,93.0,1.0,1985.62,2498.68,0.0,138.582
135.0,90.0,3.0,1263.29,1767.23,28.4327,230.594
135.0,94.0,3.0,1687.79,2013.75,0.324526,123.281
136.0,84.0,1.0,1394.5,1926.81,93.654,572.884
136.0,86.0,4.0,862.972,979.771,760.333,1272.79
136.0,90.0,3.0,1160.52,1695.56,13.6049,233.639
136.0,94.0,3.0,1682.88,1987.88,0.396631,129.988
137.0,84.0,1.0,1453.73,1954.39,85.4502,548.012
137.0,86.0,4.0,807.18,918.413,775.923,1239.46
137.0,90.0,3.0,1140.77,1587.41,29.2829,219.127
137.0,94.0,3.0,1682.88,1987.88,0.396631,129.988
138.0,84.0,1.0,1499.22,2004.3,42.0774,528.736
138.0,85.0,3.0,1331.16,1656.15,69.133,304.792
138.0,86.0,4.0,748.848,875.695,771.435,1254.37
138.0,90.0,3.0,1118.9,1691.51,24.0942,208.907
139.0,84.0,1.0,1565.4,2045.83,46.9976,511.03
139.0,85.0,3.0,1314.11,1661.16,77.6325,317.478
139.0,86.0,4.0,693.273,818.703,773.563,1249.71
139.0,95.0,2.0,1694.8,2097.68,635.075,1027.47
139.0,90.0,3.0,1133.33,1535.77,10.1069,248.544
140.0,84.0,1.0,1591.33,2094.07,31.4104,484.583
140.0,85.0,3.0,1266.65,1628.85,85.4343,320.72
140.0,86.0,4.0,627.309,738.163,786.711,1232.92
140.0,95.0,2.0,1663.35,2049.85,621.281,1025.94
140.0,90.0,3.0,1068.11,1543.02,14.7951,253.947
141.0,84.0,1.0,1646.04,2134.75,28.389,470.524
141.0,85.0,3.0,1247.54,1600.4,91.6826,327.976
141.0,86.0,4.0,579.441,693.48,773.742,1244.23
141.0,95.0,2.0,1604.64,2005.07,631.936,1027.51
141.0,94.0,3.0,1536.47,1939.84,0.660539,170.877
142.0,84.0,1.0,1701.73,2179.12,18.7102,453.141
142.0,85.0,3.0,1221.04,1575.19,99.1201,347.101
142.0,86.0,4.0,551.783,659.226,765.902,1241.24
142.0,95.0,2.0,1566.53,1956.78,641.354,1015.51
142.0,94.0,3.0,1495.61,1951.41,0.158308,174.284
143.0,84.0,1.0,1757.6,2224.38,14.0547,447.956
143.0,85.0,3.0,1186.28,1551.5,99.1219,353.177
143.0,86.0,4.0,519.108,616.27,767.287,1233.32
143.0,95.0,2.0,1514.6,1905.84,631.543,1015.98
143.0,94.0,3.0,1468.52,1824.67,0.0,185.261
144.0,84.0,1.0,1802.3,2282.84,0.0,428.647
144.0,85.0,3.0,1166.67,1523.95,104.394,355.429
144.0,86.0,4.0,484.298,591.479,768.258,1224.38
144.0,95.0,2.0,1463.77,1858.09,622.206,1016.72
144.0,94.0,3.0,1440.46,1784.39,1.68207,192.269
145.0,84.0,1.0,1866.29,2328.42,0.0,422.128
145.0,85.0,3.0,1135.88,1497.2,108.072,364.464
145.0,86.0,4.0,448.727,576.694,779.932,1230.74
145.0,95.0,2.0,1412.25,1823.48,618.957,997.245
145.0,94.0,3.0,1389.12,1747.01,2.94406,203.141
146.0,84.0,1.0,1918.07,2379.61,1.54052,389.272
146.0,85.0,3.0,1110.01,1472.12,120.377,376.926
146.0,86.0,4.0,411.471,526.011,794.003,1216.1
146.0,95.0,2.0,1365.06,1766.02,617.826,999.453
146.0,94.0,3.0,1370.99,1714.0,3.48332,209.783
147.0,84.0,1.0,1962.19,2471.82,0.0,380.834
147.0,85.0,3.0,1076.83,1450.8,126.259,388.379
147.0,86.0,4.0,361.686,512.947,754.737,1217.48
147.0,95.0,2.0,1324.5,1714.89,616.528,993.525
147.0,93.0,1.0,1773.75,2241.07,0.0,211.523
147.0,94.0,3.0,1330.55,1677.69,10.2002,220.082
148.0,84.0,1.0,2043.17,2536.94,0.0,363.377
148.0,85.0,3.0,1050.17,1429.01,136.861,395.059
148.0,95.0,2.0,1267.94,1669.35,606.789,998.038
148.0,93.0,1.0,1781.92,2221.6,1.03046,203.587
148.0,94.0,3.0,1225.21,1649.2,11.6725,229.117
