2.0,1.0,5.0,208.438,1253.75,636.399,1907.73
2.0,2.0,3.0,1843.44,2203.61,317.162,552.361
2.0,3.0,3.0,1581.62,2114.31,88.5086,331.834
2.0,5.0,1.0,2319.14,2560.0,0.70344,507.685
2.0,8.0,1.0,1741.57,2263.7,496.641,1187.65
2.0,9.0,3.0,1405.81,1871.93,1.79461,157.575
3.0,1.0,5.0,256.562,1263.75,592.408,1897.23
3.0,2.0,3.0,1871.91,2220.58,301.862,549.02
3.0,3.0,3.0,1683.21,2184.82,83.1417,330.013
3.0,5.0,1.0,2349.15,2560.0,0.0,484.229
3.0,8.0,1.0,1757.13,2255.84,468.359,1241.12
3.0,9.0,3.0,1394.56,1871.65,4.91936,154.367
4.0,1.0,5.0,305.625,1297.5,571.724,1850.69
4.0,2.0,3.0,1894.63,2246.37,296.693,542.751
4.0,3.0,3.0,1755.32,2253.75,81.9364,318.403
4.0,5.0,1.0,2359.88,2559.16,0.0,468.507
4.0,8.0,1.0,1757.13,2255.84,468.359,1241.12
4.0,9.0,3.0,1426.63,1761.06,3.89423,149.567
4.0,14.0,3.0,2096.63,2306.44,0.0360596,111.022
4.0,15.0,3.0,1652.11,2057.66,0.0,171.358
5.0,1.0,5.0,319.062,1311.25,552.84,1754.17
5.0,2.0,3.0,1924.99,2268.75,282.352,547.448
5.0,3.0,3.0,1834.2,2315.59,79.7901,303.727
5.0,6.0,1.0,1622.11,2196.06,450.796,1537.1
5.0,8.0,1.0,1793.73,2247.26,422.976,972.35
5.0,9.0,3.0,1429.04,1764.81,8.87019,147.909
5.0,14.0,3.0,2096.15,2377.69,0.0,117.656
5.0,15.0,3.0,1638.95,2030.11,2.41445,167.676
6.0,1.0,5.0,355.938,1313.75,538.717,1694.16
6.0,2.0,3.0,1953.31,2287.96,268.09,535.363
6.0,3.0,3.0,1896.13,2367.98,71.083,294.828
6.0,8.0,1.0,1805.98,2243.09,415.833,965.005
6.0,9.0,3.0,1426.92,1757.69,4.39904,151.659
6.0,14.0,3.0,2100.67,2382.4,0.0,117.332
6.0,15.0,3.0,1629.28,2069.79,1.34615,171.023
7.0,1.0,5.0,387.188,1325.0,499.773,1651.28
7.0,2.0,3.0,1974.82,2313.5,249.043,525.297
7.0,3.0,3.0,1965.89,2417.73,74.9673,290.377
7.0,6.0,1.0,1625.74,2188.66,600.757,1406.26
7.0,8.0,1.0,1831.52,2248.37,404.076,877.03
7.0,9.0,3.0,1421.54,1760.0,5.37259,149.387
7.0,14.0,3.0,2097.88,2375.96,0.324519,106.983
7.0,15.0,3.0,1629.79,2068.23,1.20368,167.355
8.0,1.0,5.0,415.312,1338.75,484.153,1600.77
8.0,2.0,3.0,2006.04,2337.61,243.366,526.344
8.0,3.0,3.0,2027.02,2466.8,71.2244,285.324
8.0,6.0,1.0,1637.2,2169.63,517.732,1359.22
8.0,8.0,1.0,1846.49,2262.47,382.112,857.381
8.0,9.0,3.0,1415.38,1766.15,5.19231,149.423
8.0,14.0,3.0,2094.23,2382.69,0.721153,107.452
8.0,15.0,3.0,1633.66,2051.13,0.918911,169.358
9.0,1.0,5.0,441.562,1351.25,463.086,1547.73
9.0,2.0,3.0,2028.39,2355.53,232.56,493.754
9.0,3.0,3.0,2077.99,2517.4,60.6344,287.959
9.0,6.0,1.0,1640.56,2152.22,546.55,1296.63
9.0,8.0,1.0,1859.94,2258.11,362.89,860.239
9.0,9.0,3.0,1369.65,1867.3,4.19899,156.966
9.0,14.0,3.0,2096.15,2371.54,0.576922,114.952
9.0,15.0,3.0,1615.66,2020.91,0.556548,178.073
10.0,1.0,5.0,463.75,1360.0,446.566,1524.94
10.0,2.0,3.0,2053.81,2387.57,215.591,489.83
10.0,3.0,3.0,2129.12,2527.02,44.597,287.226
10.0,6.0,1.0,1650.86,2149.58,504.52,1242.07
10.0,7.0,3.0,954.177,1513.79,101.435,361.031
10.0,8.0,1.0,1878.05,2280.05,354.737,807.247
10.0,9.0,3.0,1369.65,1867.3,4.19899,156.966
10.0,14.0,3.0,2089.04,2372.5,0.793276,135.938
10.0,15.0,3.0,1573.34,2066.5,0.0,181.191
11.0,1.0,5.0,486.875,1370.0,424.329,1470.87
11.0,2.0,3.0,2087.35,2391.64,193.499,487.026
11.0,3.0,3.0,2163.59,2545.41,46.7478,280.345
11.0,6.0,1.0,1657.44,2148.3,496.713,1201.86
11.0,7.0,3.0,1032.87,1588.13,112.792,357.055
11.0,8.0,1.0,1879.25,2287.28,342.114,784.897
11.0,14.0,3.0,2087.79,2382.98,1.15384,136.154
11.0,15.0,3.0,1551.88,2068.46,0.0,180.51
12.0,1.0,5.0,502.812,1382.5,398.448,1435.07
12.0,2.0,3.0,2106.68,2433.66,186.316,461.259
12.0,3.0,3.0,2236.44,2560.0,58.3414,248.293
12.0,6.0,1.0,1664.32,2143.34,466.586,1143.23
12.0,7.0,3.0,1094.07,1645.01,98.4997,356.005
12.0,8.0,1.0,1904.28,2297.79,327.157,761.588
12.0,14.0,3.0,2086.31,2518.3,2.06765,158.955
12.0,15.0,3.0,1421.61,2008.65,2.33727,168.448
13.0,1.0,5.0,530.0,1385.0,385.381,1412.93
13.0,2.0,3.0,2135.27,2444.58,168.652,453.947
13.0,3.0,3.0,2297.31,2560.0,50.9856,251.899
13.0,6.0,1.0,1667.29,2143.52,445.57,1120.07
13.0,7.0,3.0,1157.92,1708.46,95.6491,354.684
13.0,8.0,1.0,1911.96,2316.92,318.093,746.834
13.0,14.0,3.0,2088.11,2531.53,0.0,189.152
13.0,15.0,3.0,1431.23,1994.14,0.0,188.207
14.0,1.0,5.0,541.562,1392.5,379.188,1373.85
14.0,2.0,3.0,2165.35,2466.97,166.448,438.28
14.0,3.0,3.0,2339.78,2560.0,25.4437,278.881
14.0,6.0,1.0,1675.82,2145.23,411.995,1099.89
14.0,7.0,3.0,1227.23,1754.39,84.1067,340.42
14.0,8.0,1.0,1933.39,2324.64,301.753,679.763
14.0,14.0,3.0,2089.02,2502.43,0.0,178.719
14.0,15.0,3.0,1424.78,1973.31,0.0,185.614
15.0,1.0,5.0,570.938,1410.0,369.227,1367.54
15.0,2.0,3.0,2185.69,2505.33,159.321,418.071
15.0,3.0,3.0,2399.18,2557.74,29.351,250.601
15.0,6.0,1.0,1682.86,2138.72,397.165,1056.61
15.0,7.0,3.0,1287.04,1819.47,76.5152,339.533
15.0,8.0,1.0,1950.23,2342.05,288.965,684.634
15.0,14.0,3.0,2089.02,2502.43,0.0,178.719
15.0,15.0,3.0,1432.24,1962.17,0.232372,179.534
16.0,1.0,5.0,577.812,1410.0,354.474,1352.05
16.0,2.0,3.0,2216.72,2487.1,153.932,406.751
16.0,6.0,1.0,1690.13,2140.29,381.98,1027.25
16.0,7.0,3.0,1352.74,1885.43,76.8306,338.871
16.0,8.0,1.0,1960.78,2348.89,270.836,658.189
16.0,14.0,3.0,2081.54,2404.62,0.9375,153.678
16.0,15.0,3.0,1403.15,1977.16,0.0,168.778
17.0,1.0,5.0,590.312,1417.5,346.725,1326.62
17.0,2.0,3.0,2239.14,2521.87,138.073,391.077
17.0,6.0,1.0,1700.9,2133.45,360.732,1006.79
17.0,7.0,3.0,1417.99,1945.79,68.9723,331.396
17.0,8.0,1.0,2013.67,2367.94,258.112,653.143
17.0,14.0,3.0,2081.35,2389.42,0.9375,132.476
17.0,15.0,3.0,1373.14,1928.53,2.41402,162.435
18.0,1.0,5.0,606.562,1423.75,339.576,1309.0
18.0,2.0,3.0,2264.43,2547.85,126.544,381.72
18.0,6.0,1.0,1716.69,2126.82,331.648,973.225
18.0,7.0,3.0,1464.23,1996.79,77.0686,331.31
18.0,8.0,1.0,2034.62,2385.12,241.849,632.564
18.0,14.0,3.0,2075.29,2392.4,2.56009,128.834
18.0,15.0,3.0,1374.84,1905.58,5.01416,149.934
19.0,1.0,5.0,620.625,1430.0,336.509,1287.65
19.0,2.0,3.0,2290.29,2551.14,118.102,364.102
19.0,6.0,1.0,1714.73,2130.46,319.322,963.882
19.0,7.0,3.0,1520.45,2044.92,84.998,329.933
19.0,8.0,1.0,2052.93,2404.45,230.239,614.615
19.0,14.0,3.0,2071.73,2386.73,0.649037,128.149
19.0,15.0,3.0,1345.4,1975.98,0.0,161.739
20.0,1.0,5.0,630.625,1432.5,332.727,1269.58
20.0,6.0,1.0,1722.62,2140.02,325.858,928.822
20.0,7.0,3.0,1574.26,2093.18,79.3876,328.575
20.0,8.0,1.0,1987.58,2424.99,217.388,597.249
20.0,14.0,3.0,2069.13,2324.71,1.11779,128.546
20.0,15.0,3.0,1365.29,1945.5,0.0901008,185.672
21.0,1.0,5.0,642.5,1436.25,319.869,1250.22
21.0,6.0,1.0,1731.82,2142.05,302.6,907.554
21.0,7.0,3.0,1645.42,2123.94,77.6358,322.272
21.0,8.0,1.0,1990.63,2426.57,203.547,593.462
21.0,14.0,3.0,2064.33,2329.52,1.08173,125.553
21.0,15.0,3.0,1383.18,1930.77,0.604119,207.257
21.0,21.0,0.0,1097.91,1349.99,109.035,348.049
22.0,1.0,5.0,647.5,1440.0,313.339,1239.5
22.0,6.0,1.0,1735.86,2142.99,272.056,859.293
22.0,7.0,3.0,1688.2,2143.28,57.1421,311.686
22.0,8.0,1.0,1733.75,2487.5,118.983,569.02
22.0,14.0,3.0,2059.04,2340.96,0.576925,126.202
22.0,15.0,3.0,1376.96,1922.01,0.0,216.358
22.0,21.0,0.0,1176.79,1421.58,110.55,344.141
23.0,1.0,5.0,665.625,1445.0,307.465,1235.89
23.0,6.0,1.0,1739.93,2142.92,260.942,841.621
23.0,7.0,3.0,1688.2,2143.28,57.1421,311.686
23.0,8.0,1.0,1725.0,2505.0,119.7,556.131
23.0,14.0,1.0,2029.37,2560.0,0.0,137.965
23.0,15.0,3.0,1367.09,1839.06,4.49861,229.889
23.0,21.0,0.0,1249.55,1494.55,102.027,348.147
24.0,1.0,5.0,670.0,1450.0,302.558,1219.72
24.0,6.0,1.0,1750.49,2152.79,125.57,847.619
24.0,8.0,1.0,2100.32,2491.48,201.476,557.887
24.0,14.0,3.0,2068.08,2325.77,1.33413,114.627
24.0,15.0,3.0,1360.75,1749.24,12.2914,233.997
24.0,21.0,0.0,1325.34,1553.28,108.022,347.445
25.0,1.0,5.0,672.5,1452.5,302.113,1220.84
25.0,6.0,1.0,1759.22,2144.73,250.175,808.813
25.0,8.0,1.0,1808.75,2545.0,107.575,541.562
25.0,14.0,3.0,2057.31,2330.38,0.901444,119.099
25.0,15.0,3.0,1321.92,1711.93,15.8616,244.773
25.0,21.0,0.0,1396.62,1613.91,110.563,345.987
26.0,1.0,5.0,673.75,1450.0,300.186,1214.22
26.0,6.0,1.0,1760.57,2141.83,224.935,772.5
26.0,8.0,1.0,2119.1,2527.68,165.44,539.502
26.0,14.0,3.0,2050.19,2306.73,1.55048,123.714
26.0,15.0,3.0,1298.85,1679.08,13.7185,250.055
26.0,21.0,0.0,1462.27,1669.56,101.009,347.55
27.0,1.0,5.0,674.375,1455.0,292.89,1211.51
27.0,6.0,1.0,1768.98,2142.27,215.345,747.296
27.0,8.0,1.0,2132.56,2539.64,140.679,534.42
27.0,14.0,3.0,2050.19,2306.73,1.55048,123.714
27.0,15.0,3.0,1265.2,1651.32,19.0911,261.025
27.0,21.0,0.0,1513.99,1729.02,97.0735,335.563
28.0,1.0,5.0,678.125,1457.5,291.945,1212.7
28.0,6.0,1.0,1775.44,2150.29,200.99,729.446
28.0,8.0,1.0,2156.86,2551.27,152.889,507.131
28.0,14.0,3.0,2025.1,2282.6,4.61539,104.062
28.0,15.0,3.0,1231.44,1621.83,17.1637,267.723
28.0,21.0,0.0,1567.32,1769.72,93.4139,330.568
29.0,1.0,5.0,678.75,1455.0,293.156,1208.19
29.0,6.0,1.0,1778.16,2149.45,188.368,715.15
29.0,8.0,1.0,2192.41,2560.0,150.523,487.802
29.0,14.0,3.0,2014.81,2348.27,2.34375,102.44
29.0,15.0,3.0,1193.14,1588.62,24.9174,286.558
29.0,21.0,0.0,1614.07,1809.34,91.162,323.389
30.0,1.0,5.0,678.75,1458.75,292.533,1204.78
30.0,6.0,1.0,1786.77,2174.84,167.377,680.513
30.0,8.0,1.0,2236.4,2560.0,133.148,487.965
30.0,9.0,3.0,1236.44,1598.94,11.8269,155.048
30.0,14.0,3.0,2004.42,2290.96,3.17307,116.538
30.0,15.0,3.0,1145.24,1568.33,49.819,289.124
30.0,21.0,0.0,1662.59,1852.13,83.8677,322.124
30.0,29.0,3.0,1667.69,1963.08,0.721149,129.663
30.0,7.0,3.0,2013.54,2455.31,42.6419,307.658
31.0,1.0,5.0,678.125,1455.0,291.735,1208.0
31.0,6.0,1.0,1800.15,2170.81,152.173,665.309
31.0,8.0,1.0,2238.07,2560.0,98.2663,468.775
31.0,9.0,3.0,1252.12,1570.96,4.75961,163.99
31.0,14.0,3.0,1998.27,2300.19,0.0,134.964
31.0,15.0,3.0,1107.51,1525.75,60.9342,297.574
31.0,21.0,0.0,1708.75,1860.48,92.5961,314.423
31.0,29.0,3.0,1661.35,2024.81,0.0,129.339
31.0,7.0,3.0,2041.48,2457.46,43.1691,307.603
32.0,1.0,5.0,676.25,1452.5,290.43,1210.06
32.0,6.0,1.0,1806.16,2189.15,154.685,640.038
32.0,8.0,1.0,2255.6,2560.0,107.195,465.276
32.0,9.0,3.0,1251.44,1556.25,3.46154,176.538
32.0,14.0,3.0,1988.65,2282.12,1.37019,158.293
32.0,15.0,3.0,1063.78,1480.82,71.1734,309.204
32.0,21.0,0.0,1708.75,1860.48,92.5961,314.423
32.0,29.0,3.0,1661.35,2024.81,0.0,129.339
32.0,7.0,3.0,2050.34,2445.04,46.0666,306.449
33.0,1.0,5.0,677.5,1455.0,289.833,1210.36
33.0,6.0,1.0,1808.95,2204.33,143.219,622.684
33.0,8.0,1.0,2273.17,2560.0,98.6272,455.998
33.0,9.0,3.0,1195.51,1547.08,8.53455,192.582
33.0,14.0,3.0,1973.94,2287.6,1.44231,156.635
33.0,15.0,3.0,1030.09,1436.72,86.5707,318.492
33.0,29.0,1.0,1626.74,2062.14,0.0,168.331
33.0,7.0,3.0,2062.61,2517.42,40.0764,328.883
34.0,1.0,5.0,679.375,1455.0,288.305,1210.74
34.0,6.0,1.0,1829.88,2227.42,127.764,599.104
34.0,9.0,3.0,1180.16,1531.73,5.38578,186.271
34.0,14.0,3.0,1966.35,2242.88,0.0,136.731
34.0,29.0,3.0,1627.69,1981.54,0.973563,133.594
34.0,7.0,3.0,2103.05,2527.36,34.8593,335.024
35.0,1.0,5.0,678.75,1455.0,290.044,1209.45
35.0,6.0,1.0,1852.85,2247.07,120.801,586.195
35.0,8.0,1.0,2327.24,2560.0,48.7808,477.321
35.0,9.0,3.0,1164.98,1503.57,5.32449,189.327
35.0,14.0,3.0,1968.56,2302.21,4.43509,151.334
35.0,29.0,3.0,1617.21,1976.63,0.721157,134.856
35.0,7.0,3.0,2103.05,2527.36,34.8593,335.024
36.0,1.0,5.0,680.0,1455.0,286.557,1207.76
36.0,6.0,1.0,1875.25,2275.9,107.224,587.978
36.0,8.0,1.0,2294.69,2560.0,5.53243,476.364
36.0,9.0,3.0,1135.57,1481.95,6.62597,198.848
36.0,14.0,3.0,1951.92,2248.08,1.875,132.837
36.0,29.0,3.0,1586.81,2048.97,0.775659,152.576
37.0,1.0,5.0,679.375,1455.0,283.564,1209.73
37.0,6.0,1.0,1899.3,2283.36,89.0807,566.21
37.0,8.0,1.0,2332.22,2560.0,14.6615,465.691
37.0,14.0,3.0,1942.69,2232.69,1.62259,124.291
37.0,29.0,3.0,1567.23,2034.43,3.17447,150.664
38.0,1.0,5.0,676.875,1457.5,284.653,1210.82
38.0,6.0,1.0,1911.96,2309.47,96.4084,546.824
38.0,14.0,3.0,1914.42,2233.27,0.0,162.692
38.0,29.0,3.0,1546.49,2027.67,2.39362,152.06
39.0,1.0,5.0,676.25,1462.5,288.471,1211.47
39.0,6.0,1.0,1931.19,2335.21,84.2277,539.507
39.0,8.0,1.0,2388.91,2560.0,0.0,404.297
39.0,14.0,3.0,1915.48,2229.13,0.0,163.269
39.0,29.0,3.0,1533.07,1978.88,0.661561,157.396
40.0,1.0,5.0,678.75,1462.5,290.103,1210.86
40.0,6.0,1.0,1952.6,2356.91,85.7726,533.884
40.0,8.0,3.0,2335.33,2550.19,8.93912,259.546
40.0,14.0,3.0,1891.15,2207.31,2.01923,165.288
40.0,29.0,3.0,1515.56,1965.48,2.43165,158.975
41.0,1.0,5.0,675.0,1465.0,297.313,1198.05
41.0,6.0,1.0,1973.25,2372.66,76.988,525.209
41.0,8.0,1.0,2410.98,2550.98,0.0,349.159
41.0,14.0,3.0,1877.4,2184.13,3.82212,173.293
41.0,29.0,3.0,1503.43,1957.84,0.476496,161.752
42.0,1.0,5.0,673.75,1462.5,301.705,1197.18
42.0,6.0,1.0,1999.22,2392.27,63.3443,513.76
42.0,8.0,3.0,2397.21,2559.71,10.1683,243.245
42.0,14.0,3.0,1840.2,2200.11,5.18404,186.202
42.0,29.0,3.0,1479.85,1954.68,1.86534,158.829
43.0,1.0,5.0,675.0,1462.5,300.826,1196.31
43.0,6.0,1.0,2019.01,2409.84,55.6261,498.517
43.0,8.0,3.0,2428.99,2555.63,5.98557,241.803
43.0,14.0,3.0,1819.84,2175.55,4.61502,195.854
43.0,29.0,3.0,1450.52,1930.56,1.70175,160.4
44.0,1.0,5.0,675.625,1460.0,297.498,1200.88
44.0,6.0,1.0,2042.34,2427.95,40.0614,496.565
44.0,8.0,3.0,2428.99,2555.63,5.98557,241.803
44.0,14.0,3.0,1805.03,2173.02,5.21286,200.605
44.0,29.0,3.0,1426.27,1956.07,2.26702,162.405
45.0,1.0,5.0,675.625,1460.0,298.366,1200.21
45.0,6.0,1.0,2059.96,2450.59,27.3666,469.502
45.0,14.0,3.0,1796.75,2166.09,5.15159,201.884
45.0,29.0,3.0,1391.43,1893.71,2.4999,163.933
46.0,1.0,5.0,675.0,1457.5,296.416,1200.24
46.0,6.0,1.0,2077.6,2469.02,34.4664,456.767
46.0,14.0,3.0,1785.82,2179.23,3.53758,203.368
46.0,29.0,3.0,1390.49,1849.85,3.80872,165.913
47.0,1.0,5.0,675.0,1462.5,300.344,1197.57
47.0,6.0,1.0,2101.94,2500.08,21.4187,451.838
47.0,14.0,3.0,1771.19,2119.43,2.7544,205.385
47.0,29.0,3.0,1366.01,1859.72,2.27397,171.785
48.0,1.0,5.0,673.75,1462.5,299.902,1197.79
48.0,6.0,1.0,2124.28,2527.17,17.82,446.352
48.0,14.0,3.0,1762.73,2101.66,3.4537,213.668
48.0,29.0,3.0,1347.9,1775.83,3.54839,173.765
49.0,1.0,5.0,672.5,1461.25,296.183,1198.69
49.0,6.0,1.0,2142.97,2552.4,17.1409,442.027
49.0,14.0,3.0,1745.46,2073.56,6.21326,212.942
49.0,29.0,3.0,1322.54,1793.04,6.10923,175.331
50.0,1.0,5.0,672.5,1462.5,296.486,1199.43
50.0,6.0,1.0,2156.03,2555.0,0.987167,424.01
50.0,14.0,3.0,1728.6,2064.89,7.1028,214.16
50.0,29.0,3.0,1301.51,1727.04,5.67229,182.54
51.0,1.0,5.0,675.0,1460.0,294.067,1205.43
51.0,6.0,1.0,2185.88,2560.0,9.64195,405.928
51.0,14.0,3.0,1710.19,2054.62,6.08337,216.324
51.0,29.0,3.0,1278.68,1703.6,4.07816,186.515
52.0,1.0,5.0,676.25,1462.5,294.719,1202.75
52.0,6.0,1.0,2210.81,2553.35,2.52834,405.695
52.0,14.0,3.0,1692.11,2026.03,1.98241,224.529
52.0,29.0,3.0,1247.8,1664.54,4.57412,190.156
53.0,1.0,5.0,678.75,1462.5,298.242,1202.29
53.0,6.0,1.0,2245.96,2532.86,0.0,389.514
53.0,14.0,3.0,1665.81,2008.98,4.03931,221.457
53.0,29.0,3.0,1212.17,1669.69,5.98475,192.157
54.0,1.0,5.0,676.25,1462.5,295.475,1203.61
54.0,6.0,1.0,2264.08,2551.26,0.0,386.07
54.0,14.0,3.0,1648.57,1997.83,6.42158,224.477
54.0,29.0,3.0,1180.94,1592.72,4.14313,201.598
55.0,1.0,5.0,677.5,1460.0,294.041,1205.29
55.0,6.0,1.0,2293.66,2559.78,0.0,374.403
55.0,14.0,3.0,1628.31,1971.82,9.12907,237.176
55.0,29.0,3.0,1145.96,1563.13,5.35437,205.258
56.0,1.0,5.0,676.25,1460.0,293.588,1204.95
56.0,6.0,1.0,2313.64,2559.26,0.0406551,370.097
56.0,14.0,3.0,1605.01,1965.97,14.1258,243.793
56.0,29.0,3.0,1107.82,1580.36,6.2756,218.501
57.0,1.0,5.0,678.75,1462.5,294.574,1201.27
57.0,6.0,1.0,2348.94,2558.37,3.52577,352.437
57.0,14.0,3.0,1586.5,1929.34,16.8873,246.078
58.0,1.0,5.0,678.75,1462.5,294.498,1202.3
58.0,6.0,1.0,2372.34,2560.0,0.0,359.454
58.0,14.0,3.0,1556.12,1919.03,19.2465,248.214
59.0,1.0,5.0,676.875,1457.5,291.058,1203.98
59.0,6.0,1.0,2399.01,2560.0,1.14,356.575
59.0,14.0,3.0,1544.64,1890.17,17.9749,256.209
60.0,1.0,5.0,680.0,1457.5,290.497,1207.88
60.0,14.0,3.0,1524.49,1871.46,23.038,260.111
61.0,1.0,5.0,680.0,1458.75,291.919,1206.73
61.0,14.0,3.0,1509.94,1854.54,31.2664,268.977
62.0,1.0,5.0,678.75,1457.5,289.461,1208.08
62.0,14.0,3.0,1485.01,1832.91,29.1766,278.958
62.0,32.0,1.0,1458.86,2158.73,0.0,187.904
63.0,1.0,5.0,678.75,1460.0,292.691,1206.28
63.0,14.0,3.0,1463.91,1821.89,33.5324,280.931
63.0,32.0,1.0,1410.2,2084.57,0.0,188.001
64.0,1.0,5.0,677.5,1460.0,292.091,1205.79
64.0,14.0,3.0,1440.29,1795.74,49.3554,283.495
64.0,32.0,1.0,1510.43,2110.81,0.0,212.32
65.0,1.0,5.0,673.75,1462.5,295.174,1206.09
65.0,14.0,3.0,1418.14,1759.48,50.7834,291.186
65.0,32.0,1.0,1490.74,2116.57,0.0,228.778
65.0,42.0,3.0,1340.77,1651.54,1.875,165.433
66.0,1.0,5.0,673.125,1462.5,292.159,1210.22
66.0,14.0,3.0,1397.13,1744.52,49.5757,292.145
66.0,32.0,1.0,1352.14,2079.17,0.0,225.547
66.0,42.0,3.0,1340.77,1651.54,1.875,165.433
67.0,1.0,5.0,673.75,1460.0,289.987,1211.19
67.0,14.0,3.0,1374.3,1722.79,62.4652,298.672
67.0,32.0,1.0,1367.86,2039.11,0.0,226.646
68.0,1.0,5.0,672.5,1465.0,294.436,1210.7
68.0,14.0,3.0,1350.1,1692.18,60.5256,311.836
68.0,32.0,1.0,1354.17,2038.82,0.0,239.822
68.0,42.0,3.0,1231.2,1598.83,8.45078,194.714
69.0,1.0,5.0,675.0,1465.0,297.207,1208.79
69.0,14.0,3.0,1325.34,1666.18,74.4478,314.821
69.0,32.0,1.0,1613.61,2015.41,3.10896,230.516
69.0,42.0,3.0,1188.96,1628.63,10.0959,193.068
70.0,1.0,5.0,675.0,1465.0,296.633,1209.77
70.0,14.0,3.0,1305.53,1657.27,84.1305,319.819
70.0,32.0,1.0,1585.96,1987.47,4.55796,238.298
70.0,42.0,3.0,1165.64,1541.9,9.90353,218.533
71.0,1.0,5.0,675.0,1462.5,293.891,1208.26
71.0,14.0,3.0,1274.35,1621.4,84.4706,322.675
71.0,32.0,1.0,1487.75,1981.09,6.10894,242.893
71.0,42.0,3.0,1100.63,1536.51,11.1686,220.359
72.0,1.0,5.0,675.0,1460.0,296.017,1205.38
72.0,14.0,3.0,1254.95,1591.9,87.2119,334.415
72.0,32.0,1.0,1487.3,1950.89,2.94674,249.863
73.0,1.0,5.0,677.5,1458.75,294.464,1209.17
73.0,14.0,3.0,1233.9,1578.34,103.174,344.459
73.0,32.0,1.0,1466.18,1940.83,6.61061,255.001
74.0,1.0,5.0,678.125,1460.0,293.628,1211.01
74.0,14.0,3.0,1197.22,1553.81,97.0491,353.019
74.0,32.0,1.0,1400.57,1905.49,4.27128,264.852
75.0,1.0,5.0,677.5,1460.0,293.153,1209.87
75.0,14.0,3.0,1179.37,1529.4,103.798,349.092
75.0,32.0,1.0,1398.9,1883.21,5.31592,272.296
76.0,1.0,5.0,675.625,1460.0,292.426,1209.37
76.0,14.0,3.0,1159.98,1501.98,108.086,361.105
76.0,32.0,1.0,1385.68,1851.75,3.89949,275.506
77.0,1.0,5.0,677.5,1460.0,295.305,1209.34
77.0,14.0,3.0,1137.38,1476.55,115.463,363.149
77.0,32.0,1.0,1365.92,1822.61,14.4687,286.64
77.0,45.0,3.0,2402.4,2560.0,0.0,60.8293
78.0,1.0,5.0,677.5,1460.0,296.113,1209.48
78.0,14.0,3.0,1096.8,1453.65,122.555,376.936
78.0,32.0,1.0,1315.44,1789.65,2.98705,285.586
78.0,45.0,3.0,2402.4,2560.0,0.0,60.8293
78.0,48.0,1.0,1821.27,2217.13,0.0,175.232
79.0,1.0,5.0,678.75,1460.0,291.131,1211.66
79.0,14.0,3.0,1080.04,1429.13,128.055,377.387
79.0,32.0,1.0,1283.49,1753.98,9.40194,300.545
79.0,48.0,1.0,1790.56,2220.16,0.0,183.742
80.0,1.0,5.0,677.5,1460.0,293.044,1209.42
80.0,14.0,3.0,1047.61,1403.94,135.644,377.15
80.0,32.0,1.0,1259.18,1738.79,7.89034,309.929
80.0,48.0,1.0,1770.38,2220.59,0.0,181.984
81.0,1.0,5.0,676.25,1462.5,294.329,1209.93
81.0,14.0,3.0,1017.11,1377.99,145.779,366.701
81.0,32.0,1.0,1250.31,1714.47,11.07,312.483
81.0,48.0,1.0,1749.11,2123.91,0.0,189.668
82.0,1.0,5.0,675.0,1457.5,287.982,1212.34
82.0,14.0,3.0,983.983,1347.69,150.079,369.336
82.0,32.0,1.0,1221.91,1673.78,6.90472,320.899
82.0,48.0,3.0,1726.15,2049.23,12.6923,192.981
83.0,1.0,5.0,676.875,1455.0,285.804,1211.4
83.0,32.0,1.0,1184.78,1648.04,6.47266,326.816
83.0,48.0,3.0,1682.04,2161.09,1.69099,202.084
84.0,1.0,5.0,672.5,1457.5,282.978,1211.86
84.0,32.0,1.0,1150.19,1633.64,7.78903,336.611
84.0,48.0,1.0,1665.89,2162.38,0.0,214.112
85.0,1.0,5.0,673.75,1455.0,283.85,1209.9
85.0,32.0,1.0,1143.96,1620.3,5.34257,341.142
85.0,48.0,1.0,1638.95,2138.11,0.0,216.495
86.0,1.0,5.0,677.5,1460.0,292.346,1206.27
86.0,32.0,1.0,1100.84,1591.01,3.91896,340.786
86.0,48.0,1.0,1622.56,2138.26,0.116193,214.033
87.0,1.0,5.0,678.75,1462.5,295.835,1202.31
87.0,32.0,1.0,1067.72,1573.33,6.09638,334.437
87.0,48.0,1.0,1573.8,2111.32,1.75675,229.275
88.0,1.0,5.0,678.75,1460.0,294.461,1204.15
88.0,32.0,1.0,1035.68,1550.75,2.40269,347.342
88.0,45.0,3.0,2105.77,2383.46,0.0,114.844
88.0,48.0,1.0,1548.95,2081.12,2.93787,227.504
89.0,1.0,5.0,678.75,1458.75,287.108,1213.04
89.0,32.0,1.0,1002.94,1522.43,0.35687,360.002
89.0,45.0,3.0,2073.46,2388.08,0.576918,122.019
89.0,48.0,1.0,1516.06,2072.14,0.0,243.622
90.0,1.0,5.0,680.0,1458.75,293.454,1207.38
90.0,45.0,3.0,2049.23,2344.62,0.9375,129.447
90.0,48.0,1.0,1489.55,2064.96,4.14383,244.187
91.0,1.0,5.0,681.25,1462.5,291.107,1210.29
91.0,45.0,3.0,2014.23,2290.38,0.036056,134.026
91.0,48.0,1.0,1452.39,1994.12,2.61543,247.237
92.0,1.0,5.0,678.125,1467.5,291.537,1208.7
92.0,45.0,3.0,1983.46,2281.15,1.11779,135.252
92.0,48.0,1.0,1406.32,1985.82,0.0,267.413
93.0,1.0,5.0,677.5,1462.5,294.411,1205.99
93.0,45.0,3.0,1949.52,2262.79,0.0,155.769
93.0,48.0,1.0,1396.67,1963.99,0.415821,268.686
94.0,1.0,5.0,679.375,1462.5,293.845,1210.9
94.0,45.0,3.0,1924.04,2220.58,0.360575,162.476
94.0,48.0,1.0,1350.2,1921.42,2.00465,277.149
95.0,1.0,5.0,680.0,1462.5,292.829,1209.1
95.0,45.0,3.0,1886.35,2193.65,2.52404,163.341
95.0,48.0,1.0,1322.99,1880.7,7.41285,292.785
96.0,1.0,5.0,680.625,1462.5,285.393,1208.73
96.0,45.0,3.0,1853.27,2168.27,2.23557,168.389
96.0,48.0,1.0,1297.18,1866.72,5.26583,295.061
97.0,1.0,5.0,678.75,1460.0,285.615,1210.2
97.0,45.0,3.0,1819.9,2137.02,4.54327,173.149
97.0,48.0,1.0,1252.95,1829.49,4.55448,302.783
98.0,1.0,5.0,677.5,1461.25,286.361,1210.15
98.0,45.0,3.0,1782.5,2111.64,0.0,195.308
98.0,48.0,1.0,1221.98,1795.42,3.99194,312.364
99.0,1.0,5.0,675.0,1460.0,285.432,1208.89
99.0,45.0,3.0,1750.54,2086.17,1.27507,191.49
99.0,48.0,1.0,1192.88,1774.36,7.12399,312.164
100.0,1.0,5.0,677.5,1460.0,286.929,1207.91
100.0,45.0,3.0,1721.83,2049.21,2.85926,199.832
100.0,48.0,1.0,1109.03,1723.05,4.85906,327.125
100.0,53.0,3.0,2421.15,2560.0,0.0,63.5877
101.0,1.0,5.0,676.25,1461.25,291.216,1207.59
101.0,45.0,3.0,1697.57,2015.65,1.29711,207.673
101.0,48.0,1.0,1100.29,1674.44,3.9256,331.066
101.0,53.0,3.0,2421.15,2560.0,0.0,63.5877
102.0,1.0,5.0,676.25,1465.0,296.432,1204.57
102.0,45.0,3.0,1660.55,1992.12,6.89022,207.161
102.0,48.0,1.0,1031.86,1645.73,4.56379,339.136
102.0,53.0,3.0,2381.35,2557.12,0.0,89.387
103.0,1.0,5.0,675.625,1462.5,295.966,1204.44
103.0,45.0,3.0,1637.34,1961.3,11.055,213.933
103.0,48.0,1.0,1013.17,1625.24,5.76744,337.331
103.0,53.0,3.0,2357.02,2556.83,0.0,89.9279
104.0,1.0,5.0,676.875,1457.5,286.854,1214.15
104.0,45.0,3.0,1611.45,1937.63,9.35722,224.347
104.0,53.0,3.0,2339.13,2559.33,0.0,97.7524
105.0,1.0,5.0,680.625,1457.5,284.738,1217.37
105.0,45.0,3.0,1570.46,1902.19,16.1519,226.008
105.0,53.0,3.0,2311.83,2560.0,0.252407,101.575
106.0,1.0,5.0,677.5,1462.5,284.828,1213.71
106.0,45.0,3.0,1549.1,1876.88,19.6889,231.837
106.0,53.0,3.0,2305.87,2555.67,0.0,99.4471
107.0,1.0,5.0,676.25,1465.0,285.702,1219.59
107.0,45.0,3.0,1514.9,1845.09,26.1937,238.964
107.0,53.0,3.0,2260.67,2542.4,0.0360596,102.296
108.0,1.0,5.0,679.375,1462.5,285.003,1215.36
108.0,45.0,3.0,1483.1,1816.29,30.0654,244.4
108.0,53.0,3.0,2229.13,2530.87,0.0721157,111.851
109.0,1.0,5.0,680.0,1462.5,288.486,1210.93
109.0,45.0,3.0,1460.43,1789.09,34.071,247.232
109.0,53.0,3.0,2206.73,2510.19,0.721153,109.904
110.0,1.0,5.0,676.25,1462.5,293.209,1208.58
110.0,45.0,3.0,1425.64,1758.98,39.6786,260.332
110.0,53.0,3.0,2184.52,2489.33,0.576925,114.087
111.0,1.0,5.0,675.0,1460.0,291.16,1211.13
111.0,45.0,3.0,1402.36,1734.74,38.9854,266.448
111.0,53.0,3.0,2162.79,2474.13,0.865384,118.197
112.0,1.0,5.0,678.125,1462.5,290.021,1207.63
112.0,45.0,3.0,1373.06,1708.44,47.3757,268.649
112.0,53.0,3.0,2123.85,2436.15,0.757209,118.377
113.0,1.0,5.0,677.5,1460.0,284.196,1212.28
113.0,45.0,3.0,1344.86,1682.14,51.8238,277.131
113.0,53.0,3.0,2091.54,2456.15,0.216343,130.817
114.0,1.0,5.0,680.0,1457.5,282.171,1215.37
114.0,45.0,3.0,1317.47,1648.95,58.2163,283.909
114.0,46.0,1.0,2388.62,2560.0,1.02726,416.332
114.0,53.0,3.0,2074.9,2380.48,0.829325,123.642
115.0,1.0,5.0,679.375,1460.0,284.671,1212.65
115.0,45.0,3.0,1276.94,1628.51,64.8403,290.643
115.0,53.0,3.0,2044.33,2346.44,1.08173,127.428
116.0,1.0,5.0,676.25,1456.25,281.105,1213.05
116.0,45.0,3.0,1249.36,1595.98,70.3898,297.132
116.0,53.0,3.0,2018.65,2295.19,1.47837,134.748
117.0,1.0,5.0,675.0,1457.5,283.535,1214.46
117.0,45.0,3.0,1217.51,1565.84,75.2628,309.774
117.0,53.0,3.0,1983.85,2286.92,1.08173,153.822
118.0,1.0,5.0,677.5,1456.25,282.105,1213.03
118.0,45.0,3.0,1187.92,1538.03,81.8894,313.047
118.0,53.0,3.0,1949.42,2272.12,0.144231,157.067
119.0,1.0,5.0,675.0,1453.75,279.834,1212.81
119.0,45.0,3.0,1156.5,1506.27,90.3192,319.035
119.0,53.0,3.0,1923.46,2236.54,0.0,164.639
120.0,1.0,5.0,673.75,1455.0,282.96,1212.75
120.0,45.0,3.0,1125.95,1476.07,94.9758,330.175
120.0,53.0,3.0,1889.81,2214.81,3.60577,168.606
121.0,1.0,5.0,673.75,1460.0,284.038,1212.69
121.0,45.0,3.0,1088.74,1444.72,97.6944,327.333
121.0,53.0,3.0,1870.1,2176.06,1.875,175.962
122.0,1.0,5.0,676.25,1465.0,278.554,1217.47
122.0,45.0,3.0,1063.6,1414.06,104.858,347.961
122.0,53.0,3.0,1821.86,2160.62,1.67125,190.636
123.0,1.0,5.0,677.5,1462.5,279.857,1216.48
123.0,45.0,3.0,1024.1,1378.26,114.628,347.031
123.0,53.0,3.0,1799.94,2119.27,0.0,201.019
124.0,1.0,5.0,676.25,1462.5,273.988,1224.66
124.0,53.0,3.0,1769.61,2094.6,0.987031,205.133
125.0,1.0,5.0,675.0,1467.5,283.623,1215.91
125.0,53.0,3.0,1736.66,2067.58,5.34865,207.584
126.0,1.0,5.0,672.5,1465.0,289.2,1211.08
126.0,53.0,3.0,1712.19,2035.91,5.56116,213.657
127.0,1.0,5.0,675.625,1462.5,289.412,1211.29
127.0,53.0,3.0,1677.75,2009.4,10.206,215.201
128.0,1.0,5.0,678.75,1460.0,285.99,1218.51
128.0,53.0,3.0,1651.49,1982.16,11.1924,217.115
129.0,1.0,5.0,678.75,1463.75,286.013,1217.62
129.0,53.0,3.0,1626.77,1952.08,14.1973,231.562
130.0,1.0,5.0,673.75,1461.25,289.971,1211.51
130.0,53.0,3.0,1595.94,1925.4,23.1345,237.862
131.0,1.0,5.0,676.875,1462.5,293.402,1210.23
131.0,53.0,3.0,1566.47,1898.6,26.9543,247.016
132.0,1.0,5.0,677.5,1465.0,294.655,1205.12
132.0,53.0,3.0,1538.48,1870.61,30.398,255.101
133.0,1.0,5.0,675.0,1457.5,297.884,1208.58
133.0,53.0,3.0,1504.03,1838.44,34.9633,268.561
134.0,1.0,5.0,673.75,1460.0,295.423,1207.78
134.0,53.0,3.0,1478.04,1814.0,41.221,273.0
135.0,1.0,5.0,675.0,1460.0,291.453,1207.16
135.0,53.0,3.0,1446.5,1791.19,41.931,279.99
136.0,1.0,5.0,674.375,1460.0,290.656,1206.48
136.0,53.0,3.0,1416.96,1754.57,43.772,286.623
137.0,1.0,5.0,670.625,1465.0,290.592,1212.24
137.0,53.0,3.0,1382.65,1734.65,58.0234,296.817
138.0,1.0,5.0,674.375,1462.5,292.567,1214.89
138.0,53.0,3.0,1354.19,1703.03,63.0227,304.823
139.0,1.0,5.0,672.5,1462.5,296.042,1209.85
139.0,53.0,3.0,1323.04,1673.41,71.4341,315.459
140.0,1.0,5.0,672.5,1453.75,292.866,1217.9
140.0,53.0,3.0,1294.7,1641.5,76.1555,323.857
141.0,1.0,5.0,673.125,1460.0,295.922,1214.2
141.0,53.0,3.0,1261.41,1618.43,89.1076,326.615
142.0,1.0,5.0,673.75,1463.75,294.783,1210.16
142.0,53.0,3.0,1231.35,1582.06,93.6925,329.496
143.0,1.0,5.0,671.25,1457.5,298.846,1215.11
143.0,53.0,3.0,1201.66,1559.29,99.9278,335.07
144.0,1.0,5.0,674.375,1457.5,291.08,1214.31
144.0,53.0,3.0,1163.66,1528.97,104.877,353.229
145.0,1.0,5.0,676.875,1455.0,286.726,1215.38
145.0,53.0,3.0,1132.01,1496.87,110.086,364.095
146.0,1.0,5.0,671.25,1461.25,285.12,1219.23
146.0,53.0,3.0,1110.18,1460.2,120.381,367.418
146.0,66.0,3.0,2302.69,2552.69,0.0,103.486
147.0,1.0,5.0,675.0,1460.0,291.308,1217.02
147.0,53.0,3.0,1079.92,1428.84,130.937,375.767
147.0,66.0,3.0,2260.48,2536.44,0.288459,103.197
148.0,1.0,5.0,677.5,1465.0,290.328,1211.64
148.0,53.0,3.0,1048.22,1398.34,138.43,373.314
148.0,66.0,3.0,2239.9,2517.02,0.0,112.897
148.0,67.0,1.0,1571.86,2081.42,4.97242,214.88
