2.0,4.0,3.0,1409.02,1878.68,629.592,1017.61
2.0,6.0,0.0,1296.73,1395.58,7.21154,154.471
3.0,4.0,3.0,1420.13,1883.64,594.997,968.148
3.0,6.0,0.0,1298.27,1397.12,7.06731,152.596
3.0,7.0,0.0,1541.59,1646.11,0.0,162.909
4.0,4.0,3.0,1445.91,1892.74,550.584,914.557
4.0,6.0,0.0,1300.84,1397.62,7.17548,154.075
4.0,7.0,0.0,1540.05,1644.57,0.0,164.207
5.0,4.0,3.0,1471.92,1899.69,521.002,868.562
5.0,6.0,0.0,1300.84,1397.62,7.17548,154.075
5.0,7.0,0.0,1538.99,1645.63,0.0,165.072
6.0,4.0,3.0,1497.26,1921.07,487.382,815.163
6.0,6.0,0.0,1298.12,1397.26,6.12981,153.245
6.0,7.0,0.0,1543.37,1644.33,0.0,163.63
7.0,4.0,3.0,1527.4,1939.13,450.99,777.492
7.0,6.0,0.0,1297.74,1396.11,6.34616,150.865
7.0,7.0,0.0,1544.93,1639.69,0.216351,160.601
8.0,4.0,3.0,1566.21,1964.88,421.495,740.356
8.0,5.0,3.0,1341.25,1997.5,902.648,1518.34
8.0,6.0,0.0,1296.2,1396.11,6.49039,150.865
8.0,7.0,0.0,1543.41,1650.43,0.0,160.096
9.0,4.0,3.0,1602.61,2000.89,387.821,707.969
9.0,5.0,3.0,1352.5,2008.75,859.851,1454.71
9.0,6.0,0.0,1300.65,1394.74,6.16586,149.603
9.0,7.0,0.0,1546.63,1647.21,0.288463,159.663
10.0,4.0,3.0,1645.04,2030.08,352.89,664.669
10.0,5.0,3.0,1381.57,2000.94,816.176,1417.85
10.0,6.0,0.0,1296.44,1395.87,5.94952,151.118
10.0,7.0,0.0,1545.58,1651.35,0.0,159.591
11.0,4.0,3.0,1694.52,2074.84,332.264,625.118
11.0,5.0,3.0,1399.29,1994.35,774.2,1357.65
11.0,6.0,0.0,1296.44,1395.87,5.94952,151.118
11.0,7.0,0.0,1545.58,1651.35,0.0,159.591
12.0,4.0,3.0,1747.25,2124.98,306.493,591.83
12.0,5.0,3.0,1407.44,1992.13,737.952,1301.73
13.0,4.0,3.0,1802.99,2171.97,282.37,554.11
13.0,5.0,3.0,1417.78,1996.51,697.932,1261.36
13.0,6.0,0.0,1302.84,1397.16,5.625,153.606
14.0,4.0,3.0,1859.33,2216.53,250.098,537.603
14.0,5.0,3.0,1440.0,2000.58,666.746,1208.2
14.0,6.0,0.0,1298.61,1398.32,8.11298,152.704
15.0,4.0,3.0,1923.86,2282.89,231.67,497.382
15.0,5.0,3.0,1442.65,2003.09,633.688,1158.22
15.0,6.0,0.0,1297.21,1398.17,8.1851,151.767
16.0,4.0,3.0,1988.62,2327.55,209.142,474.708
16.0,5.0,3.0,1460.36,2009.3,602.159,1100.72
16.0,6.0,0.0,1298.03,1397.36,6.45433,149.026
17.0,4.0,3.0,2056.75,2400.0,187.453,447.779
17.0,5.0,3.0,1484.84,2017.01,574.109,1070.24
17.0,6.0,0.0,1298.41,1396.97,8.14904,149.495
18.0,4.0,3.0,2116.03,2470.8,177.165,427.343
18.0,5.0,3.0,1498.5,2028.34,545.197,1023.26
18.0,6.0,0.0,1297.98,1398.94,7.03125,152.488
18.0,7.0,0.0,1543.56,1647.21,0.432694,164.567
19.0,4.0,3.0,2179.16,2529.53,151.751,403.246
19.0,5.0,3.0,1517.8,2041.59,509.332,991.849
19.0,6.0,0.0,1299.86,1398.61,6.20193,153.75
19.0,7.0,0.0,1543.56,1647.21,0.432694,164.567
20.0,4.0,3.0,2250.69,2558.24,137.311,380.941
20.0,5.0,3.0,1545.04,2055.21,492.772,961.473
20.0,6.0,0.0,1298.27,1398.65,6.45432,152.632
20.0,12.0,1.0,1809.56,2229.97,0.0,178.962
21.0,5.0,3.0,1562.9,2067.61,465.079,925.613
21.0,6.0,0.0,1299.09,1400.91,7.28366,151.659
21.0,12.0,1.0,1806.92,2242.59,0.0,177.415
22.0,5.0,3.0,1592.38,2093.29,437.848,876.221
22.0,6.0,0.0,1297.84,1399.09,5.26443,153.389
22.0,12.0,1.0,1808.68,2232.16,0.0,177.53
23.0,5.0,3.0,1612.99,2114.63,413.435,841.444
23.0,6.0,0.0,1299.04,1397.88,6.23798,149.099
23.0,12.0,1.0,1807.51,2233.51,0.0,177.901
24.0,5.0,3.0,1654.11,2127.11,399.464,794.553
24.0,6.0,0.0,1299.04,1397.88,6.23798,149.099
24.0,12.0,1.0,1824.88,2231.52,0.0,178.108
25.0,5.0,3.0,1676.72,2152.56,375.865,778.255
25.0,6.0,0.0,1295.58,1399.81,3.75,152.019
25.0,12.0,1.0,1824.27,2213.71,0.0,179.045
26.0,5.0,3.0,1708.47,2183.03,353.721,749.582
26.0,6.0,0.0,1296.78,1398.61,4.75962,152.019
26.0,12.0,1.0,1821.02,2220.96,0.0,178.464
27.0,5.0,3.0,1747.68,2207.33,338.912,726.643
27.0,6.0,0.0,1296.78,1398.61,4.75962,152.019
27.0,12.0,1.0,1827.39,2215.12,0.0,179.342
28.0,5.0,3.0,1770.37,2237.52,319.917,702.664
28.0,6.0,0.0,1302.31,1397.69,5.30048,152.632
28.0,12.0,1.0,1825.22,2226.73,0.0,178.406
29.0,5.0,3.0,1809.79,2271.33,301.357,683.729
29.0,6.0,0.0,1299.09,1399.38,4.6875,152.812
29.0,12.0,1.0,1820.64,2234.86,0.0,182.713
30.0,5.0,3.0,1849.91,2304.62,280.048,654.294
30.0,6.0,0.0,1299.09,1399.38,4.6875,152.812
30.0,7.0,0.0,1546.97,1659.18,0.0,161.683
30.0,12.0,1.0,1820.64,2234.86,0.0,182.713
31.0,5.0,3.0,1887.69,2344.06,265.418,632.246
31.0,6.0,0.0,1294.95,1398.89,4.79567,151.55
31.0,7.0,0.0,1546.97,1659.18,0.0,161.683
32.0,5.0,3.0,1926.1,2381.28,245.793,608.701
32.0,6.0,0.0,1292.31,1400.0,3.31731,152.74
32.0,24.0,0.0,1132.0,1380.94,73.8604,303.045
33.0,5.0,3.0,1968.32,2419.27,232.984,591.577
33.0,6.0,0.0,1292.31,1400.0,3.31731,152.74
33.0,12.0,1.0,1824.85,2218.69,0.0,189.668
33.0,24.0,0.0,1247.54,1496.3,77.0247,299.484
34.0,5.0,3.0,2011.83,2458.38,210.3,568.28
34.0,6.0,0.0,1294.04,1396.73,3.60578,153.75
34.0,12.0,1.0,1833.12,2203.18,0.0,183.718
34.0,24.0,0.0,1373.81,1601.87,72.9743,296.85
35.0,5.0,3.0,2053.41,2497.8,178.926,546.74
35.0,6.0,0.0,1302.72,1398.82,4.90384,151.442
35.0,12.0,1.0,1818.92,2255.47,1.79601,177.073
35.0,24.0,0.0,1486.67,1703.96,63.0297,289.434
36.0,5.0,3.0,2095.39,2556.98,174.72,536.125
36.0,6.0,0.0,1302.72,1398.82,4.90384,151.442
36.0,12.0,1.0,1818.15,2241.32,0.227509,181.289
36.0,24.0,0.0,1601.58,1811.91,63.6365,286.967
37.0,5.0,3.0,2138.58,2560.0,182.328,515.514
37.0,7.0,0.0,1541.59,1655.34,0.0,161.25
37.0,12.0,1.0,1663.41,2171.74,0.0,180.969
37.0,24.0,0.0,1715.47,1916.68,45.0315,278.167
38.0,5.0,3.0,2183.82,2558.07,166.398,496.265
38.0,7.0,0.0,1540.19,1659.81,0.0,161.683
38.0,12.0,1.0,1663.41,2171.74,0.0,180.969
38.0,24.0,0.0,1830.55,2022.14,40.7255,266.357
38.0,34.0,0.0,1154.36,1384.71,82.1639,306.368
39.0,7.0,0.0,1540.19,1659.81,0.0,161.683
39.0,24.0,0.0,1927.34,2127.57,19.3748,255.143
39.0,34.0,0.0,1263.1,1486.44,85.4431,301.058
40.0,5.0,3.0,2277.01,2557.4,91.9407,471.908
40.0,6.0,0.0,1293.08,1400.77,2.23557,156.274
40.0,7.0,0.0,1539.62,1660.38,0.0,164.856
40.0,12.0,1.0,1828.16,2244.16,0.0,188.874
40.0,24.0,0.0,2024.97,2226.92,13.7075,256.96
40.0,34.0,0.0,1372.75,1588.61,78.9337,299.986
41.0,6.0,0.0,1294.28,1399.57,2.8125,155.409
41.0,7.0,0.0,1539.62,1660.38,0.0,164.856
41.0,12.0,1.0,1825.06,2250.02,0.0,182.326
41.0,24.0,0.0,2137.62,2324.58,14.6578,259.579
41.0,34.0,0.0,1466.95,1677.51,66.367,294.659
42.0,6.0,0.0,1292.74,1404.18,5.33654,155.769
42.0,12.0,1.0,1530.07,2279.45,0.0,176.314
42.0,24.0,0.0,2137.62,2324.58,14.6578,259.579
42.0,34.0,0.0,1560.82,1773.21,53.3716,294.79
43.0,6.0,0.0,1293.32,1400.53,5.55289,153.822
43.0,7.0,0.0,1540.53,1659.47,0.0,166.731
43.0,12.0,1.0,1766.92,2294.72,2.85922,175.461
43.0,34.0,0.0,1666.97,1860.77,58.9021,287.305
44.0,6.0,0.0,1287.74,1401.49,4.61538,152.308
44.0,7.0,0.0,1540.53,1659.47,0.0,166.731
44.0,12.0,1.0,1609.31,2225.43,0.0,183.033
44.0,34.0,0.0,1746.4,1937.52,37.8546,279.214
44.0,48.0,0.0,1128.63,1360.93,113.51,341.078
45.0,6.0,0.0,1287.74,1401.49,4.61538,152.308
45.0,12.0,1.0,1522.66,2135.48,0.949373,167.141
45.0,34.0,0.0,1828.46,2013.48,43.6017,275.375
45.0,48.0,0.0,1252.29,1470.04,97.4798,333.536
46.0,12.0,1.0,1522.66,2135.48,0.949373,167.141
46.0,34.0,0.0,1907.16,2086.68,50.8413,255.505
46.0,48.0,0.0,1369.01,1576.88,94.0833,330.428
46.0,49.0,0.0,136.916,419.784,1581.72,1918.75
47.0,6.0,0.0,1279.86,1398.61,1.08173,154.543
47.0,34.0,0.0,1980.24,2148.99,48.1731,251.538
47.0,45.0,0.0,1166.63,1407.21,103.413,303.894
47.0,48.0,0.0,1476.14,1687.11,82.5171,325.236
47.0,49.0,0.0,149.44,424.208,1503.89,1919.3
48.0,6.0,0.0,1279.86,1398.61,1.08173,154.543
48.0,34.0,0.0,2049.18,2215.43,39.8077,260.192
48.0,45.0,0.0,1242.11,1501.12,71.5171,302.951
48.0,48.0,0.0,1586.6,1792.08,77.0694,319.966
48.0,49.0,0.0,155.811,422.32,1422.33,1920.0
49.0,34.0,0.0,2115.62,2287.45,45.2885,253.558
49.0,45.0,0.0,1339.46,1578.55,64.6858,306.281
49.0,48.0,0.0,1697.33,1893.79,68.0105,309.488
49.0,49.0,0.0,187.68,423.953,1357.45,1920.0
50.0,6.0,0.0,1287.69,1400.0,3.67788,155.12
50.0,34.0,0.0,2186.01,2352.45,29.8558,249.519
50.0,45.0,0.0,1418.49,1657.72,74.7286,305.26
50.0,48.0,0.0,1799.59,1991.36,68.9028,303.58
50.0,49.0,0.0,196.352,428.763,1290.35,1870.05
51.0,6.0,0.0,1287.69,1400.0,3.67788,155.12
51.0,34.0,0.0,2248.75,2415.87,32.0192,240.865
51.0,45.0,0.0,1514.18,1743.97,68.795,298.652
51.0,48.0,0.0,1902.1,2090.0,61.2604,298.53
51.0,49.0,0.0,205.311,442.799,1223.14,1801.15
52.0,12.0,1.0,1532.51,2122.14,0.0,175.978
52.0,34.0,0.0,2308.12,2467.26,28.2692,237.115
52.0,45.0,0.0,1601.8,1821.36,65.1434,293.435
52.0,48.0,0.0,1998.03,2186.73,56.5824,290.573
52.0,49.0,0.0,225.216,459.45,1166.65,1730.3
53.0,7.0,0.0,1543.08,1669.23,0.0,168.317
53.0,12.0,1.0,1754.9,2476.98,0.0,180.612
53.0,34.0,0.0,2371.92,2538.85,26.1058,228.606
53.0,39.0,0.0,1962.65,2111.28,451.595,772.518
53.0,45.0,0.0,1689.11,1903.69,67.3812,284.052
53.0,48.0,0.0,2093.9,2276.09,52.5037,286.095
53.0,49.0,0.0,256.683,472.892,1117.68,1657.63
54.0,7.0,0.0,1545.48,1663.75,0.0,164.135
54.0,12.0,1.0,1777.03,2262.08,0.0,188.672
54.0,45.0,0.0,1776.75,1978.58,53.6672,280.958
54.0,48.0,0.0,2183.99,2356.52,45.8647,278.091
54.0,49.0,0.0,278.164,495.908,1070.3,1596.19
54.0,52.0,0.0,1096.48,1342.82,89.9778,306.014
55.0,7.0,0.0,1545.29,1663.94,0.0,164.495
55.0,12.0,1.0,1777.03,2262.08,0.0,188.672
55.0,45.0,0.0,1852.31,2058.46,73.5577,270.865
55.0,48.0,0.0,2271.25,2433.37,54.7356,269.784
55.0,49.0,0.0,313.902,509.314,1022.5,1542.01
55.0,52.0,0.0,1211.85,1441.84,83.5013,303.799
56.0,7.0,0.0,1545.19,1664.04,0.0,168.75
56.0,45.0,0.0,1920.52,2135.44,50.6056,272.09
56.0,48.0,0.0,2355.0,2512.69,46.1538,266.538
56.0,49.0,0.0,338.851,526.181,983.902,1483.02
56.0,52.0,0.0,1314.06,1551.55,77.1058,303.068
57.0,6.0,0.0,1286.78,1396.3,1.37019,154.111
57.0,7.0,0.0,1545.19,1664.04,0.0,168.75
57.0,45.0,0.0,2007.67,2202.13,54.7426,274.288
57.0,49.0,0.0,364.273,555.158,948.182,1441.37
57.0,52.0,0.0,1415.89,1651.99,82.3514,303.295
58.0,6.0,0.0,1287.12,1397.5,1.80289,155.553
58.0,12.0,1.0,1814.42,2229.53,1.12586,173.812
58.0,45.0,0.0,2078.65,2284.68,51.236,270.033
58.0,49.0,0.0,385.625,574.194,914.676,1394.09
58.0,52.0,0.0,1526.77,1753.41,67.4273,298.353
58.0,56.0,0.0,1107.97,1353.03,99.9288,323.477
59.0,6.0,0.0,1287.12,1397.5,1.80289,155.553
59.0,7.0,0.0,1537.88,1668.27,0.0,164.279
59.0,12.0,1.0,1769.69,2270.5,0.0,185.718
59.0,45.0,0.0,2158.46,2355.51,46.6743,264.087
59.0,49.0,0.0,405.051,594.774,873.829,1356.53
59.0,52.0,0.0,1634.8,1853.4,68.9137,297.875
59.0,56.0,0.0,1205.75,1434.75,91.092,317.828
60.0,7.0,0.0,1537.88,1668.27,0.0,164.279
60.0,12.0,1.0,1644.25,2173.86,0.0,193.231
60.0,45.0,0.0,2240.72,2417.74,58.774,264.88
60.0,49.0,0.0,415.717,608.146,851.831,1316.61
60.0,52.0,0.0,1731.45,1946.76,57.4395,290.177
60.0,56.0,0.0,1289.73,1518.4,89.9076,315.539
61.0,12.0,1.0,1502.44,2132.86,2.5567,170.503
61.0,45.0,0.0,2311.68,2479.09,54.375,253.702
61.0,49.0,0.0,431.535,627.868,824.069,1286.58
61.0,52.0,0.0,1828.51,2039.61,54.7499,284.103
61.0,56.0,0.0,1376.21,1603.21,86.2919,309.622
62.0,6.0,0.0,1290.82,1399.95,6.41827,154.255
62.0,12.0,1.0,1502.44,2132.86,2.5567,170.503
62.0,45.0,0.0,2383.56,2545.67,23.5096,250.817
62.0,49.0,0.0,455.726,645.913,804.97,1253.36
62.0,52.0,0.0,1928.37,2139.34,48.1213,281.884
62.0,56.0,0.0,1455.57,1676.91,76.8942,307.764
63.0,6.0,0.0,1295.29,1398.56,5.84134,151.659
63.0,49.0,0.0,471.809,660.608,785.952,1223.96
63.0,52.0,0.0,2013.33,2217.53,40.7768,279.791
63.0,56.0,0.0,1545.5,1752.49,70.5831,306.755
64.0,6.0,0.0,1295.29,1398.56,5.84134,151.659
64.0,12.0,1.0,1542.81,2284.18,0.0,187.862
64.0,49.0,0.0,487.699,678.072,765.544,1202.22
64.0,52.0,0.0,2107.08,2309.96,50.7056,279.611
64.0,56.0,0.0,1617.87,1825.98,73.2289,302.918
65.0,7.0,0.0,1543.46,1665.77,0.0,164.639
65.0,12.0,1.0,1580.75,2229.29,0.0,183.772
65.0,49.0,0.0,510.893,693.481,747.609,1183.7
65.0,52.0,0.0,2196.36,2379.83,45.5922,272.772
65.0,56.0,0.0,1706.17,1900.39,56.079,292.597
66.0,7.0,0.0,1545.38,1660.77,0.0,165.505
66.0,12.0,1.0,1593.85,2213.75,0.0,172.517
66.0,49.0,0.0,522.815,707.737,731.02,1161.6
66.0,52.0,0.0,2284.71,2456.83,50.625,268.413
66.0,56.0,0.0,1779.62,1975.14,62.9362,288.073
67.0,6.0,0.0,1297.12,1398.27,8.14904,150.505
67.0,7.0,0.0,1545.38,1660.77,0.0,165.505
67.0,12.0,1.0,1530.0,2122.23,0.0,174.362
67.0,49.0,0.0,538.511,730.471,715.65,1143.61
67.0,52.0,0.0,2358.12,2528.03,48.4615,260.769
67.0,56.0,0.0,1860.19,2035.19,70.3846,276.923
68.0,6.0,0.0,1297.12,1398.27,8.14904,150.505
68.0,7.0,0.0,1541.92,1658.08,0.649037,161.322
68.0,68.0,1.0,1493.57,1970.9,0.0,162.98
68.0,49.0,0.0,556.293,743.852,700.19,1128.57
68.0,56.0,0.0,1941.3,2114.09,56.5385,271.154
68.0,62.0,0.0,1084.61,1300.53,128.735,346.147
69.0,7.0,0.0,1542.55,1663.61,0.216351,160.312
69.0,68.0,1.0,1493.57,1970.9,0.0,162.98
69.0,49.0,0.0,573.034,759.953,689.45,1109.39
69.0,56.0,0.0,2001.83,2179.1,46.1551,269.922
69.0,62.0,0.0,1195.8,1411.27,127.666,337.772
70.0,7.0,0.0,1542.55,1663.61,0.216351,160.312
70.0,49.0,0.0,586.799,772.852,675.721,1090.72
70.0,56.0,0.0,2076.59,2240.34,55.2404,263.798
70.0,62.0,0.0,1309.09,1518.16,121.298,337.757
71.0,49.0,0.0,606.663,788.407,666.706,1084.04
71.0,56.0,0.0,2154.42,2313.27,46.0096,262.933
71.0,62.0,0.0,1411.03,1625.14,101.668,333.102
72.0,6.0,0.0,1291.73,1397.5,11.6827,151.298
72.0,68.0,1.0,1540.48,1877.98,4.07452,133.017
72.0,49.0,0.0,617.644,800.189,659.812,1071.08
72.0,56.0,0.0,2219.23,2374.62,52.7163,256.226
72.0,62.0,0.0,1521.9,1728.43,97.6395,323.933
72.0,12.0,1.0,1827.44,2376.1,0.0,183.89
73.0,6.0,0.0,1291.73,1397.5,11.6827,151.298
73.0,68.0,1.0,1540.48,1877.98,4.07452,133.017
73.0,49.0,0.0,626.022,807.544,654.988,1066.06
73.0,56.0,0.0,2294.95,2437.36,36.6346,245.769
73.0,62.0,0.0,1631.31,1831.45,96.2796,321.471
73.0,12.0,1.0,1799.65,2264.72,1.64395,180.902
74.0,7.0,0.0,1541.83,1652.02,1.44231,168.75
74.0,49.0,0.0,633.529,812.718,648.56,1052.76
74.0,56.0,0.0,2355.29,2509.33,31.8029,234.447
74.0,62.0,0.0,1733.51,1928.16,83.1307,308.928
74.0,12.0,1.0,1799.65,2264.72,1.64395,180.902
75.0,7.0,0.0,1541.83,1652.02,1.44231,168.75
75.0,49.0,0.0,642.816,818.624,643.49,1045.67
75.0,56.0,0.0,2416.68,2558.7,19.7596,240.144
75.0,62.0,0.0,1833.28,2011.51,80.1451,304.349
76.0,7.0,0.0,1543.08,1647.69,4.03846,166.154
76.0,49.0,0.0,643.594,820.955,641.6,1038.76
76.0,62.0,0.0,1929.56,2106.14,62.4789,297.099
76.0,12.0,1.0,1803.24,2456.23,8.49714,181.859
77.0,7.0,0.0,1540.19,1644.42,0.216351,164.639
77.0,49.0,0.0,643.064,821.118,636.863,1037.14
77.0,62.0,0.0,2017.16,2185.91,90.649,287.812
77.0,12.0,1.0,1831.04,2191.12,1.93972,184.154
78.0,7.0,0.0,1540.91,1643.7,1.08173,164.928
78.0,49.0,0.0,644.4,817.567,633.047,1033.47
78.0,60.0,1.0,1775.57,2194.2,515.299,1142.36
78.0,62.0,0.0,2109.04,2272.5,72.1154,281.827
78.0,12.0,1.0,1830.91,2222.44,0.776482,183.838
79.0,7.0,0.0,1541.78,1642.84,1.51442,163.918
79.0,49.0,0.0,641.38,817.446,627.916,1030.3
79.0,60.0,1.0,1796.86,2208.24,487.154,1093.18
79.0,62.0,0.0,2192.5,2349.04,64.4712,278.51
79.0,12.0,1.0,1820.17,2251.85,0.0,180.63
80.0,6.0,0.0,1299.57,1397.36,7.64423,153.606
80.0,7.0,0.0,1541.78,1642.84,1.51442,163.918
80.0,49.0,0.0,641.042,821.548,629.862,1025.95
80.0,60.0,1.0,1810.0,2220.83,457.278,1044.44
80.0,62.0,0.0,2273.32,2422.07,65.6971,269.207
80.0,12.0,1.0,1819.25,2234.16,0.0,179.573
81.0,6.0,0.0,1299.57,1397.36,7.64423,153.606
81.0,49.0,0.0,642.224,826.02,630.189,1026.38
81.0,60.0,1.0,1826.13,2232.62,429.242,1011.7
81.0,62.0,0.0,2349.09,2497.07,66.9231,260.481
81.0,12.0,1.0,1829.56,2211.33,0.7636,182.49
82.0,68.0,1.0,1503.44,1943.5,0.0,164.989
82.0,49.0,0.0,645.659,827.402,629.805,1027.25
82.0,60.0,1.0,1856.34,2239.55,399.023,983.4
82.0,12.0,1.0,1827.97,2202.95,0.0,184.323
83.0,68.0,1.0,1503.44,1943.5,0.0,164.989
83.0,49.0,0.0,642.053,829.245,627.726,1025.71
83.0,60.0,1.0,1866.59,2252.06,377.508,932.002
83.0,12.0,1.0,1818.0,2244.57,0.0,179.035
83.0,71.0,0.0,1140.4,1394.64,124.754,365.173
84.0,49.0,0.0,642.451,827.554,628.172,1023.3
84.0,60.0,1.0,1892.72,2260.31,361.514,887.46
84.0,66.0,3.0,996.114,1459.74,100.886,334.854
84.0,12.0,1.0,1830.12,2229.38,0.0,179.081
84.0,71.0,0.0,1248.85,1489.79,118.871,360.644
85.0,49.0,0.0,642.315,827.87,627.455,1022.1
85.0,60.0,1.0,1913.01,2280.07,337.736,857.935
85.0,66.0,3.0,1061.33,1585.66,100.818,334.415
85.0,12.0,1.0,1834.15,2211.33,0.0,182.458
85.0,71.0,0.0,1248.85,1489.79,118.871,360.644
86.0,49.0,0.0,645.303,829.055,627.781,1023.58
86.0,60.0,1.0,1934.9,2298.52,316.515,818.376
86.0,66.0,3.0,1126.61,1609.41,106.802,326.515
86.0,12.0,1.0,1834.51,2222.24,0.0,182.68
86.0,71.0,0.0,1473.17,1702.21,150.433,343.125
87.0,49.0,0.0,646.79,831.486,629.694,1025.83
87.0,60.0,1.0,1963.65,2313.04,295.271,790.922
87.0,66.0,3.0,1196.74,1699.94,104.445,325.583
87.0,12.0,1.0,1829.24,2221.58,0.0,181.539
87.0,71.0,0.0,1590.68,1800.67,108.017,345.925
88.0,68.0,1.0,1450.76,2184.93,0.0,191.775
88.0,49.0,0.0,648.825,834.788,629.649,1029.48
88.0,60.0,1.0,1984.59,2339.52,282.282,762.332
88.0,66.0,3.0,1271.98,1761.13,94.4579,328.255
88.0,12.0,1.0,1829.24,2221.58,0.0,181.539
88.0,71.0,0.0,1691.84,1901.04,97.8027,335.188
89.0,68.0,1.0,1450.76,2184.93,0.0,191.775
89.0,49.0,0.0,649.648,832.996,629.584,1027.18
89.0,60.0,1.0,2005.82,2358.77,254.015,731.96
89.0,66.0,3.0,1342.69,1829.87,90.0261,327.041
89.0,71.0,0.0,1801.29,1995.32,96.3332,329.469
90.0,49.0,0.0,648.29,830.345,628.784,1026.91
90.0,60.0,1.0,2041.32,2377.07,257.569,691.743
90.0,66.0,3.0,1402.44,1872.82,94.2848,321.72
90.0,12.0,1.0,1816.59,2248.8,1.59274,185.82
90.0,71.0,0.0,1902.17,2086.06,89.1919,332.861
91.0,12.0,1.0,1450.83,2203.88,3.58519,193.475
91.0,49.0,0.0,647.716,830.751,628.903,1027.66
91.0,60.0,1.0,2063.27,2402.49,232.588,668.728
91.0,66.0,3.0,1466.34,1924.19,86.5528,323.106
91.0,12.0,1.0,1816.59,2248.8,1.59274,185.82
91.0,71.0,0.0,1981.97,2138.03,89.9279,313.63
92.0,68.0,1.0,1502.08,2181.74,0.899734,181.829
92.0,49.0,0.0,648.502,830.735,629.782,1025.34
92.0,60.0,1.0,2091.62,2447.73,191.959,649.579
92.0,66.0,3.0,1517.95,1986.36,88.333,314.439
92.0,71.0,0.0,1981.97,2138.03,89.9279,313.63
93.0,68.0,1.0,1543.38,2129.0,5.06293,182.449
93.0,49.0,0.0,647.916,826.754,629.576,1023.84
93.0,60.0,1.0,2127.93,2464.33,194.873,613.742
93.0,66.0,3.0,1586.82,2033.43,78.6658,310.87
94.0,6.0,0.0,1286.92,1393.08,4.47116,152.596
94.0,68.0,1.0,1543.38,2129.0,5.06293,182.449
94.0,49.0,0.0,648.71,829.348,629.127,1024.83
94.0,60.0,1.0,2160.28,2495.04,178.767,588.582
94.0,66.0,3.0,1660.92,2091.12,77.6777,307.738
95.0,6.0,0.0,1286.92,1393.08,4.47116,152.596
95.0,49.0,0.0,647.833,829.71,628.924,1024.53
95.0,60.0,1.0,2185.61,2532.53,174.381,572.51
95.0,66.0,3.0,1707.22,2137.68,79.3514,300.814
96.0,6.0,0.0,1293.41,1395.82,2.30769,154.471
96.0,7.0,0.0,1541.83,1648.94,1.29808,170.192
96.0,49.0,0.0,647.274,829.462,629.589,1027.72
96.0,66.0,3.0,1764.45,2185.12,80.1639,296.47
97.0,6.0,0.0,1302.43,1394.5,2.59616,154.471
97.0,7.0,0.0,1541.83,1648.94,1.29808,170.192
97.0,49.0,0.0,647.116,830.017,630.071,1028.39
97.0,66.0,3.0,1804.75,2241.49,78.9475,292.368
97.0,72.0,3.0,1705.53,2174.85,635.931,1018.58
97.0,73.0,3.0,980.564,1520.45,118.2,363.389
98.0,6.0,0.0,1302.43,1394.5,2.59616,154.471
98.0,49.0,0.0,647.835,829.047,630.08,1026.46
98.0,66.0,3.0,1865.76,2281.61,70.6059,291.744
98.0,72.0,3.0,1719.51,2189.06,611.352,981.87
98.0,73.0,3.0,1061.13,1602.08,116.733,359.11
99.0,49.0,0.0,649.081,826.875,629.562,1023.92
99.0,66.0,3.0,1910.72,2328.7,68.4952,280.514
99.0,72.0,3.0,1760.41,2206.01,579.575,962.228
99.0,73.0,3.0,1131.5,1671.65,112.111,355.066
100.0,49.0,0.0,649.265,826.15,629.982,1025.83
100.0,66.0,3.0,1964.1,2376.83,64.9262,279.235
100.0,72.0,3.0,1780.58,2226.76,552.077,916.494
100.0,73.0,3.0,1222.33,1741.19,110.329,354.234
101.0,49.0,0.0,648.678,827.037,629.257,1025.4
101.0,66.0,3.0,2011.55,2414.83,61.1835,275.414
101.0,72.0,3.0,1805.49,2233.83,535.205,888.842
101.0,73.0,3.0,1289.63,1810.78,106.176,347.571
102.0,6.0,0.0,1296.49,1398.89,2.8125,156.418
102.0,49.0,0.0,648.09,830.233,629.392,1026.07
102.0,66.0,3.0,2053.37,2456.99,53.9153,275.243
102.0,72.0,3.0,1818.76,2253.05,509.542,860.77
102.0,73.0,3.0,1373.19,1872.05,106.669,348.212
103.0,6.0,0.0,1300.38,1398.08,3.60577,153.894
103.0,49.0,0.0,648.336,831.729,631.018,1026.97
103.0,66.0,3.0,2096.44,2495.99,51.6274,272.577
103.0,72.0,3.0,1845.21,2267.22,487.366,832.642
103.0,73.0,3.0,1442.81,1933.46,107.821,342.247
104.0,6.0,0.0,1301.32,1398.68,6.41827,152.957
104.0,68.0,1.0,1493.62,2160.79,4.1841,181.744
104.0,49.0,0.0,649.931,834.627,631.423,1027.71
104.0,66.0,3.0,2147.96,2525.05,53.0127,268.633
104.0,72.0,3.0,1875.97,2283.75,472.805,809.919
104.0,73.0,3.0,1511.99,2003.9,110.409,338.233
104.0,78.0,0.0,1062.45,1309.58,135.361,363.764
105.0,6.0,0.0,1300.79,1397.67,5.69712,153.534
105.0,68.0,1.0,1532.75,2120.66,5.27945,187.761
105.0,49.0,0.0,649.218,832.611,630.535,1027.5
105.0,66.0,3.0,2193.99,2552.85,51.1675,256.989
105.0,72.0,3.0,1897.9,2300.64,451.795,781.662
105.0,73.0,3.0,1582.08,2055.75,111.117,335.875
105.0,78.0,0.0,1153.68,1380.79,129.986,357.388
106.0,6.0,0.0,1307.64,1395.43,8.83413,154.724
106.0,7.0,0.0,1506.75,1600.94,12.1154,170.048
106.0,68.0,1.0,1532.75,2120.66,5.27945,187.761
106.0,49.0,0.0,648.236,831.361,630.438,1026.92
106.0,66.0,3.0,2239.67,2557.14,44.6733,257.574
106.0,72.0,3.0,1920.89,2317.96,432.683,759.584
106.0,73.0,3.0,1646.98,2119.87,95.9999,329.683
106.0,78.0,0.0,1237.06,1463.57,137.824,358.229
107.0,6.0,0.0,1301.83,1388.94,8.22115,150.577
107.0,7.0,0.0,1506.75,1600.94,12.1154,170.048
107.0,49.0,0.0,649.282,831.96,630.462,1023.52
107.0,66.0,3.0,2276.63,2560.0,41.3221,244.832
107.0,72.0,3.0,1936.69,2336.34,414.228,733.128
107.0,73.0,3.0,1704.34,2178.82,96.0688,322.451
107.0,78.0,0.0,1322.68,1540.53,124.249,353.995
108.0,6.0,0.0,1299.11,1388.58,10.7452,150.938
108.0,49.0,0.0,649.086,831.051,629.789,1023.76
108.0,66.0,3.0,2319.62,2560.0,39.0144,235.312
108.0,72.0,3.0,1966.31,2349.24,394.44,709.663
108.0,73.0,3.0,1765.22,2223.34,90.9738,320.249
108.0,78.0,0.0,1402.4,1625.93,125.812,348.924
109.0,6.0,0.0,1295.34,1384.66,11.5024,150.325
109.0,7.0,0.0,1448.08,1570.38,12.2596,176.971
109.0,68.0,1.0,1530.77,2132.33,0.0,159.766
109.0,49.0,0.0,648.186,830.775,629.147,1024.13
109.0,66.0,3.0,2357.5,2559.42,28.3414,228.966
109.0,72.0,3.0,1991.84,2365.82,381.063,689.624
109.0,73.0,3.0,1824.65,2265.54,84.1735,312.053
109.0,78.0,0.0,1488.31,1701.16,124.077,340.219
110.0,6.0,0.0,1290.89,1379.88,11.7548,148.63
110.0,7.0,0.0,1425.43,1540.72,17.4519,173.654
110.0,68.0,1.0,1530.77,2132.33,0.0,159.766
110.0,49.0,0.0,647.006,831.161,628.403,1023.24
110.0,66.0,3.0,2393.56,2560.0,26.8269,228.75
110.0,12.0,1.0,1756.04,2267.36,8.55081,172.686
110.0,73.0,3.0,1879.74,2315.54,77.7208,307.136
110.0,78.0,0.0,1565.21,1777.65,118.065,336.648
111.0,6.0,0.0,1279.9,1370.87,12.3678,153.786
111.0,7.0,0.0,1407.79,1519.9,14.351,175.889
111.0,49.0,0.0,647.141,831.387,629.571,1024.46
111.0,12.0,1.0,1746.12,2275.21,9.75605,170.678
111.0,73.0,3.0,1936.85,2344.48,75.2177,303.014
111.0,78.0,0.0,1649.16,1857.27,117.473,334.461
112.0,7.0,0.0,1388.32,1493.22,17.0192,187.356
112.0,49.0,0.0,648.002,831.799,629.687,1024.57
112.0,12.0,1.0,1746.12,2275.21,9.75605,170.678
112.0,73.0,3.0,1976.71,2373.63,74.7158,301.016
112.0,78.0,0.0,1733.73,1926.82,93.948,332.67
113.0,7.0,0.0,1366.2,1470.72,14.8558,191.394
113.0,49.0,0.0,647.516,831.672,630.343,1024.22
113.0,12.0,1.0,1743.36,2348.9,1.9746,195.988
113.0,73.0,3.0,2026.97,2415.98,71.6678,292.321
113.0,78.0,0.0,1812.5,1998.79,96.5634,334.878
114.0,7.0,0.0,1340.1,1447.6,34.4712,195.721
114.0,49.0,0.0,647.79,830.87,630.857,1023.87
114.0,12.0,1.0,1753.78,2326.95,3.58696,194.36
114.0,73.0,3.0,2046.58,2459.97,54.0732,292.984
114.0,78.0,0.0,1885.67,2080.48,141.779,320.625
115.0,7.0,0.0,1318.8,1422.74,29.4952,209.207
115.0,49.0,0.0,647.745,831.227,629.597,1022.66
115.0,12.0,1.0,1745.64,2512.04,0.0,195.823
115.0,73.0,3.0,2099.16,2486.13,54.062,290.067
115.0,78.0,0.0,1973.24,2148.1,72.3042,318.244
116.0,7.0,0.0,1297.07,1402.93,43.9904,209.712
116.0,49.0,0.0,648.294,830.883,629.816,1022.92
116.0,12.0,1.0,1733.0,2530.91,9.22648,197.593
116.0,73.0,3.0,2153.24,2532.73,49.4335,289.976
116.0,78.0,0.0,2037.16,2219.75,78.7943,320.213
117.0,7.0,0.0,1269.13,1378.56,39.0144,211.37
117.0,49.0,0.0,647.607,830.464,629.948,1025.51
117.0,12.0,1.0,1733.0,2530.91,9.22648,197.593
117.0,73.0,3.0,2158.37,2551.58,48.7312,281.873
117.0,78.0,0.0,2109.45,2298.71,74.2029,317.218
118.0,7.0,0.0,1249.81,1354.81,29.6394,219.303
118.0,12.0,1.0,1719.78,2122.86,1.90523,200.181
118.0,49.0,0.0,648.817,829.41,632.526,1026.02
118.0,73.0,3.0,2214.33,2557.09,50.7011,273.03
118.0,75.0,3.0,1925.09,2318.93,444.156,762.667
118.0,78.0,0.0,2185.48,2331.44,74.6394,303.534
119.0,12.0,1.0,1719.78,2122.86,1.90523,200.181
119.0,49.0,0.0,649.391,830.206,629.17,1027.15
119.0,73.0,3.0,2233.68,2553.63,48.0039,275.772
119.0,75.0,3.0,1951.26,2272.89,422.897,735.888
119.0,78.0,0.0,2259.04,2420.96,93.2452,289.543
120.0,12.0,1.0,1688.54,2115.24,1.14579,210.899
120.0,49.0,0.0,647.412,830.984,631.385,1028.06
120.0,73.0,3.0,2297.06,2548.34,40.8518,270.373
120.0,75.0,3.0,1970.42,2289.16,406.46,716.901
120.0,78.0,0.0,2341.15,2458.85,85.8173,257.452
121.0,12.0,1.0,1639.73,2188.66,0.0,215.855
121.0,49.0,0.0,646.13,830.511,631.346,1028.7
121.0,73.0,3.0,2326.54,2559.62,37.7164,237.62
121.0,75.0,3.0,1979.67,2318.6,391.719,689.62
121.0,78.0,0.0,2341.15,2458.85,85.8173,257.452
122.0,12.0,1.0,1582.99,2089.65,0.0,216.524
122.0,49.0,0.0,647.99,829.335,631.898,1026.98
122.0,73.0,3.0,2352.75,2558.53,19.1163,247.854
122.0,75.0,3.0,2001.5,2359.57,374.513,675.118
123.0,12.0,1.0,1596.41,2087.89,0.0,216.968
123.0,49.0,0.0,646.207,828.439,630.823,1026.38
123.0,73.0,3.0,2391.01,2559.76,28.0529,231.562
123.0,75.0,3.0,2019.32,2373.99,357.323,643.882
123.0,81.0,3.0,894.117,1542.65,116.966,348.491
124.0,12.0,1.0,1598.49,2076.19,0.0,218.982
124.0,49.0,0.0,646.413,828.69,631.43,1026.03
124.0,73.0,3.0,2417.88,2560.0,19.8317,230.409
124.0,75.0,3.0,2042.63,2393.26,341.61,629.923
124.0,81.0,3.0,985.169,1609.01,114.574,346.863
125.0,12.0,1.0,1598.49,2076.19,0.0,218.982
125.0,49.0,0.0,646.007,828.507,631.334,1026.17
125.0,81.0,3.0,1043.72,1673.22,116.058,341.201
126.0,12.0,1.0,1512.15,2118.72,0.0,222.927
126.0,49.0,0.0,643.734,830.744,631.475,1026.94
126.0,81.0,3.0,1124.83,1734.97,111.868,341.059
127.0,12.0,1.0,1512.15,2118.72,0.0,222.927
127.0,49.0,0.0,645.664,829.775,631.031,1026.35
127.0,81.0,3.0,1187.61,1800.14,114.149,337.785
128.0,49.0,0.0,646.703,829.649,630.805,1026.8
128.0,81.0,3.0,1254.36,1850.66,98.6667,332.606
129.0,49.0,0.0,646.641,829.855,630.231,1027.78
129.0,81.0,3.0,1308.4,1920.02,112.324,335.361
130.0,49.0,0.0,646.767,829.489,629.863,1025.71
130.0,81.0,3.0,1386.53,1946.15,91.3402,329.487
131.0,49.0,0.0,647.855,829.687,630.407,1024.96
131.0,81.0,3.0,1436.46,2009.21,116.835,331.065
132.0,49.0,0.0,650.82,832.386,629.829,1023.99
132.0,81.0,3.0,1504.63,2060.03,96.7464,323.821
132.0,12.0,1.0,1398.02,2183.56,10.1427,208.733
133.0,49.0,0.0,646.425,828.702,630.046,1025.22
133.0,81.0,3.0,1542.15,2106.84,94.5441,317.308
133.0,12.0,1.0,1414.55,2174.25,1.29929,243.181
134.0,49.0,0.0,643.6,833.509,630.408,1026.36
134.0,81.0,3.0,1612.78,2151.88,95.4472,317.614
134.0,12.0,5.0,1398.35,2193.92,5.46762,246.179
135.0,49.0,0.0,644.476,833.691,629.898,1026.43
135.0,81.0,3.0,1655.68,2190.85,91.8675,310.991
135.0,12.0,1.0,1369.98,2124.13,0.0,264.206
136.0,49.0,0.0,647.243,832.798,629.685,1025.49
136.0,81.0,3.0,1717.04,2239.2,85.2606,307.156
136.0,12.0,5.0,1348.62,2148.86,0.0,264.708
137.0,49.0,0.0,649.545,833.925,628.827,1026.23
137.0,81.0,3.0,1747.17,2269.85,87.1325,299.488
137.0,12.0,5.0,1342.41,2103.59,0.0,263.954
138.0,49.0,0.0,649.067,833.673,629.694,1027.09
138.0,81.0,3.0,1793.14,2313.14,85.8744,297.79
138.0,12.0,1.0,1310.0,2346.25,12.2446,251.127
139.0,49.0,0.0,648.163,832.094,629.269,1027.59
139.0,81.0,3.0,1840.49,2345.73,80.878,294.039
139.0,12.0,1.0,1306.07,2112.99,4.14512,262.17
140.0,12.0,1.0,1281.84,1904.17,0.0,278.19
140.0,49.0,0.0,646.862,829.094,629.113,1026.37
140.0,81.0,3.0,1877.09,2383.99,68.1613,293.689
140.0,12.0,1.0,1306.07,2112.99,4.14512,262.17
141.0,12.0,1.0,1262.95,1905.34,9.39189,291.233
141.0,49.0,0.0,647.285,830.053,629.816,1027.07
141.0,81.0,3.0,1937.8,2406.98,74.7532,292.516
142.0,12.0,1.0,1253.77,1838.82,10.2788,290.713
142.0,49.0,0.0,646.907,830.659,629.955,1027.5
142.0,81.0,3.0,1953.78,2445.21,66.3065,287.04
142.0,95.0,1.0,1769.91,2289.97,0.0,200.251
143.0,12.0,1.0,1227.61,1800.5,6.35715,295.764
143.0,49.0,0.0,649.391,830.206,629.319,1024.69
143.0,81.0,3.0,1995.81,2467.49,63.558,281.002
143.0,87.0,3.0,1833.41,2240.54,506.501,844.851
143.0,95.0,1.0,1767.58,2309.05,1.40237,193.296
144.0,12.0,1.0,1197.73,1831.86,0.945296,300.597
144.0,49.0,0.0,649.225,829.291,628.901,1024.51
144.0,81.0,3.0,2023.27,2496.5,61.9045,276.396
144.0,87.0,3.0,1852.88,2247.15,487.756,817.785
144.0,95.0,1.0,1754.55,2265.49,3.64451,203.695
145.0,12.0,1.0,1175.35,1797.21,3.17754,300.316
145.0,49.0,0.0,649.11,830.499,628.574,1023.46
145.0,81.0,3.0,2069.6,2523.78,61.2432,274.118
145.0,87.0,3.0,1869.96,2253.83,469.746,801.471
145.0,95.0,1.0,1744.05,2236.62,1.90656,203.92
146.0,12.0,1.0,1159.71,1716.6,4.52604,304.142
146.0,49.0,0.0,649.051,831.194,628.463,1023.4
146.0,81.0,3.0,2103.94,2541.69,63.5395,271.255
146.0,87.0,3.0,1886.91,2266.12,452.981,776.429
146.0,95.0,1.0,1729.82,2238.7,0.0,203.243
147.0,12.0,1.0,1139.21,1725.97,2.07652,312.83
147.0,49.0,0.0,648.059,829.892,628.348,1023.43
147.0,81.0,3.0,2137.82,2558.49,60.5199,269.15
147.0,87.0,3.0,1903.46,2285.17,423.71,750.532
147.0,95.0,1.0,1697.1,2175.04,1.10468,202.576
148.0,12.0,1.0,1100.02,1705.56,0.0,316.724
148.0,49.0,0.0,646.668,830.105,629.006,1023.31
148.0,81.0,3.0,2180.71,2552.59,55.2302,264.472
148.0,87.0,3.0,1922.29,2290.55,411.251,727.013
148.0,95.0,1.0,1690.04,2135.11,2.93634,202.718
