2.0,2.0,3.0,605.732,1119.02,816.898,1272.07
2.0,4.0,0.0,1604.81,1718.27,0.0,171.058
2.0,5.0,3.0,1886.15,2212.31,0.0,164.639
2.0,7.0,0.0,1754.13,1861.25,2.63221,132.368
3.0,2.0,3.0,607.582,1120.37,816.935,1272.66
3.0,4.0,0.0,1602.55,1720.53,0.0,170.337
3.0,5.0,3.0,1884.62,2213.85,0.0,165.072
3.0,7.0,0.0,1743.56,1847.21,1.47836,139.291
4.0,2.0,3.0,608.659,1116.34,819.105,1271.28
4.0,4.0,0.0,1602.69,1717.31,0.0,169.76
4.0,5.0,3.0,1884.62,2213.85,0.0,165.0
4.0,7.0,0.0,1729.33,1833.75,2.23557,137.812
4.0,10.0,3.0,1360.58,1667.12,0.0721121,158.149
5.0,2.0,3.0,608.034,1119.07,818.882,1271.06
5.0,4.0,0.0,1603.46,1716.54,0.0,170.625
5.0,5.0,3.0,1884.9,2213.56,0.0,164.495
5.0,7.0,0.0,1729.33,1833.75,2.23557,137.812
5.0,10.0,3.0,1359.71,1669.52,1.15385,157.212
6.0,2.0,3.0,598.808,1119.42,821.002,1271.31
6.0,4.0,0.0,1605.53,1723.7,0.793269,174.159
6.0,5.0,3.0,1885.0,2210.38,0.0,166.01
6.0,10.0,3.0,1348.52,1760.65,0.0,162.28
7.0,2.0,3.0,599.452,1119.93,820.946,1274.34
7.0,4.0,0.0,1603.46,1728.85,1.80288,174.159
7.0,5.0,3.0,1885.0,2210.38,0.0,165.793
7.0,10.0,3.0,1344.19,1765.68,0.0,162.203
8.0,2.0,3.0,605.502,1118.79,819.252,1274.98
8.0,4.0,0.0,1601.63,1727.6,3.53366,172.716
8.0,5.0,3.0,1885.77,2209.62,0.0,164.784
8.0,10.0,3.0,1344.89,1759.44,0.0,162.728
9.0,2.0,3.0,604.411,1118.95,818.537,1273.04
9.0,4.0,0.0,1599.47,1723.61,0.288463,171.346
9.0,5.0,3.0,1886.92,2208.46,0.0,165.361
9.0,10.0,3.0,1344.89,1759.44,0.0,162.728
10.0,2.0,3.0,606.088,1118.88,817.768,1273.38
10.0,4.0,0.0,1600.34,1719.66,1.875,171.202
10.0,5.0,3.0,1887.12,2202.12,0.0,165.433
10.0,6.0,3.0,1005.47,1515.16,97.1237,338.423
11.0,2.0,3.0,606.03,1119.32,817.535,1272.59
11.0,4.0,0.0,1596.44,1729.71,0.0,168.894
11.0,5.0,3.0,1884.13,2189.71,0.504806,164.639
11.0,6.0,3.0,1113.09,1623.22,91.9797,333.11
12.0,2.0,3.0,604.788,1118.83,817.346,1273.52
12.0,4.0,0.0,1598.89,1718.03,2.37981,169.976
12.0,5.0,3.0,1881.92,2188.85,0.216351,164.639
12.0,6.0,3.0,1239.33,1734.55,90.0081,330.763
13.0,2.0,3.0,604.445,1119.74,817.046,1274.22
13.0,4.0,0.0,1598.89,1718.03,2.37981,169.976
13.0,5.0,3.0,1882.21,2182.4,0.576918,165.144
13.0,6.0,3.0,1345.58,1830.93,86.485,324.37
13.0,20.0,3.0,2416.78,2560.0,0.0,57.3678
14.0,2.0,3.0,602.763,1118.56,817.682,1273.29
14.0,5.0,3.0,1884.9,2182.79,0.144231,161.394
14.0,6.0,3.0,1459.93,1931.09,92.614,320.911
14.0,20.0,3.0,2418.56,2560.0,0.0,53.9243
15.0,2.0,3.0,599.546,1121.3,817.029,1270.75
15.0,5.0,3.0,1890.58,2201.73,0.288455,159.231
15.0,6.0,3.0,1573.09,2038.79,80.2814,306.305
15.0,20.0,3.0,2418.51,2560.0,0.0,54.1406
16.0,2.0,3.0,602.474,1119.92,817.209,1271.93
16.0,5.0,3.0,1886.63,2196.44,1.83894,97.0312
16.0,6.0,3.0,1677.21,2135.3,72.9582,300.81
16.0,20.0,3.0,2419.62,2560.0,0.0,55.1142
17.0,2.0,3.0,604.304,1119.1,817.609,1272.44
17.0,4.0,0.0,1600.24,1722.84,0.0,170.048
17.0,5.0,3.0,1895.29,2200.1,0.9375,95.2644
17.0,6.0,3.0,1779.91,2238.78,68.6968,290.403
17.0,10.0,1.0,1322.96,1752.25,0.0,166.002
17.0,20.0,3.0,2416.97,2560.0,0.0,56.232
18.0,2.0,3.0,603.539,1119.21,816.469,1273.31
18.0,4.0,0.0,1598.22,1727.93,0.360575,169.688
18.0,5.0,3.0,1882.98,2221.63,1.83894,126.31
18.0,6.0,3.0,1885.89,2327.67,61.5931,285.448
18.0,10.0,1.0,1330.17,1758.57,0.0,170.405
18.0,20.0,3.0,2416.97,2560.0,0.0,56.232
19.0,2.0,3.0,605.685,1119.35,815.925,1273.43
19.0,4.0,0.0,1595.38,1727.69,0.0,167.885
19.0,5.0,3.0,1884.9,2219.71,0.0,161.394
19.0,6.0,3.0,1979.06,2399.34,51.3802,280.711
19.0,10.0,1.0,1330.17,1758.57,0.0,170.405
20.0,2.0,3.0,602.827,1120.39,818.76,1273.15
20.0,4.0,0.0,1594.28,1731.88,0.0,168.101
20.0,5.0,3.0,1883.85,2214.62,0.432694,162.692
20.0,6.0,3.0,2046.99,2473.04,49.4012,275.122
20.0,10.0,1.0,1304.34,1758.29,0.0,166.942
21.0,2.0,3.0,601.476,1119.3,819.763,1274.49
21.0,4.0,0.0,1599.38,1723.7,0.0,170.337
21.0,5.0,3.0,1883.08,2209.23,0.649037,167.524
21.0,6.0,3.0,2149.2,2557.88,46.0768,271.192
21.0,10.0,1.0,1304.34,1758.29,0.0,166.942
21.0,19.0,0.0,1136.54,1382.91,115.624,345.089
22.0,2.0,3.0,598.902,1120.27,820.022,1274.08
22.0,4.0,0.0,1601.92,1721.15,0.0,171.995
22.0,5.0,3.0,1888.94,2206.44,0.793269,165.072
22.0,6.0,3.0,2242.95,2554.12,44.0759,259.539
22.0,19.0,0.0,1238.23,1483.73,121.512,343.321
23.0,2.0,3.0,599.475,1119.32,820.032,1273.32
23.0,4.0,0.0,1599.76,1720.24,0.0,171.346
23.0,5.0,3.0,1885.58,2197.5,0.0,166.082
23.0,6.0,3.0,2328.08,2560.0,38.4375,241.803
23.0,19.0,0.0,1343.48,1584.27,116.82,341.025
24.0,2.0,3.0,599.73,1116.79,820.607,1274.22
24.0,4.0,0.0,1602.07,1721.01,0.0,173.365
24.0,5.0,3.0,1880.38,2184.23,0.0,166.659
24.0,6.0,5.0,2398.28,2560.0,0.0,252.979
24.0,19.0,0.0,1443.46,1688.85,134.784,335.12
24.0,25.0,0.0,1098.08,1353.38,120.209,356.438
25.0,2.0,3.0,601.683,1119.76,817.739,1272.24
25.0,4.0,0.0,1602.07,1721.01,0.0,173.365
25.0,5.0,3.0,1882.02,2204.13,0.0721121,163.774
25.0,6.0,5.0,2398.28,2560.0,0.0,252.979
25.0,20.0,3.0,2415.62,2560.0,0.0,55.4567
25.0,19.0,0.0,1551.56,1771.57,98.122,331.144
25.0,25.0,0.0,1221.42,1458.16,113.071,349.878
26.0,2.0,3.0,602.654,1119.59,817.778,1273.39
26.0,4.0,0.0,1606.63,1771.83,0.432694,176.683
26.0,5.0,3.0,1879.13,2207.02,0.0,166.226
26.0,10.0,3.0,1318.05,1747.25,0.0,194.757
26.0,20.0,3.0,2415.62,2560.0,0.0,55.4567
26.0,19.0,0.0,1647.3,1860.49,93.7066,326.842
26.0,25.0,0.0,1334.38,1562.66,117.177,349.687
27.0,2.0,3.0,601.381,1118.57,817.602,1275.33
27.0,4.0,0.0,1598.94,1724.13,2.09134,176.178
27.0,5.0,3.0,1880.1,2206.06,0.0,163.053
27.0,10.0,3.0,1318.05,1747.25,0.0,194.757
27.0,20.0,3.0,2413.8,2560.0,0.0,53.6538
27.0,19.0,0.0,1735.19,1954.7,98.3886,318.364
27.0,25.0,0.0,1441.51,1663.79,115.391,347.391
28.0,2.0,3.0,603.065,1118.74,817.805,1275.09
28.0,4.0,0.0,1596.39,1726.68,0.0,172.716
28.0,5.0,3.0,1885.19,2219.42,0.360575,159.736
28.0,10.0,3.0,1356.73,1664.81,3.46154,152.452
28.0,20.0,3.0,2417.88,2560.0,0.0,55.006
28.0,19.0,0.0,1827.98,2046.17,98.7284,316.247
28.0,25.0,0.0,1540.62,1763.15,118.747,336.478
29.0,2.0,3.0,606.503,1117.54,816.734,1275.14
29.0,4.0,0.0,1602.88,1720.19,0.0,170.769
29.0,5.0,3.0,1876.54,2209.62,0.649037,133.053
29.0,10.0,3.0,1357.6,1670.1,4.32693,153.029
29.0,20.0,3.0,2413.8,2560.0,0.0,53.9603
29.0,19.0,0.0,1931.85,2129.07,88.4294,308.404
29.0,25.0,0.0,1647.6,1850.93,98.4816,330.538
30.0,2.0,3.0,602.67,1115.71,818.425,1275.49
30.0,4.0,0.0,1606.68,1716.39,0.0,175.457
30.0,5.0,3.0,1872.98,2200.87,2.59615,162.548
30.0,10.0,1.0,1298.67,1755.95,0.0,167.712
30.0,20.0,3.0,2415.34,2560.0,0.0,57.9627
30.0,19.0,0.0,2009.55,2215.6,90.2867,305.376
30.0,25.0,0.0,1738.94,1941.35,98.807,330.58
31.0,2.0,3.0,600.499,1114.29,819.83,1275.0
31.0,4.0,0.0,1602.69,1720.38,0.0,172.572
31.0,5.0,3.0,1877.21,2208.94,1.44231,156.923
31.0,10.0,1.0,1298.67,1755.95,0.0,167.712
31.0,20.0,3.0,2414.09,2560.0,0.0,58.6118
31.0,19.0,0.0,2093.77,2296.73,90.1824,301.009
31.0,25.0,0.0,1826.05,2040.13,94.255,325.576
32.0,2.0,3.0,601.572,1115.86,817.98,1275.26
32.0,4.0,0.0,1602.4,1720.67,0.216351,171.274
32.0,5.0,3.0,1879.42,2215.96,0.0,168.966
32.0,10.0,1.0,1291.77,1785.54,0.0,160.493
32.0,20.0,3.0,2414.09,2560.0,0.0,58.6118
32.0,19.0,0.0,2182.23,2374.66,77.5494,299.575
32.0,25.0,0.0,1926.49,2122.85,68.4981,315.521
33.0,2.0,3.0,604.992,1115.78,816.197,1275.83
33.0,4.0,0.0,1601.78,1721.3,0.0,169.255
33.0,5.0,3.0,1877.88,2217.5,2.74038,161.394
33.0,10.0,1.0,1291.77,1785.54,0.0,160.493
33.0,19.0,0.0,2261.45,2455.57,62.138,296.643
33.0,25.0,0.0,2012.32,2198.94,71.4284,311.027
34.0,2.0,3.0,607.469,1115.65,815.504,1275.59
34.0,4.0,0.0,1603.17,1722.98,0.0,169.976
34.0,5.0,3.0,1876.63,2218.75,0.432694,161.106
34.0,10.0,3.0,1312.0,1768.69,0.0,159.301
34.0,19.0,0.0,2340.66,2533.94,52.7961,298.196
34.0,25.0,0.0,2090.87,2279.81,76.3266,309.234
35.0,2.0,3.0,604.698,1118.49,816.104,1276.98
35.0,4.0,0.0,1605.67,1726.63,0.0,169.255
35.0,5.0,3.0,1858.62,2241.83,0.0,175.292
35.0,10.0,3.0,1312.0,1768.69,0.0,159.301
35.0,25.0,0.0,2172.22,2345.9,64.9138,305.215
36.0,2.0,3.0,603.34,1117.51,816.596,1276.79
36.0,4.0,0.0,1605.0,1724.23,0.0,170.769
36.0,5.0,3.0,1859.51,2228.95,0.0,176.147
36.0,25.0,0.0,2249.28,2412.26,81.1298,298.774
37.0,2.0,3.0,603.85,1115.76,817.036,1278.47
37.0,4.0,0.0,1604.04,1719.04,0.0,172.212
37.0,5.0,3.0,1876.92,2200.0,0.721149,163.702
37.0,25.0,0.0,2322.88,2464.81,69.0144,282.332
37.0,33.0,0.0,48.722,306.969,1554.47,1920.0
38.0,2.0,3.0,601.335,1114.87,818.02,1276.98
38.0,4.0,0.0,1606.35,1719.81,0.0,171.923
38.0,5.0,3.0,1876.92,2200.0,0.9375,162.188
38.0,33.0,0.0,83.6032,348.039,1510.6,1920.0
39.0,2.0,3.0,602.276,1115.06,817.586,1278.01
39.0,4.0,0.0,1605.53,1720.62,0.0,171.779
39.0,5.0,3.0,1879.04,2204.04,0.144231,162.548
39.0,33.0,0.0,115.199,358.2,1469.86,1919.24
40.0,2.0,3.0,602.756,1116.42,816.342,1278.79
40.0,4.0,0.0,1605.29,1720.87,0.0,171.851
40.0,5.0,3.0,1877.31,2205.77,0.0,162.62
40.0,20.0,3.0,2416.49,2560.0,0.0,54.8257
40.0,33.0,0.0,145.828,382.911,1438.83,1917.31
41.0,2.0,3.0,605.542,1113.84,816.433,1279.79
41.0,4.0,0.0,1603.75,1722.4,0.0,170.409
41.0,5.0,3.0,1881.92,2207.31,0.0,164.784
41.0,10.0,3.0,1313.38,1760.57,0.0,162.486
41.0,20.0,3.0,2414.42,2560.0,0.0,58.3954
41.0,33.0,0.0,166.183,393.155,1396.31,1920.0
42.0,2.0,3.0,603.461,1115.37,816.818,1279.15
42.0,4.0,0.0,1606.54,1719.62,1.51443,170.409
42.0,5.0,3.0,1880.19,2202.88,0.0,165.072
42.0,10.0,3.0,1309.36,1750.72,0.0,162.865
42.0,20.0,3.0,2417.16,2560.0,0.0,60.8474
42.0,33.0,0.0,197.391,439.504,1368.14,1920.0
43.0,2.0,3.0,604.481,1115.77,817.018,1278.11
43.0,4.0,0.0,1603.32,1719.76,0.0,171.274
43.0,5.0,3.0,1881.06,2202.02,0.0721121,164.351
43.0,10.0,3.0,1307.33,1751.36,0.0,160.057
43.0,20.0,3.0,2416.83,2560.0,0.0,58.9363
43.0,33.0,0.0,221.445,448.819,1332.9,1902.08
44.0,2.0,3.0,600.59,1115.38,819.763,1277.16
44.0,4.0,0.0,1605.0,1718.08,0.0,170.769
44.0,5.0,3.0,1879.33,2200.67,0.0,163.702
44.0,10.0,3.0,1307.33,1751.36,0.0,160.057
44.0,20.0,3.0,2418.99,2560.0,0.0,56.863
44.0,33.0,0.0,257.346,481.619,1311.32,1868.68
45.0,2.0,3.0,603.578,1114.99,818.472,1278.11
45.0,4.0,0.0,1607.21,1715.87,0.0,170.841
45.0,5.0,3.0,1877.5,2202.5,0.0,164.856
45.0,20.0,3.0,2418.99,2560.0,0.0,56.863
45.0,33.0,0.0,266.121,507.319,1280.69,1834.66
46.0,2.0,3.0,604.427,1113.72,816.564,1278.79
46.0,4.0,0.0,1605.62,1717.45,0.793269,169.832
46.0,5.0,3.0,1876.44,2197.4,0.0,164.712
46.0,33.0,0.0,301.542,527.05,1261.41,1790.13
47.0,2.0,3.0,600.405,1116.58,820.885,1278.39
47.0,4.0,0.0,1606.49,1713.51,1.22596,170.553
47.0,5.0,3.0,1875.0,2201.92,0.216351,164.639
47.0,33.0,0.0,318.775,544.283,1231.04,1761.18
47.0,35.0,3.0,931.823,1461.04,115.584,351.791
48.0,2.0,3.0,604.843,1115.63,821.016,1279.64
48.0,4.0,0.0,1602.69,1714.23,0.0,171.13
48.0,5.0,3.0,1872.79,2194.9,0.0,163.413
48.0,33.0,0.0,339.107,558.747,1202.2,1733.52
48.0,35.0,3.0,1048.04,1566.01,109.224,350.686
49.0,2.0,3.0,606.427,1114.6,819.065,1278.36
49.0,4.0,0.0,1600.91,1722.16,0.0,171.562
49.0,5.0,3.0,1857.95,2237.16,0.0,170.639
49.0,33.0,0.0,357.654,562.181,1180.36,1704.71
49.0,35.0,3.0,1159.27,1677.5,105.641,345.165
50.0,2.0,3.0,605.59,1114.88,818.951,1279.82
50.0,4.0,0.0,1600.91,1722.16,0.0,171.562
50.0,5.0,3.0,1872.69,2207.31,0.0,161.394
50.0,33.0,0.0,365.381,562.073,1168.91,1679.12
50.0,35.0,3.0,1267.84,1772.27,106.281,343.383
50.0,39.0,1.0,1592.08,2241.18,601.429,1517.09
51.0,2.0,3.0,601.827,1116.24,820.718,1276.66
51.0,5.0,3.0,1879.42,2194.42,1.37019,161.466
51.0,20.0,3.0,2419.38,2560.0,0.0,60.2704
51.0,33.0,0.0,372.044,565.367,1141.37,1645.02
51.0,35.0,3.0,1379.54,1869.59,104.814,343.338
51.0,39.0,1.0,1614.45,2227.8,562.609,1419.02
52.0,2.0,3.0,602.318,1115.98,820.535,1275.04
52.0,5.0,3.0,1870.58,2206.35,0.721157,160.529
52.0,20.0,3.0,2417.21,2560.0,0.0,61.1358
52.0,33.0,0.0,383.155,574.74,1123.71,1621.37
52.0,35.0,3.0,1483.93,1961.55,93.2571,329.694
52.0,39.0,1.0,1644.17,2222.62,527.941,1343.14
53.0,2.0,3.0,608.573,1114.4,817.831,1274.78
53.0,5.0,3.0,1811.95,2269.58,4.38608,161.542
53.0,20.0,3.0,2413.51,2560.0,0.0,62.0012
53.0,33.0,0.0,392.098,571.286,1102.43,1594.05
53.0,35.0,3.0,1581.05,2051.81,84.806,324.191
53.0,39.0,1.0,1652.87,2225.41,488.001,1270.25
53.0,41.0,0.0,683.13,880.701,634.013,874.96
54.0,2.0,3.0,604.869,1117.16,821.106,1275.5
54.0,4.0,0.0,1604.62,1715.38,0.0,171.418
54.0,5.0,3.0,1811.95,2269.58,4.38608,161.542
54.0,20.0,3.0,2418.99,2560.0,0.0,61.3882
54.0,33.0,0.0,401.935,593.473,1080.95,1571.38
54.0,35.0,3.0,1674.81,2137.79,87.4704,317.839
54.0,39.0,1.0,1661.86,2243.14,439.117,1206.98
54.0,41.0,0.0,684.772,879.66,635.71,873.386
55.0,2.0,3.0,603.184,1117.48,821.09,1274.82
55.0,4.0,0.0,1606.61,1704.16,0.865381,171.346
55.0,20.0,3.0,2418.99,2560.0,0.0,61.3882
55.0,33.0,0.0,402.69,597.863,1068.38,1546.75
55.0,35.0,3.0,1781.13,2222.86,83.3047,310.324
55.0,39.0,1.0,1694.64,2267.74,412.749,1128.39
55.0,41.0,0.0,682.864,878.825,634.022,872.337
56.0,2.0,3.0,603.562,1117.73,818.95,1273.12
56.0,4.0,0.0,1606.39,1716.68,0.0,165.649
56.0,5.0,3.0,1846.73,2245.58,2.8125,111.851
56.0,33.0,0.0,404.737,594.183,1048.93,1526.59
56.0,35.0,3.0,1858.29,2313.95,77.2996,303.13
56.0,39.0,1.0,1724.45,2276.88,380.777,1077.37
56.0,41.0,0.0,684.808,878.959,633.342,873.878
57.0,2.0,3.0,603.831,1116.12,820.639,1274.26
57.0,4.0,0.0,1604.52,1715.48,0.0,163.774
57.0,5.0,3.0,1857.8,2308.7,1.32972,162.369
57.0,33.0,0.0,409.611,594.939,1030.4,1510.87
57.0,35.0,3.0,1946.51,2375.45,65.309,293.941
57.0,39.0,1.0,1748.3,2295.76,350.732,1016.4
57.0,41.0,0.0,686.466,878.989,629.882,869.832
58.0,2.0,3.0,601.578,1114.87,821.146,1274.1
58.0,4.0,0.0,1604.33,1715.67,0.0,164.062
58.0,5.0,3.0,1840.71,2252.04,3.66592,180.706
58.0,33.0,0.0,409.769,594.781,1015.83,1484.83
58.0,35.0,3.0,2038.02,2463.55,65.15,284.193
58.0,39.0,1.0,1769.38,2317.24,323.434,974.161
58.0,41.0,0.0,687.364,878.785,626.81,874.135
59.0,2.0,3.0,598.009,1116.46,819.737,1277.69
59.0,4.0,0.0,1604.04,1715.96,0.0,170.12
59.0,5.0,3.0,1810.36,2372.16,0.0,172.456
59.0,33.0,0.0,405.533,599.946,1006.89,1468.84
59.0,35.0,3.0,2115.74,2536.16,47.1023,289.961
59.0,39.0,1.0,1788.01,2328.17,296.707,947.752
59.0,41.0,0.0,687.364,878.785,626.81,874.135
60.0,2.0,3.0,597.752,1116.08,820.772,1277.83
60.0,4.0,0.0,1604.76,1715.24,0.0,173.438
60.0,5.0,3.0,1832.89,2256.5,0.0,181.556
60.0,33.0,0.0,409.337,593.403,995.216,1452.34
60.0,35.0,3.0,2197.21,2549.55,50.3029,280.222
60.0,39.0,1.0,1826.39,2343.45,267.0,863.521
61.0,2.0,3.0,599.397,1116.46,821.923,1277.65
61.0,4.0,0.0,1604.76,1715.24,0.0,173.438
61.0,5.0,3.0,1826.26,2204.82,0.0,176.228
61.0,33.0,0.0,407.66,594.761,981.51,1439.31
61.0,35.0,3.0,2270.96,2560.0,55.3846,259.327
61.0,39.0,1.0,1845.77,2327.38,241.402,824.568
62.0,2.0,3.0,602.242,1115.41,818.718,1277.23
62.0,4.0,0.0,1597.4,1697.98,0.0,169.543
62.0,5.0,3.0,1844.62,2146.15,3.53366,171.707
62.0,33.0,0.0,407.45,594.688,971.617,1430.64
62.0,35.0,3.0,2344.62,2560.0,53.5096,251.394
62.0,39.0,1.0,1858.64,2323.04,223.604,780.132
63.0,2.0,3.0,601.937,1117.49,818.148,1278.68
63.0,4.0,0.0,1591.3,1713.32,1.65865,168.389
63.0,5.0,3.0,1818.32,2205.67,2.08832,178.395
63.0,33.0,0.0,398.683,601.198,961.69,1421.61
63.0,39.0,1.0,1899.75,2343.86,209.422,762.226
64.0,2.0,3.0,607.027,1112.11,814.318,1279.26
64.0,4.0,0.0,1582.4,1694.52,0.0,171.49
64.0,5.0,3.0,1809.51,2175.35,0.233903,178.924
64.0,10.0,3.0,1262.99,1780.84,0.0,168.102
64.0,33.0,0.0,400.308,601.246,951.921,1404.72
64.0,39.0,1.0,1926.07,2352.54,192.724,719.377
65.0,2.0,3.0,607.988,1114.18,816.619,1278.84
65.0,4.0,0.0,1576.25,1688.37,0.0,171.49
65.0,5.0,3.0,1813.75,2103.17,6.05769,181.154
65.0,10.0,3.0,1252.2,1777.69,0.0,165.979
65.0,33.0,0.0,400.981,604.065,948.425,1405.33
65.0,39.0,1.0,1940.97,2377.71,169.184,696.416
66.0,2.0,3.0,609.592,1108.67,813.042,1281.4
66.0,4.0,0.0,1559.28,1665.34,0.216351,175.889
66.0,5.0,3.0,1802.15,2165.86,2.51377,190.788
66.0,10.0,3.0,1259.37,1751.16,0.0,166.71
66.0,33.0,0.0,405.263,599.675,945.844,1400.08
66.0,39.0,1.0,1976.47,2388.5,141.912,675.75
67.0,2.0,3.0,603.357,1114.02,816.933,1273.44
67.0,4.0,0.0,1553.1,1640.75,2.45193,178.99
67.0,5.0,3.0,1794.25,2187.8,2.1571,188.511
67.0,10.0,3.0,1204.98,1689.14,0.0,167.531
67.0,33.0,0.0,403.504,602.417,943.382,1393.2
67.0,39.0,1.0,1986.34,2416.52,133.38,651.046
68.0,2.0,3.0,605.706,1113.01,818.45,1270.41
68.0,4.0,0.0,1541.15,1637.31,1.22596,181.37
68.0,5.0,3.0,1785.35,2205.36,0.0,201.511
68.0,10.0,3.0,1204.98,1689.14,0.0,167.531
68.0,33.0,0.0,404.479,601.219,942.973,1389.62
68.0,39.0,1.0,2009.81,2447.67,102.005,617.652
69.0,2.0,3.0,602.01,1110.93,818.096,1269.5
69.0,4.0,0.0,1533.58,1626.42,1.22596,182.668
69.0,5.0,3.0,1774.49,2130.12,0.799198,195.287
69.0,10.0,3.0,1239.3,1656.95,0.0658107,168.094
69.0,33.0,0.0,405.585,597.873,939.87,1392.22
69.0,39.0,1.0,2044.34,2464.35,87.0989,597.237
70.0,2.0,3.0,607.224,1111.08,815.802,1275.77
70.0,4.0,0.0,1501.68,1606.01,4.6875,192.043
70.0,5.0,3.0,1770.48,2120.85,1.03515,194.576
70.0,10.0,3.0,1239.3,1656.95,0.0658107,168.094
70.0,33.0,0.0,402.245,599.249,939.074,1388.13
70.0,39.0,1.0,2073.01,2494.46,72.4449,566.164
71.0,2.0,3.0,600.385,1113.92,819.984,1273.16
71.0,4.0,0.0,1483.65,1591.73,0.0,188.293
71.0,5.0,3.0,1762.59,2108.46,2.9915,203.042
71.0,10.0,1.0,1215.67,1800.71,0.0,177.461
71.0,33.0,0.0,383.742,585.05,942.648,1389.73
71.0,39.0,1.0,2110.41,2514.62,54.8078,554.591
71.0,7.0,0.0,1617.62,1714.69,0.0,164.784
72.0,2.0,3.0,603.247,1115.28,819.222,1273.61
72.0,4.0,0.0,1443.22,1549.09,6.20193,199.76
72.0,5.0,3.0,1752.24,2104.24,5.65878,198.916
72.0,10.0,1.0,1215.67,1800.71,0.0,177.461
72.0,33.0,0.0,386.049,583.053,941.006,1388.53
72.0,39.0,1.0,2129.63,2532.32,19.9522,529.095
72.0,41.0,0.0,680.23,869.214,617.719,885.402
72.0,7.0,0.0,1598.03,1694.28,0.0,170.048
73.0,2.0,3.0,604.523,1116.43,819.369,1273.65
73.0,4.0,0.0,1425.53,1536.01,31.5865,208.269
73.0,5.0,3.0,1737.15,2114.88,6.2472,201.544
73.0,33.0,0.0,387.599,578.764,941.781,1385.71
73.0,39.0,1.0,2160.36,2556.85,23.4229,494.878
73.0,41.0,0.0,679.16,870.699,617.756,891.119
73.0,7.0,0.0,1587.24,1683.53,1.37019,169.255
74.0,2.0,3.0,604.149,1115.31,818.625,1273.9
74.0,4.0,0.0,1383.27,1498.27,21.6346,211.01
74.0,5.0,3.0,1722.42,2101.36,5.48006,200.872
74.0,33.0,0.0,384.702,578.83,942.413,1386.56
74.0,39.0,1.0,2214.96,2558.26,7.61241,479.068
74.0,41.0,0.0,677.944,872.261,620.305,892.735
74.0,7.0,0.0,1556.2,1662.26,2.37981,176.034
75.0,2.0,3.0,605.03,1115.44,819.202,1272.93
75.0,4.0,0.0,1344.95,1467.36,27.8365,214.183
75.0,5.0,3.0,1703.32,2092.57,2.28854,209.801
75.0,33.0,0.0,386.1,576.798,945.588,1387.19
75.0,39.0,1.0,2250.45,2560.0,6.31745,454.274
75.0,41.0,0.0,680.547,871.525,619.12,895.57
75.0,7.0,0.0,1529.33,1642.98,3.46154,181.442
76.0,2.0,3.0,606.346,1116.26,816.089,1273.6
76.0,4.0,0.0,1300.96,1428.27,31.0096,225.577
76.0,5.0,3.0,1696.74,2069.26,4.14114,207.665
76.0,33.0,0.0,388.627,577.012,942.039,1386.73
76.0,39.0,1.0,2280.96,2560.0,7.84375,444.729
76.0,41.0,0.0,683.933,871.446,619.809,889.262
76.0,7.0,0.0,1497.93,1628.22,6.99519,183.389
77.0,2.0,3.0,605.894,1115.06,817.398,1274.24
77.0,4.0,0.0,1257.88,1389.81,29.4952,236.611
77.0,5.0,3.0,1671.05,2033.61,3.5624,210.569
77.0,33.0,0.0,389.354,578.292,943.685,1389.02
77.0,39.0,1.0,2333.51,2559.68,3.064,456.301
77.0,41.0,0.0,683.528,872.235,620.289,886.278
77.0,7.0,0.0,1480.0,1603.08,5.91346,192.404
78.0,2.0,3.0,607.166,1115.84,818.188,1275.47
78.0,4.0,0.0,1209.09,1341.68,37.6442,237.115
78.0,5.0,3.0,1659.65,2012.77,5.93174,218.728
78.0,10.0,1.0,1140.91,1670.13,0.0,192.487
78.0,33.0,0.0,390.84,572.984,944.185,1389.96
78.0,39.0,1.0,2377.72,2560.0,0.0,410.078
78.0,41.0,0.0,683.528,872.235,620.289,886.278
78.0,7.0,0.0,1449.86,1574.76,9.59135,197.812
78.0,50.0,1.0,1995.19,2287.88,0.0,120.0
79.0,2.0,3.0,606.974,1117.64,816.787,1275.3
79.0,5.0,3.0,1653.04,2040.73,3.02339,223.407
79.0,10.0,3.0,1096.28,1601.88,0.0,207.369
79.0,33.0,0.0,392.794,573.079,944.303,1392.26
79.0,7.0,0.0,1419.04,1554.81,12.1154,198.029
79.0,50.0,1.0,1995.19,2287.88,0.0,120.0
80.0,2.0,3.0,608.912,1116.72,816.266,1274.56
80.0,5.0,3.0,1637.26,1988.83,5.445,230.587
80.0,10.0,3.0,1092.3,1568.87,0.0,209.791
80.0,33.0,0.0,389.959,577.289,941.59,1391.96
80.0,41.0,0.0,680.812,876.319,614.483,846.71
80.0,7.0,0.0,1400.19,1507.5,25.6731,211.442
80.0,50.0,1.0,1919.81,2267.88,1.37019,111.562
81.0,2.0,3.0,605.123,1116.54,815.909,1274.42
81.0,5.0,3.0,1621.74,1969.21,4.40359,233.371
81.0,33.0,0.0,396.861,568.304,942.941,1392.65
81.0,41.0,0.0,680.812,876.319,614.483,846.71
81.0,7.0,0.0,1365.87,1480.29,23.8702,216.851
81.0,50.0,1.0,1919.81,2267.88,1.37019,111.562
82.0,2.0,3.0,605.925,1116.46,816.877,1273.38
82.0,5.0,3.0,1606.56,1958.56,2.2356,236.147
82.0,20.0,3.0,2392.98,2560.0,0.0,66.1478
82.0,33.0,0.0,394.865,567.653,942.313,1391.69
82.0,7.0,0.0,1334.95,1446.59,32.9567,227.524
82.0,50.0,1.0,1910.19,2255.96,1.15384,118.269
82.0,55.0,0.0,1493.7,1623.22,0.0,160.096
83.0,2.0,3.0,605.941,1116.23,816.177,1275.81
83.0,5.0,3.0,1587.24,1933.53,5.68758,238.63
83.0,20.0,3.0,2377.5,2551.73,0.0,83.8702
83.0,33.0,0.0,389.478,570.425,942.057,1395.96
83.0,7.0,0.0,1301.59,1413.8,23.4375,237.909
83.0,50.0,1.0,1910.19,2255.96,1.15384,118.269
83.0,55.0,0.0,1450.87,1564.52,0.0,157.356
84.0,2.0,3.0,605.288,1116.7,817.018,1275.98
84.0,5.0,3.0,1561.91,1914.6,9.16794,240.976
84.0,20.0,3.0,2360.38,2553.46,0.0,85.0961
84.0,33.0,0.0,387.464,578.769,941.19,1394.21
84.0,7.0,0.0,1256.11,1385.43,32.0913,242.957
84.0,55.0,0.0,1449.47,1572.07,0.865381,162.692
85.0,2.0,3.0,602.151,1115.44,818.585,1275.2
85.0,5.0,3.0,1545.23,1895.86,9.13799,248.37
85.0,20.0,3.0,2350.19,2554.42,0.0,82.9688
85.0,33.0,0.0,389.763,574.098,940.812,1396.05
85.0,7.0,0.0,1217.4,1350.29,50.9856,251.899
85.0,55.0,0.0,1427.69,1563.08,0.0,161.971
86.0,2.0,3.0,604.339,1117.5,817.964,1272.69
86.0,5.0,3.0,1519.85,1883.82,6.44493,254.706
86.0,20.0,3.0,2334.9,2557.4,0.0,86.7548
86.0,33.0,0.0,388.376,577.129,940.579,1391.61
86.0,55.0,0.0,1387.64,1507.74,0.0,177.115
87.0,2.0,3.0,608.298,1116.1,818.482,1273.43
87.0,5.0,3.0,1487.74,1884.08,10.5826,254.786
87.0,20.0,3.0,2325.1,2557.98,0.0,85.9255
87.0,33.0,0.0,377.923,572.43,940.567,1389.62
87.0,55.0,0.0,1375.19,1506.35,1.65866,172.572
87.0,50.0,1.0,1657.94,2177.81,0.0,166.139
88.0,2.0,3.0,604.169,1115.71,818.835,1273.12
88.0,5.0,3.0,1468.81,1836.8,22.9885,276.208
88.0,20.0,3.0,2308.75,2552.79,0.0,87.2596
88.0,33.0,0.0,386.553,575.306,939.759,1389.47
88.0,55.0,0.0,1341.3,1481.78,1.875,175.817
88.0,50.0,1.0,1696.11,2136.29,0.0,171.327
89.0,2.0,3.0,603.647,1119.07,818.486,1274.66
89.0,5.0,3.0,1452.49,1812.22,29.8659,269.873
89.0,20.0,3.0,2308.75,2552.79,0.0,87.2596
89.0,33.0,0.0,385.286,577.95,939.303,1392.43
89.0,55.0,0.0,1318.56,1419.9,17.0914,182.812
89.0,50.0,1.0,1673.49,2119.11,0.0,179.884
90.0,2.0,3.0,603.067,1117.11,818.505,1274.45
90.0,5.0,3.0,1426.38,1791.51,24.7713,277.45
90.0,33.0,0.0,386.94,580.736,941.69,1390.52
90.0,52.0,0.0,1783.24,1935.65,623.828,941.166
90.0,55.0,0.0,1290.96,1425.96,0.0,199.399
90.0,50.0,1.0,1678.07,2102.04,0.0,183.074
91.0,2.0,3.0,603.493,1116.53,818.173,1275.57
91.0,5.0,3.0,1395.77,1775.9,25.9438,278.731
91.0,33.0,0.0,386.506,580.113,939.173,1389.54
91.0,52.0,0.0,1787.23,1937.61,592.252,896.95
91.0,54.0,3.0,931.161,1488.05,150.991,401.321
91.0,55.0,0.0,1290.96,1425.96,0.0,199.399
91.0,50.0,1.0,1691.11,2085.53,0.0,187.362
92.0,2.0,3.0,602.489,1117.54,819.305,1274.59
92.0,5.0,3.0,1366.2,1736.09,39.2843,281.839
92.0,33.0,0.0,386.175,580.824,940.185,1389.68
92.0,52.0,0.0,1803.51,1948.59,552.606,851.265
92.0,54.0,3.0,1044.38,1573.22,150.402,392.764
92.0,50.0,1.0,1655.96,2060.32,6.53393,192.979
93.0,2.0,3.0,605.27,1116.68,817.884,1275.84
93.0,5.0,1.0,1157.52,1711.16,34.1093,290.345
93.0,33.0,0.0,386.208,581.62,938.571,1389.6
93.0,52.0,0.0,1812.7,1959.02,526.151,812.983
93.0,54.0,3.0,1147.53,1661.16,140.209,387.366
93.0,50.0,1.0,1636.94,2040.9,3.05054,197.966
94.0,2.0,3.0,606.356,1116.4,818.27,1276.0
94.0,5.0,1.0,1157.52,1711.16,34.1093,290.345
94.0,33.0,0.0,382.096,580.84,933.55,1388.56
94.0,52.0,0.0,1848.43,1986.49,483.214,775.989
94.0,54.0,3.0,1249.87,1748.37,139.796,378.554
94.0,50.0,1.0,1632.54,2026.18,4.96965,199.315
95.0,2.0,3.0,611.31,1116.27,819.979,1277.26
95.0,5.0,3.0,1296.26,1759.89,30.9654,294.063
95.0,33.0,0.0,374.996,578.726,933.02,1392.94
95.0,52.0,0.0,1871.26,2020.03,460.007,736.119
95.0,54.0,3.0,1337.82,1846.58,135.253,371.229
95.0,50.0,1.0,1636.19,1997.06,3.97566,202.058
96.0,2.0,3.0,609.684,1116.5,819.567,1276.41
96.0,5.0,3.0,1250.54,1837.59,18.5203,303.231
96.0,20.0,3.0,2195.38,2475.38,0.0,102.62
96.0,33.0,0.0,376.369,572.893,933.012,1393.39
96.0,52.0,0.0,1910.34,2050.95,429.725,702.621
96.0,54.0,3.0,1450.01,1924.92,129.693,362.72
96.0,50.0,1.0,1636.19,1997.06,3.97566,202.058
97.0,2.0,3.0,609.907,1116.1,818.405,1276.36
97.0,5.0,3.0,1236.95,1609.65,55.941,317.023
97.0,20.0,3.0,2182.88,2410.96,0.0,99.988
97.0,33.0,0.0,376.262,571.15,932.671,1393.16
97.0,52.0,0.0,1947.5,2091.03,403.502,673.35
97.0,54.0,3.0,1521.78,2000.27,120.616,360.476
98.0,2.0,3.0,612.999,1113.66,820.201,1276.93
98.0,5.0,3.0,1201.79,1582.4,58.8973,323.444
98.0,20.0,3.0,2164.71,2413.75,0.0,103.702
98.0,33.0,0.0,370.63,570.859,934.97,1392.1
98.0,52.0,0.0,1996.68,2114.09,375.577,640.385
98.0,54.0,3.0,1618.15,2075.05,124.2,348.382
98.0,50.0,1.0,1529.83,1947.61,6.13606,197.469
99.0,2.0,3.0,610.81,1114.05,820.277,1278.23
99.0,5.0,3.0,1174.61,1555.95,61.7769,330.867
99.0,20.0,3.0,2164.71,2413.75,0.0,103.702
99.0,33.0,0.0,374.234,571.744,920.122,1394.07
99.0,52.0,0.0,2037.86,2168.54,345.961,638.164
99.0,53.0,3.0,1742.24,2185.34,602.235,967.365
99.0,54.0,3.0,1703.08,2142.44,117.158,339.488
99.0,50.0,1.0,1505.58,1947.65,3.00623,226.724
100.0,2.0,3.0,609.364,1116.92,819.308,1278.49
100.0,5.0,3.0,1143.44,1532.88,66.9929,335.607
100.0,33.0,0.0,376.529,572.789,924.783,1392.41
100.0,52.0,0.0,2088.64,2221.18,320.891,617.66
100.0,53.0,3.0,1762.89,2188.8,564.121,943.241
100.0,54.0,3.0,1779.58,2214.53,112.358,337.556
100.0,50.0,1.0,1486.51,1938.42,0.388741,237.737
101.0,2.0,3.0,607.355,1115.9,819.24,1277.87
101.0,5.0,3.0,1115.9,1492.72,70.8861,345.929
101.0,20.0,3.0,2117.5,2347.12,0.0,98.9784
101.0,33.0,0.0,378.097,578.155,931.373,1393.66
101.0,53.0,3.0,1786.46,2203.5,546.615,901.983
101.0,54.0,3.0,1855.9,2268.79,104.84,328.53
101.0,50.0,1.0,1473.06,1886.98,5.02578,238.424
102.0,2.0,3.0,607.497,1115.8,818.943,1276.67
102.0,5.0,3.0,1077.05,1461.76,91.4068,357.07
102.0,20.0,3.0,2093.37,2312.79,0.721153,98.3654
102.0,33.0,0.0,380.101,577.973,933.506,1391.75
102.0,53.0,3.0,1807.77,2209.57,522.848,867.451
102.0,54.0,3.0,1926.29,2332.03,104.993,318.596
102.0,50.0,1.0,1442.33,1852.06,3.53372,243.79
103.0,2.0,3.0,608.057,1115.74,817.906,1274.74
103.0,5.0,3.0,1055.22,1427.28,83.6659,370.12
103.0,20.0,3.0,2074.23,2310.38,0.108175,108.425
103.0,33.0,0.0,385.227,579.972,934.464,1391.26
103.0,53.0,3.0,1824.71,2226.61,491.643,824.423
103.0,54.0,3.0,2003.68,2385.49,97.8579,312.874
103.0,50.0,1.0,1405.72,1838.92,1.3095,251.426
104.0,2.0,3.0,604.612,1116.9,818.491,1275.89
104.0,5.0,3.0,1025.31,1400.84,90.9391,380.24
104.0,20.0,3.0,2049.9,2328.56,2.30769,119.062
104.0,33.0,0.0,387.694,581.491,939.758,1390.68
104.0,53.0,3.0,1847.54,2230.84,474.121,800.464
104.0,54.0,3.0,2064.87,2441.96,90.7304,304.412
104.0,50.0,1.0,1392.5,1797.85,0.768342,259.187
105.0,2.0,3.0,606.196,1115.24,818.77,1275.16
105.0,5.0,3.0,989.065,1383.09,102.426,391.62
105.0,20.0,3.0,2023.08,2333.85,0.144231,122.019
105.0,33.0,0.0,402.797,596.357,937.111,1394.57
105.0,41.0,0.0,686.209,876.675,612.026,850.69
105.0,53.0,3.0,1863.64,2244.71,453.438,781.859
105.0,54.0,3.0,2119.91,2499.21,83.9909,299.69
105.0,50.0,1.0,1348.45,1781.05,1.8825,263.603
105.0,71.0,0.0,1818.39,1901.61,4.21875,102.584
106.0,2.0,3.0,607.828,1114.27,818.363,1275.76
106.0,20.0,3.0,2001.25,2297.21,0.360575,129.736
106.0,33.0,0.0,402.977,597.152,938.974,1394.87
106.0,41.0,0.0,686.209,876.675,612.026,850.69
106.0,53.0,3.0,1887.79,2260.49,433.084,763.274
106.0,54.0,3.0,2181.71,2536.21,72.7345,288.171
106.0,50.0,1.0,1319.54,1742.53,18.9888,281.461
106.0,71.0,0.0,1784.38,1874.09,3.82212,107.163
107.0,2.0,3.0,603.335,1121.03,818.551,1272.39
107.0,20.0,3.0,1981.44,2289.33,0.108175,131.719
107.0,33.0,0.0,400.732,599.039,937.728,1396.87
107.0,53.0,3.0,1914.61,2276.64,409.456,728.434
107.0,54.0,3.0,2248.76,2555.25,69.8934,283.471
107.0,50.0,1.0,1291.79,1715.11,12.9695,287.577
107.0,60.0,3.0,1707.52,2200.78,606.928,1077.58
107.0,71.0,0.0,1746.42,1844.35,0.0,118.81
108.0,2.0,3.0,601.741,1120.32,818.881,1271.94
108.0,20.0,3.0,1953.94,2267.6,0.0,138.534
108.0,33.0,0.0,401.707,599.048,936.787,1395.59
108.0,53.0,3.0,1930.31,2290.3,389.431,696.039
108.0,54.0,3.0,2306.15,2558.46,64.7596,266.106
108.0,50.0,1.0,1272.39,1689.2,15.9398,286.257
108.0,60.0,3.0,1710.78,2211.94,572.385,1026.22
108.0,71.0,0.0,1716.44,1815.87,0.0,118.81
109.0,2.0,3.0,600.477,1119.44,818.814,1271.88
109.0,20.0,3.0,1936.35,2239.04,0.0,140.913
109.0,33.0,0.0,402.715,598.127,936.174,1396.32
109.0,53.0,3.0,1953.54,2308.22,375.138,671.299
109.0,54.0,3.0,2357.21,2559.71,56.1779,257.668
109.0,50.0,1.0,1218.78,1658.25,15.2868,294.866
109.0,60.0,3.0,1723.33,2205.88,545.576,1004.43
109.0,71.0,0.0,1691.11,1782.74,3.85817,129.988
109.0,73.0,1.0,2259.23,2531.54,0.901444,90.4688
110.0,2.0,3.0,603.041,1119.09,818.039,1272.65
110.0,20.0,3.0,1891.15,2207.31,0.288463,154.471
110.0,33.0,0.0,400.436,598.38,936.675,1395.7
110.0,53.0,3.0,1977.29,2326.63,353.556,647.772
110.0,50.0,1.0,1190.41,1632.85,32.2933,300.941
110.0,60.0,3.0,1740.45,2215.16,520.243,973.748
110.0,71.0,0.0,1659.62,1752.69,0.0721192,138.245
110.0,73.0,1.0,2266.92,2533.08,0.0,85.024
111.0,2.0,3.0,604.966,1119.01,817.2,1273.82
111.0,20.0,3.0,1872.12,2189.42,0.144231,157.933
111.0,33.0,0.0,401.897,596.167,937.203,1395.22
111.0,53.0,3.0,2008.43,2346.95,334.2,616.041
111.0,50.0,1.0,1168.86,1597.31,28.6854,310.905
111.0,60.0,3.0,1757.97,2215.84,495.755,934.77
111.0,71.0,0.0,1626.92,1726.92,0.0,138.894
111.0,73.0,1.0,2266.92,2533.08,0.0,85.024
112.0,2.0,3.0,603.646,1115.68,818.867,1272.59
112.0,20.0,3.0,1846.44,2147.4,3.02884,161.106
112.0,33.0,0.0,401.671,598.099,933.811,1396.33
112.0,53.0,3.0,2029.1,2365.07,316.149,595.66
112.0,50.0,1.0,1126.6,1561.29,26.4681,317.327
112.0,60.0,3.0,1780.06,2220.55,473.472,902.422
112.0,71.0,0.0,1602.26,1699.28,0.0,159.808
113.0,2.0,3.0,605.155,1118.32,817.147,1275.1
113.0,20.0,3.0,1820.67,2133.17,3.60577,166.154
113.0,33.0,0.0,399.977,599.523,934.567,1396.07
113.0,53.0,3.0,2056.42,2384.28,300.775,570.03
113.0,50.0,1.0,1086.01,1539.85,24.9998,329.036
113.0,60.0,3.0,1792.66,2230.57,459.153,848.877
113.0,71.0,0.0,1564.86,1668.99,0.0,162.404
114.0,2.0,3.0,604.818,1116.73,816.86,1274.81
114.0,20.0,3.0,1784.33,2114.13,5.48077,170.913
114.0,33.0,0.0,399.043,599.468,933.999,1395.84
114.0,53.0,3.0,2079.77,2410.28,279.238,553.142
114.0,50.0,1.0,1060.42,1504.86,60.2358,340.738
114.0,60.0,3.0,1805.3,2236.0,434.21,819.394
114.0,71.0,0.0,1547.57,1640.12,2.30769,161.827
115.0,2.0,3.0,604.575,1116.86,818.238,1271.96
115.0,20.0,3.0,1755.08,2094.42,2.575,190.712
115.0,33.0,0.0,400.096,598.065,935.228,1395.6
115.0,53.0,3.0,2115.63,2437.85,264.335,529.869
115.0,50.0,1.0,1019.38,1468.52,64.8246,346.665
115.0,60.0,3.0,1819.47,2248.02,414.919,794.039
115.0,71.0,0.0,1510.82,1609.18,6.41827,167.957
115.0,73.0,1.0,2109.04,2560.0,1.04567,103.017
116.0,2.0,3.0,609.477,1107.34,816.253,1271.31
116.0,20.0,3.0,1732.4,2069.85,3.96116,191.318
116.0,33.0,0.0,401.461,597.075,934.086,1396.15
116.0,41.0,0.0,685.923,877.695,612.818,848.126
116.0,53.0,3.0,2144.03,2455.5,246.238,509.738
116.0,50.0,1.0,988.795,1427.05,79.8816,367.632
116.0,60.0,3.0,1846.85,2257.28,395.56,766.44
116.0,71.0,0.0,1488.53,1582.24,5.19231,179.423
116.0,73.0,1.0,2100.96,2499.04,0.649037,109.183
117.0,2.0,3.0,605.968,1117.76,818.028,1272.53
117.0,20.0,3.0,1712.09,2038.6,0.865116,198.32
117.0,33.0,0.0,401.285,598.001,935.344,1396.84
117.0,41.0,0.0,685.923,877.695,612.818,848.126
117.0,60.0,3.0,1862.08,2280.09,375.386,740.071
117.0,71.0,0.0,1455.05,1558.8,9.375,181.298
117.0,73.0,1.0,2078.98,2560.0,0.0,137.782
118.0,2.0,3.0,601.789,1115.7,819.406,1270.48
118.0,20.0,3.0,1683.61,2018.43,3.1975,201.934
118.0,33.0,0.0,401.986,597.064,935.261,1396.42
118.0,60.0,3.0,1884.78,2289.19,355.673,711.214
118.0,71.0,0.0,1429.28,1532.26,11.6106,196.082
118.0,73.0,1.0,2060.64,2554.53,0.0,183.269
119.0,2.0,3.0,606.335,1114.14,819.321,1273.27
119.0,20.0,3.0,1659.25,1995.05,5.32389,201.721
119.0,33.0,0.0,402.106,598.678,937.099,1392.33
119.0,60.0,3.0,1902.31,2310.34,333.85,683.538
119.0,71.0,0.0,1395.24,1497.07,27.6923,200.481
119.0,73.0,1.0,2059.06,2560.0,0.0,207.488
120.0,2.0,3.0,606.729,1114.78,819.513,1273.02
120.0,20.0,3.0,1633.25,1970.45,8.98273,203.804
120.0,33.0,0.0,401.757,598.401,937.335,1393.57
120.0,60.0,3.0,1929.34,2323.99,320.583,653.85
120.0,71.0,0.0,1362.79,1464.9,28.7019,204.952
120.0,73.0,1.0,2059.06,2560.0,0.0,207.488
121.0,2.0,3.0,604.828,1114.12,819.911,1273.42
121.0,20.0,3.0,1614.56,1940.59,8.2277,210.365
121.0,33.0,0.0,403.879,596.731,938.269,1393.39
121.0,60.0,3.0,1955.57,2347.58,303.889,627.89
121.0,71.0,0.0,1329.62,1436.54,26.1779,212.236
122.0,2.0,3.0,604.264,1113.81,820.827,1274.11
122.0,20.0,3.0,1586.41,1914.75,12.1638,217.183
122.0,33.0,0.0,402.652,597.064,938.682,1393.03
122.0,60.0,3.0,1977.85,2370.68,283.656,613.363
122.0,71.0,0.0,1298.89,1402.64,29.9279,224.062
122.0,73.0,1.0,1965.0,2241.15,1.11779,133.017
123.0,2.0,3.0,605.405,1116.69,819.821,1272.99
123.0,20.0,3.0,1563.65,1895.29,13.4598,219.911
123.0,33.0,0.0,402.263,596.865,938.423,1393.21
123.0,60.0,3.0,2001.51,2397.76,267.529,591.531
123.0,71.0,0.0,1265.0,1370.38,27.6202,236.755
123.0,73.0,1.0,1941.83,2172.02,0.793269,134.351
124.0,2.0,3.0,602.836,1116.0,818.798,1274.08
124.0,20.0,3.0,1538.69,1864.32,17.5271,230.428
124.0,33.0,0.0,402.02,597.479,939.052,1392.51
124.0,60.0,3.0,2036.38,2419.88,247.468,567.304
124.0,71.0,0.0,1231.59,1339.18,32.3077,244.327
124.0,73.0,1.0,1912.88,2197.88,0.0721121,139.111
125.0,2.0,3.0,602.808,1114.22,818.268,1275.33
125.0,20.0,3.0,1514.91,1842.61,16.3925,232.329
125.0,33.0,0.0,402.357,597.578,937.935,1392.95
125.0,60.0,3.0,2063.84,2447.24,232.196,548.383
125.0,73.0,1.0,1881.25,2195.67,0.0,143.546
125.0,78.0,3.0,2394.66,2560.0,0.0,64.8858
126.0,2.0,3.0,604.286,1116.45,819.366,1274.76
126.0,20.0,3.0,1488.12,1819.77,21.7017,232.688
126.0,33.0,0.0,400.834,598.585,939.298,1390.99
126.0,60.0,3.0,2096.38,2475.22,210.902,519.614
126.0,73.0,1.0,1852.45,2224.78,0.0,168.039
126.0,78.0,3.0,2393.17,2557.6,0.0,63.1911
127.0,2.0,3.0,602.237,1115.28,819.207,1275.04
127.0,20.0,3.0,1465.88,1790.95,27.5585,240.797
127.0,33.0,0.0,401.54,597.226,939.134,1392.81
127.0,41.0,0.0,688.04,874.799,615.381,894.135
127.0,60.0,3.0,2128.39,2506.77,201.672,506.303
127.0,73.0,1.0,1821.06,2194.21,1.42971,174.453
127.0,78.0,3.0,2344.42,2557.12,0.0,82.6082
128.0,2.0,3.0,601.656,1114.32,819.499,1273.34
128.0,20.0,3.0,1435.01,1767.14,33.0686,246.75
128.0,33.0,0.0,402.053,598.673,938.408,1392.86
128.0,41.0,0.0,688.04,874.799,615.381,894.135
128.0,60.0,3.0,2157.66,2536.5,193.342,487.234
128.0,73.0,1.0,1793.74,2274.19,1.15037,171.991
128.0,78.0,3.0,2344.42,2557.12,0.0,82.6082
129.0,2.0,3.0,608.075,1116.75,819.042,1272.44
129.0,20.0,3.0,1414.32,1746.53,32.5829,253.236
129.0,33.0,0.0,404.222,598.776,936.925,1392.05
129.0,60.0,3.0,2199.37,2558.76,178.248,472.177
129.0,73.0,1.0,1767.27,2266.5,0.450983,183.066
130.0,2.0,3.0,603.267,1114.8,818.504,1274.01
130.0,20.0,3.0,1380.53,1719.96,37.1974,263.608
130.0,33.0,0.0,401.835,597.425,937.818,1390.61
130.0,73.0,1.0,1739.26,2274.43,1.01462,186.37
131.0,2.0,3.0,604.435,1117.22,818.807,1273.64
131.0,20.0,3.0,1358.5,1688.77,42.9935,268.907
131.0,33.0,0.0,408.195,592.216,940.48,1400.97
131.0,41.0,0.0,680.904,883.345,610.978,850.05
131.0,73.0,1.0,1717.2,2271.65,0.0,194.413
131.0,78.0,3.0,2254.62,2536.15,0.0,88.2332
132.0,2.0,3.0,605.603,1116.64,818.609,1273.22
132.0,20.0,3.0,1328.04,1663.43,46.1693,273.493
132.0,33.0,0.0,409.609,593.002,940.176,1398.64
132.0,41.0,0.0,680.904,883.345,610.978,850.05
132.0,73.0,1.0,1689.43,2151.34,0.171039,199.539
132.0,78.0,3.0,2224.42,2554.04,1.98318,93.9303
133.0,2.0,3.0,605.436,1117.1,818.799,1273.19
133.0,20.0,3.0,1293.65,1636.4,56.492,282.571
133.0,33.0,0.0,412.223,588.59,938.125,1399.85
133.0,73.0,1.0,1665.5,2130.52,1.95492,203.648
133.0,78.0,3.0,2224.42,2554.04,1.98318,93.9303
134.0,2.0,3.0,604.524,1116.06,819.447,1271.63
134.0,20.0,3.0,1263.4,1603.99,64.7653,291.757
134.0,33.0,0.0,400.814,566.496,939.709,1400.08
134.0,73.0,1.0,1639.03,2133.1,3.01791,207.912
134.0,78.0,3.0,2190.96,2504.42,0.865384,100.601
135.0,2.0,3.0,606.558,1114.36,818.784,1272.29
135.0,20.0,3.0,1230.92,1576.36,67.9694,300.571
135.0,33.0,0.0,394.836,572.413,940.307,1399.45
135.0,73.0,1.0,1608.58,2063.84,0.0,211.837
135.0,78.0,3.0,2157.02,2455.29,0.0,105.216
136.0,2.0,3.0,606.272,1114.94,818.683,1272.41
136.0,20.0,3.0,1197.06,1546.58,75.5073,309.047
136.0,33.0,0.0,398.637,565.333,939.932,1398.06
136.0,73.0,1.0,1577.07,2030.37,0.909748,214.67
136.0,78.0,3.0,2139.9,2441.63,0.0,108.57
137.0,2.0,3.0,606.189,1115.36,818.423,1272.59
137.0,20.0,3.0,1163.27,1512.87,81.9362,316.935
137.0,33.0,0.0,394.693,572.054,941.853,1395.75
137.0,41.0,0.0,684.63,877.93,614.598,848.018
137.0,73.0,1.0,1551.92,2018.05,2.33668,219.728
137.0,78.0,3.0,2115.1,2352.6,0.0,106.803
138.0,2.0,3.0,602.617,1113.9,818.792,1273.74
138.0,20.0,3.0,1129.99,1477.63,90.0836,328.834
138.0,33.0,0.0,392.438,574.404,945.211,1395.58
138.0,41.0,0.0,682.792,878.442,613.03,849.202
138.0,73.0,1.0,1519.52,1987.06,1.00609,230.141
138.0,78.0,3.0,2086.54,2396.54,0.0,110.913
139.0,2.0,3.0,601.495,1113.91,818.599,1272.44
139.0,20.0,3.0,1096.23,1448.75,94.8917,338.946
139.0,33.0,0.0,387.965,580.77,948.186,1393.74
139.0,41.0,0.0,683.357,878.531,612.327,849.828
139.0,73.0,1.0,1478.94,1942.0,0.0,241.467
139.0,78.0,3.0,2057.88,2329.81,0.612981,114.7
140.0,2.0,3.0,602.56,1115.47,818.008,1272.4
140.0,20.0,3.0,1055.9,1418.72,104.098,351.346
140.0,33.0,0.0,393.683,576.628,949.108,1390.55
140.0,41.0,0.0,686.105,876.664,613.318,849.548
140.0,73.0,1.0,1459.87,1950.87,0.0,245.342
140.0,78.0,3.0,2028.65,2291.35,2.16346,123.389
141.0,2.0,3.0,601.013,1114.8,819.066,1270.58
141.0,20.0,3.0,1018.94,1384.88,110.294,363.127
141.0,33.0,0.0,404.308,592.9,940.923,1395.49
141.0,41.0,0.0,686.105,876.664,613.318,849.548
141.0,73.0,1.0,1427.57,1970.77,0.0,250.115
141.0,78.0,3.0,2004.62,2290.77,0.865388,127.788
142.0,2.0,3.0,600.44,1115.61,819.147,1272.1
142.0,20.0,3.0,984.64,1349.23,122.601,375.172
142.0,33.0,0.0,389.393,580.604,946.453,1392.44
142.0,73.0,1.0,1396.52,1881.36,0.918775,253.413
142.0,78.0,3.0,1975.96,2282.5,1.29807,130.24
143.0,2.0,3.0,603.381,1117.8,818.926,1276.1
143.0,33.0,0.0,386.665,581.695,945.508,1392.59
143.0,73.0,1.0,1370.22,1838.37,0.161419,263.757
143.0,78.0,3.0,1943.46,2265.77,0.036056,140.373
144.0,2.0,3.0,602.53,1116.57,819.979,1275.81
144.0,33.0,0.0,401.59,595.481,941.142,1394.71
144.0,73.0,1.0,1335.54,1848.48,17.0741,282.503
144.0,78.0,3.0,1896.63,2226.44,1.44231,150.288
145.0,2.0,3.0,601.467,1117.52,819.527,1274.03
145.0,33.0,0.0,393.907,574.942,946.489,1393.57
145.0,73.0,1.0,1308.92,1888.28,0.0,281.703
145.0,78.0,3.0,1869.13,2204.71,1.73077,154.615
146.0,2.0,3.0,600.812,1119.14,818.398,1274.46
146.0,33.0,0.0,403.08,594.501,944.184,1397.53
146.0,73.0,1.0,1284.71,1798.71,10.845,288.927
146.0,78.0,3.0,1832.02,2174.13,1.22596,157.284
146.0,86.0,0.0,2343.8,2437.74,0.0,93.4615
147.0,2.0,3.0,604.599,1119.02,819.244,1273.86
147.0,33.0,0.0,392.37,576.077,945.816,1398.28
147.0,73.0,1.0,1241.33,1718.83,4.40034,301.539
147.0,78.0,3.0,1798.46,2130.77,3.67789,163.774
147.0,86.0,0.0,2343.8,2437.74,0.0,93.4615
148.0,2.0,3.0,605.054,1115.72,821.495,1273.01
148.0,33.0,0.0,392.594,573.011,940.124,1400.5
148.0,73.0,1.0,1203.83,1671.52,4.02896,315.162
148.0,78.0,3.0,1753.87,2110.89,0.727787,177.121
