2.0,1.0,0.0,560.3,807.128,581.593,950.06
2.0,2.0,3.0,1749.26,2210.69,94.6287,331.702
2.0,7.0,0.0,1291.42,1387.04,4.57932,151.046
3.0,1.0,0.0,512.757,784.059,577.495,949.408
3.0,2.0,3.0,1826.41,2284.15,92.0054,323.191
3.0,7.0,0.0,1292.84,1387.16,4.21875,151.406
3.0,8.0,0.0,1614.04,1718.27,0.504806,170.12
3.0,9.0,0.0,1455.58,1539.81,0.0,159.519
4.0,2.0,3.0,1890.54,2338.41,91.1469,313.639
4.0,7.0,0.0,1293.89,1386.11,5.08414,151.118
4.0,8.0,0.0,1617.88,1717.5,1.29807,168.029
4.0,9.0,0.0,1457.07,1536.78,0.432687,159.087
5.0,2.0,3.0,1974.86,2398.16,91.1772,315.004
5.0,7.0,0.0,1294.59,1386.95,6.8149,150.829
5.0,8.0,0.0,1618.87,1716.51,6.20193,169.471
5.0,9.0,0.0,1454.06,1521.32,2.59615,159.375
6.0,2.0,3.0,2042.74,2450.91,76.7751,304.182
6.0,7.0,0.0,1293.46,1388.08,5.04807,151.01
6.0,8.0,0.0,1616.78,1718.61,3.24519,168.822
6.0,9.0,0.0,1454.74,1529.88,2.23557,159.447
6.0,10.0,0.0,1782.21,1891.63,7.21154,179.135
7.0,2.0,3.0,2111.48,2504.69,71.6759,296.269
7.0,7.0,0.0,1293.27,1388.27,3.24519,152.236
7.0,8.0,0.0,1617.36,1718.03,3.53366,167.957
7.0,9.0,0.0,1454.62,1536.15,1.37019,157.861
7.0,10.0,0.0,1782.5,1888.27,5.91346,179.856
8.0,2.0,3.0,2167.67,2549.2,68.4071,287.103
8.0,4.0,3.0,909.349,1543.17,123.039,350.975
8.0,7.0,0.0,1292.98,1385.48,5.76922,151.875
8.0,8.0,0.0,1617.02,1718.37,4.25481,166.226
8.0,9.0,0.0,1457.72,1531.51,4.18269,158.221
8.0,10.0,0.0,1783.22,1890.62,7.57211,178.486
9.0,2.0,3.0,2228.76,2558.31,59.9323,269.481
9.0,4.0,3.0,986.197,1623.43,121.046,344.709
9.0,7.0,0.0,1292.98,1385.48,5.76922,151.875
9.0,8.0,0.0,1618.08,1717.31,5.40865,167.236
9.0,9.0,0.0,1454.47,1527.07,4.97596,159.303
9.0,10.0,0.0,1781.83,1888.94,6.85096,178.341
10.0,2.0,3.0,2277.21,2560.0,63.101,262.284
10.0,4.0,3.0,1084.21,1703.05,119.011,343.687
10.0,8.0,0.0,1621.06,1714.33,6.5625,169.976
10.0,9.0,0.0,1450.46,1532.62,1.51442,167.668
10.0,10.0,0.0,1785.14,1879.47,8.79807,177.26
11.0,2.0,3.0,2329.9,2560.0,53.2933,259.976
11.0,4.0,3.0,1172.24,1757.57,109.911,346.261
11.0,8.0,0.0,1619.16,1716.23,3.96635,170.264
11.0,9.0,0.0,1450.46,1532.62,1.51442,167.668
11.0,10.0,0.0,1784.52,1883.17,9.73557,174.591
12.0,2.0,3.0,2378.7,2560.0,39.2308,244.76
12.0,4.0,3.0,1259.06,1838.14,114.663,337.536
12.0,8.0,0.0,1619.16,1716.23,3.96635,170.264
12.0,10.0,0.0,1786.54,1878.08,11.9711,175.673
12.0,15.0,0.0,1864.66,1959.95,31.4423,198.894
13.0,4.0,3.0,1321.48,1909.1,113.125,335.075
13.0,10.0,0.0,1780.24,1853.61,21.4904,176.106
13.0,15.0,0.0,1863.61,1945.62,36.2019,202.644
13.0,16.0,5.0,0.0,893.75,1242.47,1906.25
14.0,4.0,3.0,1408.2,1969.73,103.891,324.598
14.0,7.0,0.0,1295.75,1385.79,5.19231,149.856
14.0,9.0,0.0,1452.76,1533.39,3.17307,158.654
14.0,10.0,0.0,1798.22,1878.7,17.7404,174.952
14.0,15.0,0.0,1863.61,1945.62,36.2019,202.644
14.0,16.0,5.0,7.5,893.75,1154.42,1909.89
15.0,4.0,3.0,1485.6,2034.8,100.567,317.429
15.0,7.0,0.0,1293.82,1387.72,5.40866,149.784
15.0,9.0,0.0,1455.24,1550.91,0.649045,156.418
15.0,10.0,0.0,1798.22,1878.7,17.7404,174.952
15.0,15.0,0.0,1844.4,1930.99,14.3149,157.752
15.0,16.0,5.0,0.0,939.375,1071.66,1916.38
16.0,4.0,3.0,1556.18,2110.63,98.4604,313.608
16.0,7.0,0.0,1288.99,1384.86,8.07693,148.702
16.0,8.0,0.0,1619.11,1710.12,1.26202,132.44
16.0,9.0,0.0,1454.64,1546.9,0.0,156.923
16.0,15.0,0.0,1844.4,1930.99,14.3149,157.752
16.0,16.0,5.0,0.0,953.125,998.647,1914.91
17.0,4.0,3.0,1629.04,2155.56,83.2688,312.88
17.0,7.0,0.0,1287.86,1381.37,0.0,144.663
17.0,8.0,0.0,1615.82,1719.57,1.51443,161.466
17.0,9.0,0.0,1455.41,1546.13,0.0,156.346
17.0,16.0,5.0,0.0,974.375,950.064,1918.78
18.0,4.0,3.0,1694.54,2219.0,86.4473,307.181
18.0,7.0,0.0,1282.79,1381.83,5.76923,149.567
18.0,8.0,0.0,1618.77,1716.61,2.45192,168.606
18.0,9.0,0.0,1455.43,1549.18,0.0,156.995
18.0,16.0,5.0,0.3125,1001.25,889.714,1920.0
19.0,4.0,3.0,1744.11,2266.4,79.0692,302.187
19.0,8.0,0.0,1615.43,1719.95,4.11057,166.514
19.0,9.0,0.0,1452.96,1547.04,0.432694,156.058
19.0,16.0,5.0,0.0,1021.88,850.439,1917.68
19.0,17.0,3.0,2336.15,2556.15,0.0,81.7067
20.0,4.0,3.0,1819.07,2306.05,81.7481,296.528
20.0,8.0,0.0,1612.69,1716.54,3.10096,166.226
20.0,9.0,0.0,1450.72,1552.36,1.65866,158.293
20.0,15.0,0.0,1706.2,1823.03,27.0433,225.216
20.0,16.0,5.0,0.0,1055.0,792.241,1920.0
20.0,17.0,3.0,2336.73,2552.5,0.0,81.4183
21.0,4.0,3.0,1866.82,2370.33,73.5856,291.588
21.0,8.0,0.0,1610.67,1709.33,0.0,164.639
21.0,9.0,0.0,1447.98,1552.02,0.793269,157.716
21.0,15.0,0.0,1684.04,1783.65,38.726,225.361
21.0,16.0,5.0,5.0,1053.12,733.436,1906.65
21.0,17.0,3.0,2336.15,2553.08,0.0,79.9038
22.0,4.0,3.0,1924.93,2401.07,73.9211,287.056
22.0,8.0,0.0,1606.08,1698.53,2.74039,163.99
22.0,9.0,0.0,1447.02,1554.52,0.793269,158.87
22.0,10.0,0.0,1767.24,1857.38,7.86057,169.976
22.0,15.0,0.0,1657.4,1757.98,38.726,233.582
22.0,16.0,5.0,12.8125,1088.75,713.572,1920.0
22.0,17.0,3.0,2336.15,2553.08,0.0,79.9038
23.0,4.0,3.0,1985.48,2451.71,71.2611,286.093
23.0,8.0,0.0,1606.08,1698.53,2.74039,163.99
23.0,9.0,0.0,1443.7,1553.22,1.73077,159.231
23.0,10.0,0.0,1753.17,1865.29,8.58173,173.582
23.0,15.0,0.0,1632.64,1736.59,39.5192,236.827
23.0,16.0,5.0,14.0625,1108.75,689.85,1897.65
24.0,4.0,3.0,2024.64,2494.13,68.3981,277.257
24.0,9.0,0.0,1435.48,1550.67,1.15385,159.952
24.0,10.0,0.0,1743.27,1862.88,15.2164,178.486
24.0,15.0,0.0,1609.11,1704.74,33.8221,243.245
24.0,16.0,5.0,47.8125,1116.25,656.501,1875.56
25.0,4.0,3.0,2081.61,2543.2,66.8922,274.658
25.0,9.0,0.0,1439.71,1546.44,0.721149,156.202
25.0,10.0,0.0,1731.39,1853.22,14.5673,177.981
25.0,15.0,0.0,1583.77,1680.84,60.5048,249.591
25.0,16.0,5.0,85.0,1156.25,606.839,1803.19
26.0,4.0,3.0,2142.01,2552.84,63.2731,273.411
26.0,9.0,0.0,1436.68,1551.01,0.0,159.663
26.0,10.0,0.0,1720.77,1836.15,19.6154,184.615
26.0,15.0,0.0,1557.88,1657.5,52.7164,257.668
26.0,16.0,5.0,119.688,1187.5,588.632,1732.29
27.0,4.0,3.0,2201.66,2556.42,60.0182,262.699
27.0,9.0,0.0,1434.9,1534.33,2.66827,168.245
27.0,10.0,0.0,1701.25,1821.83,13.1971,190.745
27.0,15.0,0.0,1523.92,1619.16,56.4664,265.745
27.0,16.0,5.0,167.812,1192.5,568.602,1692.47
27.0,17.0,3.0,2322.79,2551.06,0.0,71.1058
28.0,4.0,3.0,2253.85,2558.46,58.6298,248.87
28.0,23.0,0.0,1595.53,1687.55,0.0,165.505
28.0,9.0,0.0,1423.08,1509.23,3.46154,169.76
28.0,10.0,0.0,1683.32,1802.84,11.25,187.212
28.0,15.0,0.0,1488.41,1593.12,58.1971,272.668
28.0,16.0,5.0,215.625,1206.88,541.407,1647.04
28.0,17.0,3.0,2322.79,2551.06,0.0,71.1058
29.0,4.0,3.0,2296.85,2556.17,35.2792,270.358
29.0,23.0,0.0,1615.41,1713.82,0.0,160.096
29.0,9.0,0.0,1402.16,1480.91,1.875,170.337
29.0,10.0,0.0,1668.27,1787.12,8.4375,192.764
29.0,15.0,0.0,1454.09,1564.38,59.4952,284.351
29.0,16.0,5.0,248.438,1215.0,507.328,1590.85
30.0,4.0,3.0,2345.58,2560.0,40.4567,235.601
30.0,23.0,0.0,1615.41,1713.82,0.0,160.096
30.0,9.0,0.0,1402.16,1480.91,1.875,170.337
30.0,10.0,0.0,1653.12,1765.34,9.87981,194.351
30.0,15.0,0.0,1412.55,1527.45,63.5337,295.024
30.0,16.0,5.0,277.188,1227.5,478.652,1556.24
31.0,4.0,3.0,2394.18,2559.66,23.3654,235.962
31.0,10.0,0.0,1631.59,1743.8,7.06731,197.019
31.0,15.0,0.0,1375.19,1490.96,84.0144,296.755
31.0,16.0,5.0,305.625,1239.38,465.989,1525.51
31.0,17.0,3.0,2326.44,2553.56,0.0,88.9543
32.0,10.0,0.0,1613.75,1721.63,17.2356,211.803
32.0,15.0,0.0,1329.28,1458.41,86.9712,307.933
32.0,16.0,5.0,328.438,1271.25,449.555,1483.02
32.0,17.0,3.0,2326.44,2553.56,0.0,88.9543
32.0,8.0,0.0,1459.33,1576.06,0.721149,176.827
33.0,10.0,0.0,1593.85,1698.46,25.601,210.361
33.0,15.0,0.0,1290.62,1412.45,86.899,318.389
33.0,16.0,5.0,355.0,1282.5,443.7,1449.1
33.0,8.0,0.0,1446.06,1555.48,0.576925,186.49
34.0,10.0,0.0,1567.4,1675.67,19.6875,208.918
34.0,15.0,0.0,1246.39,1370.53,92.1635,322.933
34.0,16.0,5.0,378.75,1295.0,402.473,1424.89
34.0,8.0,0.0,1414.57,1531.59,5.84135,192.764
35.0,9.0,0.0,1320.34,1415.05,0.0721121,179.639
35.0,10.0,0.0,1539.76,1654.09,12.5481,217.644
35.0,15.0,0.0,1197.64,1325.43,98.5096,336.779
35.0,16.0,5.0,408.75,1300.0,397.162,1409.4
35.0,17.0,3.0,2316.35,2554.42,0.0,86.4303
35.0,8.0,0.0,1404.9,1515.1,2.95673,197.957
36.0,9.0,0.0,1305.94,1389.45,0.0,180.865
36.0,10.0,0.0,1508.51,1622.26,30.0721,224.207
36.0,15.0,0.0,1145.24,1273.22,112.139,351.418
36.0,16.0,5.0,428.75,1295.0,387.587,1368.8
36.0,17.0,3.0,2314.52,2553.17,0.0,87.9808
36.0,20.0,3.0,1408.09,2004.9,870.71,1463.64
36.0,8.0,0.0,1380.96,1488.27,2.01923,204.231
37.0,9.0,0.0,1293.73,1390.89,2.30769,179.423
37.0,10.0,0.0,1469.76,1596.39,22.9327,221.683
37.0,15.0,0.0,1100.38,1225.77,126.13,362.236
37.0,16.0,5.0,443.125,1307.5,384.079,1341.28
37.0,17.0,3.0,2315.38,2552.31,0.0,86.2861
37.0,20.0,3.0,1425.09,2012.93,829.095,1416.19
37.0,8.0,0.0,1349.76,1465.62,3.60577,203.942
38.0,23.0,0.0,1518.77,1613.53,0.0,159.159
38.0,9.0,0.0,1293.73,1390.89,2.30769,179.423
38.0,10.0,0.0,1430.96,1549.04,40.0961,238.702
38.0,16.0,5.0,462.5,1317.5,371.332,1312.08
38.0,17.0,3.0,2315.38,2552.31,0.0,86.2861
38.0,20.0,3.0,1447.28,2019.55,778.777,1355.43
38.0,8.0,0.0,1327.84,1419.86,23.2212,210.721
39.0,23.0,0.0,1504.04,1603.65,0.0,168.317
39.0,10.0,0.0,1387.45,1506.39,33.75,245.625
39.0,16.0,5.0,468.438,1321.25,369.838,1290.81
39.0,17.0,3.0,2313.08,2548.46,0.0,83.726
39.0,20.0,3.0,1463.42,2027.84,745.589,1269.74
39.0,8.0,0.0,1293.17,1396.06,20.4086,226.082
40.0,23.0,0.0,1494.04,1593.65,0.0,175.529
40.0,10.0,0.0,1345.67,1465.1,30.4327,253.125
40.0,16.0,5.0,473.75,1323.75,360.008,1291.61
40.0,17.0,3.0,2296.15,2550.0,0.0,84.6274
40.0,20.0,3.0,1482.72,2043.58,697.959,1247.27
40.0,8.0,0.0,1259.42,1357.5,16.4423,230.769
40.0,26.0,0.0,1588.7,1672.84,0.0,91.5865
41.0,23.0,0.0,1480.72,1582.36,0.0,184.183
41.0,10.0,0.0,1299.04,1425.58,62.3077,257.308
41.0,16.0,5.0,485.312,1333.75,349.252,1260.61
41.0,17.0,3.0,2279.71,2520.29,0.0,84.4832
41.0,20.0,3.0,1509.38,2065.32,663.492,1179.64
41.0,26.0,0.0,1577.84,1656.01,0.0,108.173
41.0,27.0,3.0,1767.88,2093.65,20.3365,181.298
42.0,23.0,0.0,1459.66,1558.8,0.0,181.01
42.0,10.0,0.0,1255.87,1384.13,56.9712,273.029
42.0,16.0,5.0,492.5,1333.75,346.68,1250.28
42.0,17.0,3.0,2277.31,2513.46,0.0,84.4832
42.0,20.0,3.0,1536.86,2074.52,626.261,1122.4
42.0,26.0,0.0,1566.92,1642.31,0.0,105.829
42.0,27.0,3.0,1744.93,2163.35,3.61959,203.572
43.0,23.0,0.0,1439.71,1543.37,0.0,187.861
43.0,10.0,0.0,1215.14,1337.16,62.0192,279.808
43.0,16.0,5.0,502.5,1328.75,345.372,1255.17
43.0,17.0,3.0,2280.96,2506.73,0.0,91.4062
43.0,20.0,3.0,1556.8,2081.11,589.65,1082.29
43.0,26.0,0.0,1531.11,1631.97,0.0,119.243
43.0,27.0,3.0,1725.61,2163.41,3.62904,206.235
44.0,23.0,0.0,1416.73,1520.19,0.216351,188.149
44.0,10.0,0.0,1178.17,1292.6,63.8221,282.043
44.0,16.0,5.0,508.125,1332.5,343.509,1248.55
44.0,17.0,3.0,2280.96,2506.73,0.0,91.4062
44.0,20.0,3.0,1581.95,2102.31,559.307,1027.32
44.0,26.0,0.0,1539.42,1617.5,0.0,113.221
44.0,27.0,3.0,1698.4,2136.42,6.74026,208.902
45.0,23.0,0.0,1393.65,1501.73,2.88462,195.144
45.0,16.0,5.0,521.875,1335.0,336.897,1245.81
45.0,20.0,3.0,1607.97,2109.98,525.56,992.547
45.0,26.0,0.0,1497.02,1598.37,1.37019,124.038
45.0,27.0,3.0,1681.44,2119.48,9.12118,207.979
46.0,23.0,0.0,1368.32,1479.38,4.61539,197.163
46.0,16.0,5.0,526.875,1340.0,333.645,1242.56
46.0,20.0,3.0,1632.51,2127.7,499.697,956.759
46.0,26.0,0.0,1479.42,1583.65,1.29807,121.226
46.0,27.0,1.0,1659.73,2130.14,7.81501,212.285
47.0,23.0,0.0,1342.5,1459.04,7.78846,200.769
47.0,16.0,5.0,531.562,1348.75,330.054,1228.6
47.0,20.0,3.0,1656.37,2145.08,474.261,916.72
47.0,26.0,0.0,1461.25,1561.83,1.91106,133.81
47.0,27.0,1.0,1632.65,2139.05,5.45233,213.828
48.0,23.0,0.0,1317.79,1428.37,6.99519,202.861
48.0,16.0,5.0,541.25,1351.25,330.608,1227.73
48.0,20.0,3.0,1681.13,2154.63,454.926,843.7
48.0,26.0,0.0,1438.2,1534.11,1.1899,125.733
48.0,27.0,1.0,1606.34,2172.55,3.55442,223.374
49.0,23.0,0.0,1290.58,1400.19,4.75962,210.144
49.0,16.0,5.0,537.5,1348.75,329.016,1227.12
49.0,20.0,3.0,1714.16,2174.02,422.017,806.825
49.0,26.0,0.0,1424.5,1510.89,0.0360632,136.118
49.0,27.0,1.0,1575.52,2205.33,0.192175,220.953
50.0,23.0,0.0,1264.9,1373.56,30.2885,215.769
50.0,16.0,5.0,543.125,1350.0,330.994,1230.64
50.0,20.0,3.0,1737.06,2191.36,391.633,777.382
50.0,26.0,0.0,1398.63,1484.45,0.865381,141.058
50.0,27.0,5.0,1545.23,1982.72,3.10939,220.262
51.0,23.0,0.0,1236.35,1346.73,27.7644,225.216
51.0,16.0,5.0,543.75,1351.25,324.006,1224.2
51.0,17.0,3.0,2169.52,2412.02,0.0,104.315
51.0,20.0,3.0,1765.77,2218.23,373.423,744.303
51.0,26.0,0.0,1369.69,1461.08,3.60577,154.183
51.0,27.0,5.0,1537.9,1995.62,1.82126,229.007
52.0,16.0,5.0,547.5,1350.0,324.727,1220.97
52.0,17.0,3.0,2146.92,2339.23,0.0,105.721
52.0,20.0,3.0,1798.82,2243.24,347.424,726.914
52.0,26.0,0.0,1355.94,1442.52,6.27404,149.207
52.0,27.0,1.0,1525.86,2030.91,4.81076,228.419
53.0,16.0,5.0,545.0,1353.75,328.048,1218.95
53.0,17.0,3.0,2131.83,2335.87,0.0,102.548
53.0,20.0,3.0,1830.66,2267.93,321.843,693.358
53.0,26.0,0.0,1314.04,1421.35,2.74039,161.25
53.0,27.0,1.0,1480.87,2003.93,1.2507,232.296
54.0,16.0,5.0,543.438,1355.0,323.068,1220.19
54.0,17.0,3.0,2109.71,2345.67,0.0,106.659
54.0,20.0,3.0,1870.27,2296.78,295.043,661.602
54.0,26.0,0.0,1303.41,1395.05,2.59616,158.221
54.0,27.0,1.0,1452.75,1980.55,0.536821,231.751
55.0,16.0,5.0,544.062,1358.75,324.883,1222.11
55.0,17.0,3.0,2096.44,2315.87,1.37019,109.255
55.0,20.0,3.0,1905.2,2342.15,278.04,634.799
55.0,26.0,0.0,1276.08,1371.61,3.38943,160.601
55.0,27.0,1.0,1420.09,1963.41,0.0,250.443
56.0,16.0,5.0,545.312,1361.25,324.283,1219.33
56.0,17.0,3.0,2082.69,2388.08,0.0,110.192
56.0,20.0,3.0,1943.54,2375.05,257.424,612.012
56.0,27.0,1.0,1398.18,1973.73,0.0,262.964
57.0,16.0,5.0,543.125,1362.5,324.229,1217.09
57.0,17.0,3.0,2058.94,2331.83,0.0,122.236
57.0,20.0,3.0,1989.33,2415.9,245.14,582.5
57.0,27.0,1.0,1348.32,2013.53,0.0,270.575
58.0,16.0,5.0,544.375,1360.0,324.124,1220.04
58.0,17.0,3.0,2035.58,2324.42,0.504813,131.25
58.0,20.0,3.0,2038.12,2453.64,222.401,562.989
58.0,27.0,1.0,1333.78,1912.85,9.73902,292.407
58.0,30.0,3.0,9.29966,800.223,1703.93,1918.68
59.0,16.0,5.0,543.438,1360.0,324.157,1219.2
59.0,17.0,3.0,2018.85,2295.0,0.685093,135.974
59.0,20.0,3.0,2074.12,2511.33,199.166,557.846
59.0,27.0,1.0,1304.67,1808.12,13.1499,288.664
59.0,30.0,3.0,24.4002,800.026,1641.6,1894.93
60.0,16.0,5.0,544.062,1361.25,322.591,1218.73
60.0,17.0,3.0,1998.08,2285.0,0.0,138.173
60.0,20.0,3.0,2122.29,2558.6,184.038,523.796
60.0,27.0,1.0,1270.12,1772.47,11.3219,291.414
60.0,30.0,3.0,2.8125,805.0,1587.5,1920.0
61.0,16.0,5.0,543.438,1358.75,328.685,1221.54
61.0,17.0,3.0,1978.08,2289.62,0.0,139.327
61.0,20.0,3.0,2157.16,2560.0,173.304,484.627
61.0,27.0,1.0,1236.92,1730.69,2.83058,303.839
61.0,30.0,3.0,1.5625,812.5,1549.26,1917.72
62.0,16.0,5.0,542.188,1358.75,326.933,1220.01
62.0,17.0,3.0,1941.15,2280.38,0.0,151.947
62.0,20.0,3.0,2213.87,2560.0,151.011,465.043
62.0,27.0,1.0,1201.22,1681.08,3.44646,313.139
62.0,30.0,3.0,0.0,820.0,1511.26,1918.8
63.0,16.0,5.0,543.75,1358.75,327.649,1220.29
63.0,17.0,3.0,1936.35,2266.73,0.0,156.923
63.0,27.0,1.0,1157.12,1640.48,6.45012,316.332
63.0,30.0,3.0,5.3125,821.25,1471.64,1915.16
63.0,33.0,3.0,2427.6,2560.0,0.0,54.0505
64.0,16.0,5.0,543.75,1357.5,326.146,1223.81
64.0,17.0,3.0,1897.98,2225.1,1.08173,164.207
64.0,27.0,1.0,1122.81,1606.43,1.07755,328.618
64.0,30.0,3.0,7.8125,827.5,1426.64,1918.3
64.0,33.0,3.0,2431.59,2560.0,0.0,59.8017
65.0,16.0,5.0,546.25,1357.5,322.107,1219.56
65.0,17.0,3.0,1879.23,2200.77,4.75961,169.615
65.0,27.0,1.0,1075.41,1577.07,1.43655,341.111
65.0,30.0,3.0,23.125,843.125,1390.06,1920.0
65.0,33.0,3.0,2431.59,2560.0,0.0,59.8017
66.0,16.0,5.0,544.688,1356.25,322.115,1218.47
66.0,17.0,3.0,1838.49,2210.36,3.4421,180.742
66.0,27.0,1.0,1035.33,1546.08,5.90308,352.87
66.0,30.0,3.0,35.9375,846.25,1353.35,1920.0
66.0,33.0,3.0,2404.62,2560.0,0.0,54.1587
67.0,16.0,5.0,542.812,1355.0,324.857,1222.09
67.0,17.0,3.0,1823.53,2179.86,3.15873,187.972
67.0,27.0,1.0,993.856,1501.07,1.75341,365.638
67.0,30.0,3.0,49.6875,858.75,1317.38,1920.0
67.0,33.0,3.0,2404.62,2560.0,0.0,54.1587
68.0,16.0,5.0,541.875,1357.5,328.462,1222.63
68.0,17.0,3.0,1805.53,2161.68,2.07949,194.725
68.0,30.0,3.0,72.1875,873.75,1293.24,1920.0
68.0,33.0,3.0,2397.6,2560.0,0.0,62.7043
68.0,36.0,3.0,2140.48,2357.98,0.38762,36.8239
69.0,16.0,5.0,541.25,1357.5,326.081,1221.12
69.0,17.0,3.0,1774.11,2146.26,6.11027,189.754
69.0,30.0,3.0,88.125,876.875,1257.87,1920.0
69.0,33.0,3.0,2335.58,2559.81,0.288459,61.0096
69.0,36.0,3.0,2116.63,2369.52,0.0721157,46.3341
70.0,16.0,5.0,541.25,1357.5,325.403,1222.85
70.0,17.0,3.0,1756.84,2126.01,2.21611,198.901
70.0,30.0,3.0,102.5,880.625,1233.97,1920.0
70.0,33.0,3.0,2335.58,2559.81,0.288459,61.0096
70.0,36.0,3.0,2116.63,2369.52,0.0721157,46.3341
71.0,16.0,5.0,541.875,1360.0,319.081,1209.11
71.0,17.0,3.0,1733.43,2096.34,6.39838,204.311
71.0,30.0,3.0,114.062,886.25,1205.57,1920.0
71.0,36.0,3.0,2074.33,2316.44,0.414664,55.7993
72.0,16.0,5.0,540.625,1357.5,321.852,1207.76
72.0,17.0,3.0,1720.6,2070.63,2.37559,211.439
72.0,30.0,3.0,137.188,897.5,1182.12,1920.0
72.0,36.0,3.0,2023.37,2352.02,0.0,63.2452
73.0,16.0,5.0,541.562,1360.0,321.254,1207.81
73.0,17.0,3.0,1638.36,2066.15,1.86451,199.319
73.0,30.0,3.0,150.625,907.5,1157.87,1919.82
73.0,36.0,1.0,2002.5,2375.96,0.0,65.1562
73.0,40.0,3.0,2274.04,2519.81,0.0,83.1851
74.0,16.0,5.0,542.188,1362.5,321.637,1202.59
74.0,17.0,3.0,1649.7,2030.02,5.58173,210.051
74.0,30.0,3.0,168.125,918.75,1144.05,1889.26
74.0,36.0,3.0,1978.85,2310.38,0.847356,65.9676
74.0,40.0,3.0,2266.92,2508.46,0.0,82.2476
75.0,16.0,5.0,545.625,1357.5,317.126,1208.35
75.0,17.0,3.0,1641.56,2004.82,4.59867,223.642
75.0,30.0,3.0,174.062,922.5,1132.74,1864.07
75.0,36.0,3.0,1978.85,2310.38,0.847356,65.9676
75.0,40.0,3.0,2228.85,2543.46,0.0,93.2452
76.0,16.0,5.0,544.688,1355.0,314.685,1215.87
76.0,17.0,3.0,1625.78,1981.67,4.28126,234.425
76.0,30.0,3.0,185.938,922.5,1124.75,1846.68
76.0,40.0,3.0,2192.98,2502.4,0.0,94.0745
77.0,16.0,5.0,542.188,1351.25,313.434,1225.79
77.0,17.0,3.0,1591.94,1966.64,7.14952,240.206
77.0,30.0,3.0,206.25,926.25,1104.96,1804.16
77.0,36.0,3.0,1947.31,2237.31,0.0,70.4387
77.0,40.0,3.0,2195.38,2487.69,0.0,101.394
78.0,16.0,5.0,542.188,1348.75,303.442,1226.9
78.0,17.0,3.0,1552.53,1941.87,6.86929,241.352
78.0,30.0,3.0,217.188,931.25,1101.31,1784.99
78.0,36.0,3.0,1947.31,2237.31,0.0,70.4387
78.0,40.0,3.0,2164.42,2506.35,0.0,108.822
79.0,16.0,5.0,541.25,1347.5,302.255,1231.36
79.0,17.0,3.0,1519.27,1919.26,7.60242,251.344
79.0,30.0,3.0,221.875,937.5,1091.03,1783.77
79.0,40.0,3.0,2164.42,2506.35,0.0,108.822
80.0,16.0,5.0,544.688,1346.25,305.05,1234.61
80.0,17.0,3.0,1495.72,1893.38,7.30803,262.934
80.0,30.0,3.0,230.312,938.75,1074.81,1767.89
80.0,40.0,3.0,2093.17,2476.06,0.0,107.055
81.0,16.0,5.0,541.25,1348.75,308.426,1231.43
81.0,17.0,3.0,1459.1,1856.17,24.7084,275.337
81.0,30.0,3.0,251.562,942.5,1061.65,1761.71
81.0,40.0,3.0,2093.17,2476.06,0.0,107.055
81.0,43.0,3.0,1202.06,1655.95,2.75452,193.062
82.0,16.0,5.0,541.25,1350.0,306.494,1228.93
82.0,17.0,3.0,1439.54,1827.03,22.624,279.274
82.0,30.0,3.0,260.938,947.5,1057.53,1748.76
82.0,40.0,3.0,2076.63,2418.75,0.144231,115.673
82.0,43.0,3.0,1154.39,1649.43,9.19124,198.018
83.0,16.0,5.0,542.812,1351.25,302.297,1231.86
83.0,17.0,3.0,1412.85,1797.65,24.7799,284.416
83.0,30.0,3.0,263.125,954.375,1049.28,1733.95
83.0,40.0,3.0,2052.02,2412.6,1.40625,118.45
83.0,43.0,3.0,1110.13,1576.71,3.29601,210.808
84.0,16.0,5.0,538.125,1347.5,305.36,1230.62
84.0,17.0,3.0,1375.85,1765.39,28.7216,297.96
84.0,30.0,3.0,266.25,956.875,1036.34,1716.35
84.0,40.0,3.0,2025.77,2343.46,1.15384,128.221
84.0,43.0,3.0,1059.86,1627.46,3.03266,215.933
84.0,48.0,3.0,1614.23,2007.31,0.540866,112.536
85.0,16.0,5.0,536.25,1348.75,306.707,1228.58
85.0,17.0,3.0,1345.83,1737.65,32.2704,305.173
85.0,30.0,3.0,277.188,956.25,1032.22,1703.49
85.0,40.0,3.0,2003.46,2298.08,0.0721192,133.63
85.0,48.0,3.0,1580.58,1988.65,1.55048,119.82
86.0,16.0,5.0,532.5,1350.0,309.888,1229.97
86.0,17.0,3.0,1317.71,1707.91,40.8939,311.442
86.0,30.0,3.0,284.688,957.5,1026.39,1685.96
86.0,40.0,3.0,1983.27,2287.5,1.18991,133.089
86.0,48.0,5.0,1494.99,1971.0,5.29552,147.899
87.0,16.0,5.0,534.062,1352.5,308.131,1226.75
87.0,17.0,3.0,1275.11,1685.54,45.819,326.938
87.0,30.0,3.0,287.188,958.75,1020.82,1683.79
87.0,40.0,3.0,1952.02,2300.29,0.793269,131.899
87.0,48.0,3.0,1476.9,1937.71,0.0,141.737
88.0,16.0,5.0,537.5,1345.0,308.369,1223.74
88.0,17.0,3.0,1243.12,1639.03,53.1192,330.015
88.0,30.0,3.0,290.741,964.377,1008.07,1689.27
88.0,40.0,3.0,1926.35,2261.35,1.44231,139.904
88.0,48.0,3.0,1444.11,1864.4,3.02742,162.346
89.0,16.0,5.0,534.375,1342.5,311.398,1220.76
89.0,17.0,3.0,1199.9,1608.93,63.0095,343.683
89.0,30.0,3.0,288.021,968.599,1001.15,1682.19
89.0,40.0,3.0,1894.42,2222.5,0.0,160.817
89.0,48.0,3.0,1414.13,1820.12,0.0,159.348
90.0,16.0,5.0,530.312,1343.75,313.444,1221.03
90.0,17.0,3.0,1162.44,1574.52,63.3287,352.806
90.0,30.0,3.0,292.428,971.678,997.091,1677.72
90.0,40.0,3.0,1862.66,2221.34,0.0,174.721
90.0,48.0,3.0,1379.73,1788.01,0.0,162.547
91.0,16.0,5.0,539.062,1343.75,317.323,1223.36
91.0,17.0,3.0,1120.01,1540.99,81.0286,366.889
91.0,30.0,3.0,293.903,974.813,993.248,1679.3
91.0,40.0,3.0,1831.25,2195.67,4.09306,172.944
91.0,42.0,3.0,1571.52,2006.4,757.123,1194.85
91.0,48.0,3.0,1327.75,1726.13,2.74943,165.687
92.0,16.0,5.0,533.438,1338.75,313.444,1226.36
92.0,17.0,3.0,1089.43,1501.97,81.2608,381.206
92.0,30.0,3.0,310.101,963.011,978.325,1664.71
92.0,40.0,3.0,1806.96,2169.42,3.95944,177.025
92.0,42.0,3.0,1576.04,2010.28,717.764,1157.21
92.0,48.0,3.0,1295.56,1688.92,0.566826,176.401
93.0,16.0,5.0,533.75,1340.0,312.713,1228.31
93.0,17.0,3.0,1049.62,1473.23,94.2436,383.791
93.0,30.0,3.0,313.585,969.37,980.461,1653.4
93.0,40.0,3.0,1780.79,2141.93,2.56662,189.695
93.0,42.0,3.0,1596.45,2018.2,685.034,1117.24
93.0,48.0,3.0,1245.81,1647.32,0.452864,181.294
94.0,16.0,5.0,534.062,1340.0,316.649,1229.57
94.0,17.0,3.0,1012.22,1432.99,107.81,393.461
94.0,30.0,3.0,315.582,971.688,982.878,1650.34
94.0,40.0,3.0,1755.85,2113.48,1.1998,192.86
94.0,42.0,3.0,1601.59,2026.49,658.548,1046.37
94.0,48.0,3.0,1202.72,1602.61,1.21424,188.846
95.0,16.0,5.0,529.062,1337.5,316.858,1230.56
95.0,17.0,3.0,977.57,1393.24,113.997,392.724
95.0,30.0,3.0,316.23,971.375,979.716,1650.44
95.0,40.0,3.0,1727.18,2088.5,6.04498,195.472
95.0,42.0,3.0,1615.44,2027.48,626.867,1016.88
95.0,48.0,3.0,1161.03,1566.08,0.0,196.978
96.0,16.0,5.0,529.062,1342.5,320.213,1230.02
96.0,30.0,3.0,319.881,976.948,982.143,1641.83
96.0,40.0,3.0,1699.12,2059.82,2.36198,204.302
96.0,42.0,3.0,1626.79,2029.82,605.537,978.141
96.0,48.0,3.0,1112.0,1524.24,6.56731,204.964
97.0,16.0,5.0,536.875,1342.5,318.713,1233.42
97.0,30.0,3.0,324.272,977.182,982.64,1632.89
97.0,40.0,3.0,1669.35,2034.03,2.49837,206.918
97.0,42.0,3.0,1638.73,2034.2,573.705,940.712
98.0,16.0,5.0,533.125,1337.5,314.54,1235.74
98.0,30.0,3.0,322.768,982.407,979.911,1628.1
98.0,40.0,3.0,1642.44,2007.57,6.57144,210.12
98.0,42.0,3.0,1655.47,2031.91,549.584,897.229
99.0,16.0,5.0,525.312,1336.25,315.493,1236.47
99.0,30.0,3.0,328.585,981.176,979.182,1625.55
99.0,36.0,3.0,1740.38,2047.31,3.82212,75.8654
99.0,40.0,3.0,1612.76,1980.76,6.14104,221.656
99.0,42.0,3.0,1666.82,2038.33,526.992,858.151
100.0,16.0,5.0,527.5,1337.5,317.72,1238.02
100.0,30.0,3.0,326.574,995.946,970.331,1618.76
100.0,36.0,3.0,1679.9,2027.79,0.0721157,80.8414
100.0,40.0,3.0,1575.06,1955.01,2.98419,225.694
100.0,42.0,3.0,1678.41,2047.22,500.632,819.376
101.0,16.0,5.0,521.562,1340.0,314.545,1235.52
101.0,30.0,3.0,323.125,996.875,988.885,1607.89
101.0,36.0,3.0,1696.15,1983.85,0.108172,98.3293
101.0,40.0,3.0,1550.11,1926.0,3.14038,230.687
101.0,42.0,3.0,1694.33,2058.39,476.524,800.525
102.0,16.0,5.0,519.688,1340.0,311.805,1235.03
102.0,30.0,3.0,324.375,996.875,991.99,1603.64
102.0,36.0,3.0,1686.83,2014.71,2.48798,101.647
102.0,40.0,3.0,1520.05,1892.29,2.8729,243.144
102.0,42.0,3.0,1713.42,2070.79,454.222,774.37
103.0,16.0,5.0,524.688,1341.25,313.527,1232.48
103.0,30.0,3.0,323.75,995.0,995.181,1604.59
103.0,36.0,3.0,1684.33,1998.75,0.829325,107.055
103.0,40.0,3.0,1492.72,1862.97,8.50305,249.361
103.0,42.0,3.0,1731.42,2085.75,430.562,738.52
104.0,16.0,5.0,513.438,1338.75,312.655,1231.61
104.0,30.0,3.0,324.688,1000.0,986.031,1601.57
104.0,36.0,3.0,1640.0,1966.15,2.45193,112.5
104.0,40.0,3.0,1456.23,1840.66,16.5407,257.767
104.0,42.0,3.0,1755.68,2099.77,413.788,716.602
105.0,16.0,5.0,512.5,1341.25,311.966,1232.61
105.0,30.0,3.0,326.25,995.0,999.996,1602.97
105.0,36.0,3.0,1621.06,1957.4,1.875,113.654
105.0,40.0,3.0,1423.79,1804.48,23.1694,261.112
105.0,42.0,3.0,1771.09,2112.67,390.291,692.699
106.0,16.0,5.0,501.562,1346.25,311.572,1235.48
106.0,30.0,3.0,326.875,1000.62,981.776,1600.1
106.0,36.0,3.0,1621.06,1957.4,1.875,113.654
106.0,40.0,3.0,1390.84,1776.59,26.0991,275.972
106.0,42.0,3.0,1795.98,2129.98,374.927,672.755
107.0,16.0,5.0,519.062,1350.0,310.856,1234.53
107.0,30.0,3.0,327.812,1005.0,982.512,1599.26
107.0,40.0,3.0,1365.04,1745.92,31.8061,280.735
107.0,42.0,3.0,1817.01,2162.2,355.258,641.258
108.0,16.0,5.0,500.312,1346.25,316.109,1233.05
108.0,30.0,3.0,325.938,1003.75,979.547,1603.11
108.0,40.0,3.0,1330.18,1724.6,29.3694,289.013
108.0,42.0,3.0,1843.69,2175.9,336.566,614.038
109.0,16.0,5.0,504.375,1347.5,314.734,1231.9
109.0,30.0,3.0,327.188,1003.75,981.845,1603.58
109.0,40.0,3.0,1304.11,1690.23,35.1286,297.233
109.0,42.0,3.0,1872.96,2203.55,317.843,591.981
110.0,16.0,5.0,500.312,1346.25,313.385,1234.92
110.0,30.0,3.0,328.438,1002.5,977.283,1605.42
110.0,40.0,3.0,1261.83,1669.26,42.3053,307.742
110.0,42.0,3.0,1898.37,2230.42,303.177,571.3
110.0,60.0,1.0,1787.21,2245.6,0.0,178.863
111.0,16.0,5.0,502.812,1345.0,312.41,1229.8
111.0,30.0,3.0,328.75,1002.5,979.55,1604.63
111.0,40.0,3.0,1225.92,1642.61,54.425,314.458
111.0,42.0,3.0,1934.0,2269.06,284.272,547.37
111.0,60.0,1.0,1768.56,2207.81,0.0,187.319
111.0,63.0,3.0,1336.54,1695.77,10.8894,144.88
112.0,16.0,5.0,504.375,1345.0,314.127,1230.39
112.0,30.0,3.0,329.062,1003.75,974.42,1604.71
112.0,40.0,3.0,1203.16,1607.42,58.644,322.788
112.0,42.0,3.0,1974.84,2299.67,269.492,530.352
112.0,60.0,1.0,1744.86,2207.13,0.0,195.307
112.0,61.0,4.0,2372.02,2440.29,65.9856,261.13
112.0,63.0,3.0,1288.46,1648.46,7.96875,150.685
113.0,16.0,5.0,475.312,1343.75,318.841,1236.68
113.0,30.0,3.0,330.625,1008.12,977.187,1592.95
113.0,40.0,3.0,1163.5,1577.91,63.0262,333.31
113.0,42.0,3.0,1999.99,2325.22,254.303,509.773
113.0,60.0,1.0,1701.85,2158.95,0.0,197.719
113.0,61.0,4.0,2351.2,2414.95,63.4615,265.962
113.0,63.0,3.0,1288.46,1648.46,7.96875,150.685
114.0,16.0,5.0,486.562,1342.5,318.621,1234.44
114.0,30.0,3.0,331.562,1008.75,974.803,1591.7
114.0,40.0,3.0,1132.18,1547.14,71.4798,339.816
114.0,42.0,3.0,2041.06,2356.2,235.355,492.704
114.0,60.0,1.0,1669.39,2134.1,1.30867,201.873
114.0,61.0,0.0,2305.24,2408.61,61.875,267.837
114.0,63.0,3.0,1221.15,1551.15,1.94711,159.303
115.0,16.0,5.0,487.188,1341.25,314.259,1236.02
115.0,30.0,3.0,331.562,1006.25,974.716,1584.95
115.0,40.0,3.0,1109.68,1510.79,75.3129,350.726
115.0,42.0,3.0,2080.61,2395.22,225.604,469.569
115.0,60.0,1.0,1616.53,2193.07,0.0,210.414
115.0,61.0,2.0,2292.02,2381.83,61.6586,267.764
115.0,63.0,3.0,1168.94,1511.06,3.67788,156.13
116.0,16.0,5.0,480.938,1340.0,314.027,1236.58
116.0,30.0,3.0,333.438,1002.5,977.007,1568.97
116.0,40.0,3.0,1075.11,1474.85,76.2602,357.86
116.0,42.0,3.0,2116.99,2422.14,205.201,457.111
116.0,60.0,1.0,1589.12,2044.87,1.17714,211.289
116.0,61.0,4.0,2291.73,2351.35,53.5096,225.433
116.0,63.0,3.0,1168.94,1511.06,3.67788,156.13
117.0,16.0,5.0,504.062,1340.0,315.57,1235.2
117.0,30.0,3.0,335.625,1001.88,971.71,1574.32
117.0,40.0,3.0,1040.22,1454.72,84.2678,371.177
117.0,42.0,3.0,2148.84,2468.01,196.106,437.907
117.0,60.0,1.0,1580.39,2042.01,1.3197,217.969
117.0,61.0,4.0,2291.73,2351.35,53.5096,225.433
118.0,16.0,5.0,514.375,1340.0,320.61,1238.33
118.0,30.0,3.0,341.25,1002.5,974.023,1545.71
118.0,40.0,3.0,1005.4,1422.8,100.406,378.895
118.0,42.0,3.0,2187.09,2511.84,186.864,427.362
118.0,60.0,1.0,1545.95,2021.03,1.14983,225.469
119.0,16.0,5.0,505.312,1340.0,318.201,1240.08
119.0,30.0,3.0,345.312,1002.5,973.85,1511.82
119.0,40.0,3.0,979.958,1394.13,104.137,385.634
119.0,42.0,3.0,2223.2,2541.05,171.23,401.459
119.0,60.0,1.0,1518.23,1990.8,0.171411,234.425
119.0,61.0,4.0,2229.69,2284.16,47.3798,231.851
120.0,16.0,5.0,512.5,1340.0,318.843,1241.85
120.0,30.0,3.0,351.562,1000.0,967.159,1492.07
120.0,60.0,1.0,1477.66,1959.55,0.0,241.137
120.0,61.0,4.0,2208.17,2262.6,42.6923,240.0
121.0,16.0,5.0,510.938,1341.25,315.925,1241.64
121.0,30.0,3.0,352.188,1001.25,959.553,1495.39
121.0,60.0,1.0,1439.35,1935.18,0.0,250.396
121.0,61.0,4.0,2177.76,2240.7,34.1827,241.587
122.0,16.0,5.0,513.438,1342.5,312.313,1238.02
122.0,30.0,3.0,352.188,1001.25,964.996,1495.06
122.0,36.0,3.0,1224.23,1581.92,2.63221,112.464
122.0,60.0,1.0,1415.06,1904.34,0.17807,256.554
122.0,61.0,4.0,2156.73,2224.81,36.6346,245.481
122.0,67.0,1.0,2117.3,2560.0,9.65777,208.953
123.0,16.0,5.0,513.125,1345.0,310.485,1240.5
123.0,30.0,3.0,360.312,1003.75,966.877,1503.58
123.0,60.0,1.0,1378.77,1871.09,1.79183,260.826
123.0,61.0,4.0,2149.18,2216.97,33.75,246.923
123.0,67.0,1.0,2117.3,2560.0,9.65777,208.953
124.0,16.0,5.0,516.875,1345.0,315.687,1242.19
124.0,30.0,3.0,351.875,999.375,964.466,1508.61
124.0,60.0,1.0,1352.27,1852.22,1.30913,276.621
124.0,61.0,4.0,2149.18,2216.97,33.75,246.923
124.0,70.0,5.0,0.0,1071.88,1178.18,1920.0
125.0,16.0,5.0,515.312,1348.75,315.334,1244.1
125.0,30.0,3.0,367.5,995.0,962.207,1461.75
125.0,60.0,1.0,1335.4,1821.87,1.98259,278.372
125.0,70.0,5.0,0.0,1077.5,1171.29,1920.0
126.0,16.0,5.0,512.812,1350.0,312.297,1242.99
126.0,30.0,3.0,370.0,995.0,969.82,1453.29
126.0,37.0,0.0,2087.19,2177.43,28.125,237.981
126.0,60.0,1.0,1285.37,1770.45,6.63204,295.086
126.0,70.0,5.0,0.0,1075.0,1159.93,1920.0
127.0,16.0,5.0,507.812,1347.5,312.75,1243.11
127.0,30.0,3.0,380.312,1000.0,967.93,1461.58
127.0,37.0,0.0,2087.19,2177.43,28.125,237.981
127.0,60.0,1.0,1251.66,1739.5,7.21456,298.535
127.0,61.0,4.0,2074.71,2131.44,44.5673,231.49
127.0,70.0,5.0,0.0,1057.5,1132.31,1920.0
128.0,16.0,5.0,505.0,1347.5,308.005,1242.12
128.0,30.0,3.0,401.25,1005.0,965.457,1479.67
128.0,60.0,1.0,1209.4,1706.02,3.78552,310.956
128.0,61.0,4.0,2058.2,2114.11,42.9808,231.202
128.0,70.0,5.0,0.0,1037.5,1103.4,1920.0
129.0,16.0,5.0,507.812,1347.5,299.403,1245.68
129.0,30.0,3.0,394.375,1011.88,912.672,1414.77
129.0,60.0,1.0,1172.18,1674.52,7.57686,316.741
129.0,61.0,4.0,2043.56,2116.44,43.2692,234.231
129.0,70.0,5.0,0.0,1046.25,1090.43,1920.0
130.0,16.0,5.0,500.938,1347.5,303.162,1246.21
130.0,30.0,3.0,394.375,1011.88,912.672,1414.77
130.0,60.0,1.0,1132.38,1643.32,6.10535,323.104
130.0,61.0,4.0,2037.76,2119.16,36.7789,239.856
130.0,70.0,5.0,2.8125,1042.5,1076.87,1918.92
131.0,16.0,5.0,492.188,1348.75,306.167,1239.48
131.0,60.0,1.0,1091.51,1602.07,1.51289,333.805
131.0,61.0,4.0,2015.43,2076.88,29.0625,231.707
131.0,70.0,5.0,1.25,1036.88,1059.43,1919.55
132.0,16.0,5.0,504.375,1347.5,307.243,1239.08
132.0,60.0,1.0,1056.25,1571.58,5.72556,345.317
132.0,61.0,4.0,2011.59,2074.57,22.6442,238.702
132.0,70.0,5.0,0.0,1046.25,1051.74,1920.0
133.0,16.0,5.0,512.812,1350.0,310.217,1236.15
133.0,60.0,1.0,1022.57,1544.47,2.83761,366.189
133.0,61.0,4.0,2015.84,2082.62,23.2212,238.413
133.0,70.0,5.0,0.0,1035.0,1030.96,1920.0
134.0,16.0,5.0,522.812,1352.5,307.357,1231.49
134.0,60.0,1.0,972.165,1494.77,4.69554,377.209
134.0,61.0,4.0,2004.11,2075.89,20.4808,236.394
134.0,70.0,5.0,0.0,1026.25,1033.86,1920.0
135.0,16.0,5.0,529.062,1348.75,312.771,1229.49
135.0,61.0,4.0,2004.66,2063.03,22.0673,230.192
135.0,70.0,5.0,1.5625,1025.0,965.15,1920.0
136.0,16.0,5.0,533.75,1350.0,315.902,1227.71
136.0,61.0,4.0,1971.18,2025.75,27.5481,233.221
136.0,64.0,3.0,1776.88,2270.27,547.226,995.009
136.0,70.0,5.0,1.5625,1028.75,953.014,1920.0
136.0,74.0,0.0,2085.87,2184.9,0.0,81.5986
137.0,16.0,5.0,537.812,1347.5,314.991,1226.57
137.0,61.0,4.0,1971.18,2025.75,27.5481,233.221
137.0,64.0,3.0,1786.67,2275.02,525.301,914.645
137.0,70.0,5.0,0.0,1031.25,943.008,1920.0
137.0,74.0,0.0,2085.87,2184.9,0.0,81.5986
138.0,16.0,5.0,535.312,1348.75,313.075,1230.69
138.0,61.0,4.0,1948.1,2005.75,13.4135,228.75
138.0,64.0,3.0,1800.89,2276.42,487.16,932.872
138.0,70.0,5.0,0.0,1036.25,931.552,1920.0
138.0,75.0,3.0,2080.0,2387.69,0.0,111.851
139.0,16.0,5.0,535.625,1352.5,308.932,1222.74
139.0,61.0,4.0,1939.3,2020.7,17.1635,229.76
139.0,64.0,3.0,1817.42,2286.38,467.737,907.289
139.0,70.0,5.0,0.625,1043.12,914.778,1920.0
139.0,75.0,3.0,2042.02,2317.98,0.0,118.99
140.0,16.0,5.0,532.188,1351.25,313.463,1217.95
140.0,61.0,4.0,1932.62,1987.38,23.8702,229.111
140.0,64.0,3.0,1838.35,2288.1,440.168,784.435
140.0,70.0,5.0,0.0,1033.75,908.482,1920.0
140.0,75.0,3.0,1991.35,2282.5,0.144231,131.106
141.0,16.0,5.0,529.062,1348.75,314.182,1220.88
141.0,61.0,4.0,1924.69,1976.85,25.5289,217.356
141.0,64.0,3.0,1857.56,2306.0,419.61,780.927
141.0,70.0,5.0,3.4375,1041.25,893.892,1920.0
141.0,75.0,3.0,1946.44,2232.02,0.0,140.913
142.0,16.0,5.0,530.938,1347.5,310.54,1222.01
142.0,61.0,4.0,1922.93,1975.53,32.2356,221.322
142.0,64.0,3.0,1886.53,2323.9,405.771,742.802
142.0,70.0,5.0,1.5625,1042.5,882.165,1920.0
142.0,75.0,3.0,1888.08,2182.69,0.0,148.486
142.0,80.0,4.0,1985.24,2030.14,35.4086,230.409
143.0,16.0,5.0,534.688,1348.75,308.697,1222.28
143.0,61.0,4.0,1922.24,1979.3,36.9231,225.0
143.0,64.0,3.0,1909.44,2337.26,381.648,723.903
143.0,70.0,5.0,0.0,1035.0,864.915,1920.0
143.0,75.0,3.0,1831.92,2078.85,5.76923,161.538
143.0,80.0,4.0,1976.95,2026.13,33.4615,230.192
144.0,16.0,5.0,540.312,1346.25,304.727,1224.13
144.0,61.0,4.0,1923.12,1975.34,30.1442,218.51
144.0,64.0,3.0,1935.86,2366.11,359.598,702.439
144.0,70.0,5.0,0.0,1036.88,845.062,1920.0
144.0,75.0,3.0,1807.6,2069.33,12.3317,169.255
144.0,80.0,4.0,1980.91,2028.32,32.7404,228.894
145.0,16.0,5.0,538.75,1347.5,303.01,1233.48
145.0,61.0,4.0,1919.81,1975.58,28.6298,219.014
145.0,64.0,3.0,1972.4,2384.13,336.367,672.823
145.0,70.0,5.0,0.0,1035.62,839.414,1920.0
145.0,75.0,3.0,1728.65,2034.42,5.33654,184.327
145.0,80.0,4.0,1975.38,2027.69,23.0769,230.481
146.0,16.0,5.0,541.25,1348.75,311.737,1235.42
146.0,61.0,4.0,1921.88,1973.51,32.4519,218.798
146.0,64.0,3.0,2000.53,2414.71,314.058,646.351
146.0,70.0,5.0,0.0,1040.0,823.853,1920.0
146.0,75.0,3.0,1668.43,2020.34,0.0,196.705
146.0,80.0,4.0,1975.38,2027.69,23.0769,230.481
147.0,16.0,5.0,551.25,1347.5,309.665,1234.25
147.0,61.0,4.0,1921.88,1973.51,32.4519,218.798
147.0,64.0,3.0,2035.52,2437.91,299.511,621.03
147.0,70.0,5.0,0.0,1032.5,815.957,1920.0
147.0,75.0,3.0,1614.62,1995.22,4.44192,198.266
147.0,83.0,3.0,2021.92,2331.92,0.721157,79.6875
148.0,16.0,5.0,548.75,1347.5,309.702,1234.06
148.0,61.0,4.0,1914.95,1971.2,22.4279,219.159
148.0,64.0,3.0,2069.73,2470.6,273.989,594.92
148.0,70.0,5.0,0.0,1033.12,799.062,1920.0
148.0,75.0,3.0,1564.09,1900.13,9.89849,210.634
148.0,83.0,3.0,1995.96,2287.12,0.0,85.5649
