2,1,0,2183.55,2334.85,687.154,1070.59
2,2,0,2148.13,2313.61,335.969,628.03
2,3,3,1721.66,2141.23,500.44,848.764
2,4,0,1854.56,2021.95,705.649,1104.51
2,5,3,2408.51,2560,83.4375,309.447
2,6,0,1460.91,1568.32,2.88461,156.923
2,7,3,1431.25,2042.5,1041.34,1552.49
2,8,0,2469.23,2558.46,327.188,606.274
2,9,0,1596.59,1698.8,1.51443,171.851
2,10,1,1740.22,2150.44,0,184.26
2,11,3,2188.94,2475.67,0,103.269
3,1,0,2195.33,2344.61,650.01,1027.13
3,2,0,2183.09,2337.41,314.967,596.045
3,3,3,1748.6,2151.28,479.987,805.098
3,4,0,1866.2,2009.59,663.389,1050.54
3,5,3,2467.81,2559.88,58.2692,295.673
3,6,0,1459.28,1568.41,1.875,157.5
3,7,3,1463.3,2027.73,974.827,1490.35
3,8,0,2498.63,2559.83,292.284,578.87
3,9,0,1595.87,1699.52,0.576925,170.913
3,10,1,1733.19,2151.38,0,183.903
3,11,3,2163.65,2430.19,2.27163,107.632
4,1,0,2198.27,2350.72,625.725,983.27
4,2,0,2219.39,2369,292.994,572.293
4,3,3,1770.75,2177.98,451.669,773.188
4,4,0,1861.04,2040.57,624.177,1018.2
4,5,3,2467.81,2559.88,58.2692,295.673
4,6,0,1460.24,1567.45,2.01923,157.933
4,7,3,1480.28,2022.02,943.502,1433.86
4,8,0,2530.64,2558.59,286.731,561.346
4,9,0,1595.77,1696.54,1.51442,171.707
4,10,1,1728.87,2156.06,0,183.917
4,11,3,2167.31,2429.62,1.55048,104.171
5,1,0,2210.3,2354.28,595.484,944.545
5,2,0,2261.3,2394.09,267.115,531.346
5,3,3,1802.66,2194,424.884,743.512
5,4,0,1873.62,2045.02,588.551,977.956
5,6,0,1459.66,1568.03,2.37981,157.428
5,7,3,1495.31,2025.67,894.975,1367.7
5,8,0,2530.64,2558.59,286.731,561.346
5,9,0,1594.76,1697.55,0.793269,172.428
5,10,1,1728.34,2164.65,0,184.697
5,11,3,2165.38,2428.46,1.29807,104.856
5,14,0,2200.35,2475.74,1315.67,1915.33
6,1,0,2217.61,2359.32,568.111,916.512
6,2,0,2291.88,2425.05,244.76,512.74
6,3,3,1827.86,2217.87,404.95,713.36
6,4,0,1896.65,2056.69,568.125,934.641
6,6,0,1460.05,1569.18,1.65866,157.572
6,7,3,1505.87,2030.56,838.592,1303.31
6,9,0,1594.33,1694.9,0.865388,174.375
6,10,1,1758.98,2230.72,0,193.962
6,11,3,2158.27,2435.58,0.396634,106.767
6,14,0,2203.54,2440.39,1237.37,1818.77
7,1,0,2229.18,2382.71,539.229,875.02
7,2,0,2337.6,2468.56,228.245,478.486
7,3,3,1859.21,2245.66,376.013,687.108
7,4,0,1910.43,2078.06,532.237,896.356
7,6,0,1459.47,1568.22,2.16346,159.808
7,7,3,1532.51,2035.14,804.077,1245.89
7,9,0,1595.34,1693.89,0.793269,174.591
7,10,1,1736.32,2258.04,0,196.146
7,11,3,2145.58,2451.35,0.612978,105.541
7,14,0,2194.56,2422.61,1162.82,1727.3
8,1,0,2245.22,2389.06,515.45,842.263
8,2,0,2377.4,2514.9,214.832,460.168
8,3,3,1904.01,2274.53,353.773,646.198
8,4,0,1931.23,2087.67,502.824,860.795
8,6,0,1459.42,1568.27,4.18269,158.798
8,7,3,1548.25,2044.41,761.723,1196.79
8,9,0,1595.96,1693.27,0.721149,172.5
8,10,1,1698.82,2191.87,0,179.889
8,11,3,2164.33,2429.52,0.649037,105.288
8,14,0,2182.41,2408.58,1097.29,1646.54
9,1,0,2265.91,2410.25,496.201,811.454
9,2,0,2427.12,2551.35,188.726,431.466
9,3,3,1939.15,2299.14,336.66,617.471
9,4,0,1946.45,2097.23,470.804,812.153
9,6,0,1458.03,1569.66,0.721157,157.933
9,7,3,1575.42,2058.08,720.536,1150.64
9,9,0,1596.97,1701.49,0,170.481
9,10,1,1752.28,2238.01,0,182.094
9,11,3,2161.15,2438.85,0,104.423
9,14,0,2189.53,2403.59,1040.37,1567.55
10,1,0,2285.79,2426.99,470.242,778.494
10,2,0,2475.29,2560,159.303,410.986
10,3,3,1965.48,2344.5,313.887,588.897
10,4,0,1967.29,2116.78,442.684,786.71
10,6,0,1459.62,1569.62,1.08173,158.005
10,7,3,1593.11,2063.23,695.158,1092.47
10,9,0,1595.72,1699.66,0.432694,168.894
10,10,1,1744.18,2257.81,0,178.83
10,11,3,2167.79,2432.21,0,104.026
10,14,0,2187.23,2381.12,984.024,1489.77
10,20,3,2424.28,2560,0,50.8774
10,22,0,2178.22,2460.12,1600.47,1920
11,1,0,2302.57,2451.45,448.715,755.727
11,2,0,2475.29,2560,159.303,410.986
11,3,3,2016.66,2376.4,292.851,560.287
11,4,0,1979.08,2142.95,423.142,766.749
11,6,0,1462.64,1569.66,1.08172,160.312
11,7,3,1617.19,2071.69,659.731,1042.1
11,9,0,1596.92,1698.46,1.15385,170.048
11,10,1,1700.25,2172.39,0,182.492
11,11,3,2168.46,2440.77,0.97356,104.892
11,14,0,2171.86,2380.04,931.751,1421.46
11,20,3,2424.28,2560,0,50.8774
11,22,0,2149.58,2446.75,1522.17,1917.21
12,1,0,2333.95,2473.26,431.052,726.952
12,3,3,2058.66,2413.42,277.207,537.557
12,4,0,2018.45,2155.94,387.273,722.695
12,6,0,1460.62,1570.14,1.80289,160.889
12,7,3,1637.47,2087.99,628.339,1013.52
12,9,0,1598.41,1700.05,0.216343,171.418
12,10,1,1703.88,2171.43,0,175.014
12,11,3,2169.13,2430.87,0.540866,103.522
12,14,0,2181.7,2366.17,874.958,1359.67
12,20,3,2426.15,2560,0.594953,48.9844
12,22,0,2147.88,2398.26,1444.48,1920
13,1,0,2354.79,2493.59,401.138,698.741
13,3,3,2101.46,2456.92,248.642,519.256
13,4,0,2046.07,2200.21,371.725,690.85
13,6,0,1459.95,1567.74,3.75,160.24
13,7,3,1662.93,2114.7,598.569,973.913
13,9,0,1597.69,1700.77,0.0721121,170.986
13,10,1,1708.02,2173.12,0,170.674
13,11,3,2162.5,2437.5,0.43269,104.135
13,14,0,2178.53,2365.45,836.197,1290.87
13,20,3,2424.47,2560,0.558895,52.2296
13,22,0,2137.36,2366.34,1380.16,1918.26
13,25,0,450.717,711.945,88.1016,312.415
14,1,0,2374.31,2508.15,381.337,676.335
14,3,3,2140.89,2495.39,235.768,492.081
14,4,0,2076.4,2225.32,350.409,667.206
14,6,0,1457.88,1568.27,4.6875,161.322
14,7,3,1686.49,2117.56,570.62,939.874
14,9,0,1596.39,1698.99,1.29808,172.067
14,10,1,1723.24,2156.9,0,190.612
14,11,3,2169.9,2433.17,1.80288,106.514
14,14,0,2159.65,2355.06,792.869,1228.32
14,20,3,2426.44,2560,0.018028,53.8882
14,22,0,2130.74,2345.29,1310.03,1876.72
14,25,0,559.69,807.574,82.8661,316.743
15,1,0,2409.23,2529.23,365.264,649.543
15,3,3,2183.87,2533.56,220.63,477.038
15,4,0,2111.06,2251.23,329.451,638.985
15,6,0,1456.15,1568.46,4.54327,162.043
15,7,3,1715.64,2137.36,548.558,893.329
15,9,0,1595.62,1699.76,0,170.337
15,10,1,1704.47,2185.33,0,188.856
15,11,3,2152.6,2450.48,0.829325,107.632
15,14,0,2162.27,2345.13,746.291,1181.1
15,20,3,2417.69,2560,0,53.3834
15,22,0,2122.91,2342.15,1242.09,1786
15,25,0,656.346,909.808,115.24,305.913
16,1,0,2433.37,2542.02,340.673,630.288
16,3,3,2224.8,2560,198.588,455.34
16,4,0,2148.6,2297.01,311.12,606.912
16,6,0,1456.78,1567.84,3.82212,159.88
16,7,3,1736.81,2156.45,517.188,864.324
16,9,0,1598.75,1699.71,0.0721121,172.572
16,10,1,1715.99,2170.15,0,171.05
16,11,3,2164.62,2435.38,0.829325,104.243
16,14,0,2167.23,2339.64,704.236,1119.24
16,20,3,2418.65,2560,0,52.9147
16,22,0,2114.19,2329.32,1177.84,1716.73
16,25,0,766.442,1012.02,110.12,304.688
16,26,0,1208.37,1327.02,2.8125,137.38
17,1,0,2456.78,2555.53,323.438,599.639
17,3,3,2279.09,2560,178.406,439.761
17,4,0,2192.56,2347.29,291.459,581.459
17,6,0,1455.53,1569.09,6.20193,159.663
17,7,3,1767.16,2185.89,491.602,826.665
17,9,0,1598.12,1700.34,1.29808,172.644
17,10,1,1704.98,2171.56,0,177.165
17,11,3,2155.19,2450.96,0,108.389
17,14,0,2173.74,2335.59,662.233,1077.23
17,20,3,2414.47,2560,0,54.8618
17,22,0,2114.96,2319.41,1120.42,1637.4
17,25,0,864.904,1112.02,100.457,297.62
17,26,0,1213.56,1320.29,2.16346,137.452
18,1,0,2487.79,2558.37,299.423,579.231
18,3,3,2333.32,2560,169.55,430.458
18,4,0,2235.64,2382.25,272.86,557.737
18,6,0,1456.97,1566.11,7.93269,158.365
18,7,3,1797.58,2206.36,469.365,795.309
18,9,0,1597.4,1697.98,3.46154,173.365
18,10,1,1728.58,2152.34,0,189.592
18,11,3,2168.56,2437.6,1.11779,105.325
18,14,0,2173.63,2339.31,627.19,1028.15
18,20,3,2414.52,2560,0,52.7885
18,22,0,2114.23,2307.46,1070.02,1572.93
18,25,0,963.228,1213.76,77.4417,301.646
18,26,0,1213.56,1320.29,2.16346,137.452
19,1,0,2511.31,2559.46,282.26,557.164
19,3,3,2379.05,2559.73,147.381,400.323
19,4,0,2278.26,2421.51,249.9,535.334
19,6,0,1455.1,1566.44,7.57211,156.562
19,7,3,1821.08,2237.43,448.318,765.665
19,9,0,1597.55,1700.91,1.58654,173.221
19,10,1,1730.94,2157.9,0,187.559
19,11,3,2163.46,2442.69,0.9375,103.63
19,14,0,2194.18,2344.71,596.609,981.406
19,20,3,2414.52,2560,0,52.7885
19,22,0,2112.18,2294.59,1018.51,1509.41
19,25,0,1066.73,1307.12,97.2836,293.005
19,26,0,1237.69,1346.92,0,153.894
19,29,1,1.61583,462.732,87.9065,381.835
20,1,0,2511.31,2559.46,282.26,557.164
20,3,3,2425.05,2559.57,139.327,363.75
20,4,0,2338.37,2452.4,239.784,512.524
20,6,0,1454.38,1565.62,4.18269,158.077
20,7,3,1857.13,2253.67,428.189,727.549
20,9,0,1597.74,1700.72,1.08173,173.87
20,10,1,1736.35,2159.9,0,189.955
20,11,3,2168.46,2428.46,1.51443,103.918
20,14,0,2197.71,2344.07,570.882,944.889
20,20,3,2416.25,2560,0,57.0072
20,22,0,2099.71,2285.45,961.911,1446.62
20,25,0,1164.71,1402.98,98.2212,288.606
20,26,0,1237.69,1346.92,0,153.894
20,29,1,7.01557,549.019,89.0603,373.771
21,3,3,2477.96,2558.97,121.154,364.327
21,4,0,2385.91,2500.24,221.755,485.553
21,6,0,1452.84,1565.62,5.04807,158.798
21,7,3,1889.51,2280.28,404.026,702.255
21,9,0,1595.96,1699.42,0,171.995
21,10,1,1735.15,2161.43,0,193.318
21,11,3,2167.88,2425.96,1.83894,103.738
21,14,0,2205.91,2348.87,537.975,901.917
21,20,3,2416.25,2560,0,57.0072
21,22,0,2096.49,2273.94,916.398,1380.72
21,25,0,1252.98,1494.71,91.3702,285.072
21,29,1,0.750961,655.33,98.7448,367.655
22,3,3,2477.96,2558.97,121.154,364.327
22,4,0,2434.18,2541.2,203.798,480.433
22,6,0,1448.08,1567.31,1.51443,162.476
22,7,3,1923.89,2318.59,379.757,680.839
22,9,0,1594.66,1700.72,0,173.149
22,10,1,1734.5,2162.84,0,193.158
22,11,3,2168.37,2431.63,1.51442,106.514
22,14,0,2211.34,2356.1,513.993,860.02
22,22,0,2099.51,2265.68,871.724,1327.51
22,25,0,1350.29,1585.1,94.1827,285.144
22,29,1,23.5503,728.732,52.7571,364.498
23,4,0,2489.59,2559.64,192.981,442.212
23,6,0,1449.09,1552.45,3.13702,139.507
23,7,3,1953.88,2343.41,362.32,652.753
23,9,0,1596.2,1702.26,0,167.524
23,10,1,1718.82,2172.23,0,190.305
23,11,3,2171.15,2416.54,1.69471,104.892
23,14,0,2224.27,2362.64,487.186,819.795
23,22,0,2102.29,2263.27,824.126,1271.65
23,25,0,1440,1666.15,78.3173,280.24
23,29,1,64.8505,848.088,119.371,336.524
24,4,0,2489.59,2559.64,192.981,442.212
24,6,0,1441.06,1558.94,0,158.077
24,7,3,1997.76,2374.39,339.365,626.835
24,9,0,1596.2,1702.26,0,167.524
24,10,1,1679.97,2192.03,0,188.83
24,11,3,2167.69,2404.62,1.04567,103.666
24,14,0,2238.73,2369.41,459.772,789.43
24,20,3,2412.26,2560,0,56.0156
24,22,0,2097.56,2260.87,791.824,1209.98
24,25,0,1527.02,1752.98,72.9808,277.5
24,29,1,200.075,908.535,62.723,357.657
25,6,0,1445.05,1568.8,0.0721121,160.024
25,7,3,2036.08,2406.87,318.552,606.198
25,9,0,1593.56,1711.06,0,177.115
25,10,1,1606.71,2211.95,0,193.757
25,11,3,2166.44,2405.87,0.757209,105.541
25,14,0,2252.48,2391.15,434.424,758.298
25,20,3,2412.26,2560,0,56.0156
25,22,0,2099.2,2260.77,747.714,1164.64
25,25,0,1609.74,1825.82,56.148,282.331
25,29,1,266.032,997.338,55.7209,366.664
26,6,0,1447.12,1563.65,1.65865,158.726
26,7,3,2072.57,2450.03,296.117,582.222
26,9,0,1596.68,1704.86,0,172.861
26,10,1,1661.98,2197.15,0,186.331
26,11,3,2164.23,2414.23,1.18991,105.325
26,14,0,2278.53,2409.85,418.064,724.515
26,22,0,2102.76,2266.75,714.623,1113.53
26,25,0,1689.49,1894.44,58.3452,281.457
26,29,1,406.208,1080.91,49.2727,362.387
27,6,0,1451.92,1565,5.04807,160.673
27,7,3,2117.33,2498.68,286.761,552.652
27,9,0,1597.07,1701.39,0,170.986
27,10,1,1681.56,2188.4,0,186.511
27,11,3,2167.5,2407.88,1.69471,105.036
27,14,0,2305.43,2437.85,391.761,700.918
27,22,0,2108.28,2254.21,680.955,1065.05
27,25,0,1757.31,1956.54,71.5385,262.788
27,29,1,483.184,1176.25,55.6078,355.882
28,6,0,1446.92,1568.46,1.80289,160.601
28,7,3,2156.91,2529.06,265.991,535.541
28,9,0,1595.62,1699.76,0,172.572
28,10,1,1700.18,2177.36,0,179.151
28,11,3,2164.33,2404.9,0.612981,104.964
28,14,0,2331.26,2465.93,372.157,669.36
28,22,0,2110.64,2262.64,647.003,1025.93
28,25,0,1825.02,2020.14,40.5129,270.034
28,29,1,554.333,1256.77,58.7685,349.272
29,6,0,1448.94,1566.44,3.38942,160.745
29,7,3,2196.5,2560,246.807,511.209
29,9,0,1598.27,1700.19,0,170.264
29,10,1,1727.54,2163.16,0,182.99
29,11,3,2168.85,2397.31,1.04567,104.315
29,14,0,2358.6,2489.22,356.271,641.218
29,22,0,2116.71,2277.26,615.572,982.95
29,25,0,1901.59,2073.8,54.8077,256.731
29,29,1,661.245,1334.96,43.7189,345.5
30,6,0,1447.64,1566.2,4.32693,159.952
30,7,3,2236.35,2560,233.395,489.115
30,9,0,1597.21,1701.25,0.0721121,167.812
30,10,1,1723.29,2161.39,0,196.399
30,11,3,2165.77,2406.54,0.576925,105.938
30,14,0,2384.45,2520.08,327.161,612.317
30,22,0,2131.62,2283.33,583.344,943.156
30,25,0,1965.53,2139.09,49.399,255.793
30,29,1,710.145,1417.91,27.1415,342.48
31,6,0,1461.11,1565.05,2.23557,160.024
31,7,3,2282.79,2560,213.127,478.921
31,9,0,1598.46,1700,1.22596,167.524
31,10,1,1709.09,2170.77,0,195.552
31,11,3,2173.27,2408.27,0.721153,107.091
31,14,0,2428.08,2538.08,297.26,601.586
31,22,0,2142.38,2292.94,554.939,904.042
31,25,0,2030.29,2197.4,50.625,250.529
31,29,1,800.259,1506.13,36.2453,336.337
32,6,0,1461.11,1565.05,2.23557,160.024
32,7,3,2324.88,2560,199.245,453.301
32,9,0,1596.73,1701.73,1.51442,169.832
32,10,1,1736.23,2233.33,0,198.79
32,11,3,2179.71,2481.83,2.48798,117.368
32,14,0,2456.54,2558.85,287.236,571.803
32,22,0,2157.21,2302.64,529.505,871.397
32,25,0,2081.59,2272.26,49.6154,251.827
32,29,1,897.882,1584.88,13.6388,334.805
33,7,3,2370.96,2560,194.256,428.933
33,9,0,1596.73,1701.73,1.51442,169.832
33,10,1,1683.18,2195.31,0,179.754
33,11,3,2179.71,2481.83,2.48798,117.368
33,14,0,2496.03,2559.35,265.096,556.442
33,22,0,2179.68,2317.71,503.135,839.664
33,25,0,2158.08,2331.15,49.5433,250.745
33,29,1,982.786,1672.14,2.72458,335.829
34,7,3,2417.12,2560,180.577,425.192
34,10,1,1561.04,2278.9,0,187.393
34,11,3,2157.69,2420.77,0.252403,118.666
34,14,0,2533.23,2559.07,252.332,520.745
34,22,0,2193.95,2344.99,479.84,807.932
34,25,0,2223.65,2391.73,47.7404,239.279
34,29,1,1061.49,1743.48,9.52744,335.273
35,7,3,2452.93,2559.38,165.144,402.26
35,10,1,1417.26,2219.07,0,198.504
35,11,3,2156.63,2424.9,0.324519,109.651
35,14,0,2533.23,2559.07,252.332,520.745
35,22,0,2215.84,2350.21,455.021,779.014
35,25,0,2283.08,2455.38,37.2836,242.812
35,29,1,1151.19,1821.13,12.1276,331.651
36,7,3,2499.45,2559.01,147.837,408.029
36,10,1,1423.57,2210.64,0,199.901
36,11,3,2163.75,2402.4,1.58654,104.856
36,22,0,2240.84,2376.49,439.424,749.185
36,25,0,2360.53,2522.55,39.6635,227.596
36,29,1,1203.32,1888.31,6.20177,330.599
37,7,1,2533.67,2560,41.9712,376.01
37,10,1,1448.19,2196.47,0,189.1
37,11,3,2166.54,2402.69,0.288463,105.793
37,22,0,2264.07,2400.22,422.316,713.025
37,25,0,2421.11,2551.2,34.8317,226.514
37,29,1,1287.69,1963.7,10.2163,323.598
38,7,1,2533.67,2560,41.9712,376.01
38,10,1,1578.58,2248.85,4.07327,163.626
38,11,3,2166.54,2402.69,0.288463,105.793
38,22,0,2298.46,2435.01,391.037,692.001
38,25,0,2490.02,2559.21,35.8413,227.957
38,29,1,1346.51,2021.54,1.89255,328.554
39,33,0,1247.6,1477.02,0.360575,183.534
39,10,1,1578.58,2248.85,4.07327,163.626
39,11,3,2155.19,2414.04,0.540866,108.209
39,22,0,2318.77,2452.75,377.538,665.633
39,25,0,2490.02,2559.21,35.8413,227.957
39,29,1,1400.96,2092.67,5.72352,317.807
40,33,0,1247.6,1477.02,0.360575,183.534
40,10,1,1441.27,2195.42,0,132.333
40,11,3,2143.56,2422.6,1.37019,108.534
40,22,0,2347.37,2486.31,353.029,636.035
40,29,1,1483.28,2135.3,5.71152,315.329
41,26,0,1231.35,1347.12,1.51443,152.524
41,10,1,1441.27,2195.42,0,132.333
41,11,3,2143.56,2422.6,1.37019,108.534
41,22,0,2389.9,2505.48,327.62,613.341
41,29,1,1531.95,2181.44,12.9077,309.141
41,32,3,1250.62,2012.5,1473.51,1920
42,26,0,1233.7,1340.14,0.252407,142.248
42,11,3,2135.19,2440.19,2.30769,112.067
42,22,0,2420.48,2536.44,308.942,597.981
42,29,1,1591.28,2242.35,13.0415,303.793
42,32,3,1282.5,1992.5,1366.06,1920
43,26,0,1233.7,1340.14,0.252407,142.248
43,6,0,1413.32,1560.53,0.9375,159.014
43,11,3,2142.12,2439.42,2.01923,112.5
43,22,0,2451.97,2557.26,287.596,576.058
43,29,1,1642.57,2275.78,6.42909,299.998
43,32,3,1305,1983.75,1270.95,1900.47
43,33,0,1496.59,1666.49,22.6442,211.875
44,6,0,1420.67,1568.56,3.38942,156.13
44,11,3,2131.92,2538.85,3.60577,112.788
44,22,0,2490.5,2560,252.043,545.264
44,29,1,1696.76,2331.2,5.97869,296.908
44,32,3,1335,1991.25,1191.8,1743.23
44,33,0,1545.29,1762.4,18.1731,212.452
45,6,0,1443.37,1567.4,3.46154,158.077
45,11,3,2142.69,2432.69,3.38943,111.274
45,22,0,2525.73,2557.34,234.952,541.587
45,29,1,1747.68,2370.91,9.37913,293.049
45,32,3,1362.5,1981.25,1109.74,1643.99
45,33,0,1601.35,1807.88,22.4279,214.688
46,6,0,1440.77,1565.38,3.60577,158.798
46,11,3,2142.69,2432.69,3.38943,111.274
46,22,0,2525.73,2557.34,234.952,541.587
46,29,1,1812.42,2428.09,7.98378,293.008
46,32,3,1385,1995,1038.2,1539.08
46,33,0,1673.94,1842.98,22.6442,212.452
46,34,3,5.60085,333.141,151.382,388.108
47,26,0,1233.41,1340.43,1.80288,138.317
47,6,0,1435.05,1561.88,2.74039,156.49
47,29,1,1849.12,2465.54,9.19667,289.562
47,32,3,1412.5,2002.5,977.421,1444.76
47,33,0,1721.25,1949.52,28.4135,213.75
47,34,3,8.62635,401.215,161.992,384.919
48,26,0,1231.73,1342.12,1.875,138.029
48,6,0,1434.13,1562.79,1.44231,156.923
48,29,1,1922.87,2510.5,7.47461,291.422
48,32,3,1437.5,2013.75,904.392,1374.36
48,33,0,1765.19,2004.04,21.7067,214.111
48,34,3,4.07951,473.86,162.471,398.562
48,35,0,1595.43,1709.18,0,173.149
49,26,0,1232.84,1341.01,1.62259,139.291
49,6,0,1433.03,1563.89,1.80289,157.139
49,29,1,2002.09,2548.48,8.91024,291.854
49,32,3,1478.27,2010.05,843.376,1295.33
49,33,0,1819.21,2017.76,5.64644,231.388
49,34,3,31.6268,567.446,162.753,390.605
49,35,0,1596.78,1707.84,0,174.014
50,26,0,1229.57,1339.66,1.91106,139.435
50,6,0,1431.83,1562.02,1.22596,157.572
50,10,1,1709.14,2142.63,0,182.398
50,29,1,2018.53,2554.09,13.3868,286.19
50,32,3,1495.91,2030.42,789.338,1236.03
50,33,0,1867.31,2037.31,13.9904,219.375
50,34,3,91.2143,630.182,155.076,387.252
50,35,0,1598.03,1706.59,0,174.014
51,26,0,1235.67,1341.25,0.721149,140.913
51,6,0,1443.17,1561.44,0,157.861
51,10,1,1709.14,2142.63,0,182.398
51,29,1,2055.86,2552.05,1.44691,266.365
51,32,3,1530.05,2042.74,751.823,1145.18
51,33,0,1898.86,2104.74,0,237.526
51,34,3,185.703,708.121,149.282,370.286
51,35,0,1596.2,1705.34,0,174.808
52,26,0,1236.83,1338.56,0.432694,141.49
52,6,0,1448.03,1564.28,0.288463,158.51
52,10,1,1693.89,2168.1,0,188.806
52,29,1,2118.22,2557.65,0,265.001
52,32,3,1556.32,2062.3,699.721,1096.55
52,33,0,1940.72,2147.28,10.1089,242.789
52,34,3,220.712,794.72,141.602,379.153
52,35,0,1595.58,1702.88,0.865388,172.212
53,26,0,1238.17,1337.21,0.216343,142.716
53,6,0,1457.26,1564.28,0,157.788
53,10,1,1701.05,2182.59,0,189.701
53,29,1,2181.94,2560,3.11378,257.728
53,32,3,1587.9,2074.43,654.965,1049.19
53,33,0,1975.36,2192.44,5.97944,242.555
53,34,3,257.93,874.053,136.905,387.006
53,35,0,1596.06,1702.4,0,171.779
54,26,0,1239.23,1336.15,0,143.474
54,6,0,1463.03,1563.12,0,158.798
54,10,1,1700.5,2188.08,0,195.634
54,29,1,2208.66,2558.52,0,255.6
54,32,3,1612.81,2093.99,617.395,999.021
54,33,0,1992.23,2212.62,7.7879,244.71
54,34,3,339.899,935.609,129.375,378.494
54,35,0,1596.59,1701.88,0.216343,169.255
55,26,0,1237.93,1340.53,4.07452,150.829
55,6,0,1466.11,1563.12,0.144231,157.788
55,10,1,1712.34,2173.06,0,195.814
55,29,1,2219.04,2557.47,1.15191,251.865
55,32,3,1648.05,2103.78,585.318,956.198
55,33,0,2018.51,2246.79,10.3201,239.393
55,34,3,471.61,1017.86,129.576,364.259
55,35,0,1597.6,1700.87,1.00961,170.048
55,36,0,1410.82,1509.18,0.576918,157.067
56,26,0,1238.75,1339.71,4.32692,150.144
56,6,0,1467.76,1563,3.46154,156.49
56,10,1,1736.21,2250.66,0,202.036
56,29,1,2283.35,2560,0,248.906
56,32,3,1671.91,2127.35,557.518,910.724
56,33,0,2034.64,2280.11,6.87574,242.529
56,34,3,539.461,1092.83,125.161,365.74
56,35,0,1598.12,1700.34,2.66827,170.986
56,36,0,1411.01,1510.53,2.30769,155.769
57,26,0,1238.12,1340.34,3.71394,150.901
57,6,0,1467.76,1563,3.46154,156.49
57,10,1,1752.97,2225.05,0,198.804
57,11,3,2163.17,2424.52,0,108.642
57,29,1,2322.98,2557.02,1.08173,190.601
57,32,3,1704.73,2138.06,526.797,870.392
57,33,0,2065.77,2300.38,30.8654,224.135
57,34,3,605.012,1159.19,116.891,363.055
57,35,0,1599.57,1701.97,1.80289,170.697
57,36,0,1411.3,1517.93,0,157.067
58,26,0,1239.23,1339.23,3.24519,150.649
58,6,0,1463.17,1562.98,2.23557,157.428
58,10,1,1729.79,2274.58,0,195.493
58,11,3,2165,2419.62,0.721153,104.495
58,29,1,2354.59,2557.43,0,223.971
58,32,3,1729.46,2163.46,494.07,826.931
58,33,0,2108.08,2331.92,30.2164,229.111
58,34,3,685.283,1231.14,111.01,356.724
58,35,0,1598.61,1699.86,2.88461,172.5
58,36,0,1411.88,1512.74,1.29807,155.913
59,26,0,1242.79,1337.21,1.94711,140.986
59,6,0,1462.45,1566.78,2.01922,157.5
59,10,1,1725.42,2267.43,0,198.681
59,11,3,2150,2431.54,1.47837,117.728
59,29,1,2396.3,2557.55,0,207.404
59,32,3,1754.05,2178.22,473.985,799.096
59,33,0,2133.56,2358.75,37.9327,228.894
59,34,3,754.367,1298.76,107.714,357.891
59,35,0,1597.45,1701.01,1.44231,173.798
59,36,0,1409.95,1508.51,2.8125,156.851
59,37,3,1735,2526.25,1565.59,1915.12
60,26,0,1242.79,1337.21,1.94711,140.986
60,6,0,1458.75,1564.33,4.03846,159.519
60,10,1,1724.53,2272.52,0,203.244
60,11,3,2163.94,2417.6,0.685093,114.844
60,29,1,2418.89,2559.57,2.66827,206.755
60,32,3,1785.33,2194.76,452.135,767.281
60,33,0,2170.38,2408.08,41.1058,232.356
60,34,3,822.753,1358.31,108.816,352.811
60,35,0,1598.03,1703.51,2.74039,169.327
60,36,0,1410.87,1507.6,2.95673,156.851
60,37,3,1726.25,2495,1457.7,1920
60,38,5,5.67131,548.071,9.38855,391.761
61,6,0,1472.76,1564.16,4.6875,155.697
61,10,1,1735.33,2156.28,0,197.964
61,11,3,2168.94,2391.06,1.00962,109.038
61,29,1,2439.66,2560,15.8654,219.231
61,32,3,1812.04,2218.98,428.718,740.003
61,33,0,2210,2448.46,51.5625,230.12
61,34,3,898.742,1423.84,108.214,348.529
61,35,0,1598.51,1699.95,5.48077,169.615
61,36,0,1411.01,1492.07,3.60577,154.327
61,37,3,1732.5,2460,1352.01,1920
61,38,5,22.8125,632.812,11.1829,430.895
62,6,0,1468.92,1561.85,2.37981,154.399
62,10,1,1727.16,2145.63,0,198.144
62,11,3,2168.85,2375.77,0.685093,99.8438
62,29,1,2491.01,2560,5.33654,198.029
62,32,3,1840.93,2231.09,404.751,715.466
62,33,0,2258.85,2495,69.0144,238.774
62,34,3,966.455,1491.17,106.467,346.299
62,35,0,1597.74,1700.72,6.20192,168.894
62,36,0,1411.95,1497.28,3.96634,153.534
62,37,3,1730,2422.5,1270.76,1879.13
62,38,5,28.125,695.625,18.2008,432.972
63,6,0,1462.84,1561.78,3.82212,155.841
63,10,1,1723.5,2158.59,0,195.357
63,11,3,2170.96,2401.35,1.44231,103.702
63,29,1,2491.01,2560,5.33654,198.029
63,32,3,1867.38,2262.47,384.146,685.817
63,33,0,2318.85,2536.54,46.875,226.298
63,34,3,1032.55,1544.42,103.802,346.749
63,35,0,1595.87,1702.6,5.76923,170.048
63,36,0,1411.95,1497.28,3.96634,153.534
63,37,3,1736.25,2393.75,1192.55,1747.6
63,38,5,4.0625,823.75,12.9758,433.765
64,6,0,1462.84,1561.78,3.82212,155.841
64,10,1,1722.09,2148.78,0,193.565
64,11,3,2173.46,2380.38,0.432694,99.6635
64,32,3,1896.72,2292.48,362.395,659.172
64,33,0,2374.23,2560,47.1635,232.644
64,34,3,1094.58,1607.64,105.235,344
64,35,0,1598.89,1699.57,0.0721192,169.832
64,37,3,1741.25,2371.25,1123.78,1651.41
64,38,5,0,925,12.7363,425.538
65,10,1,1721.37,2157.6,0,193.863
65,11,3,2173.46,2380.38,0.432694,99.6635
65,32,3,1930.01,2328.2,348.268,639.304
65,33,0,2432.69,2560,40.7452,231.995
65,34,3,1157.67,1667.8,107.02,341.046
65,35,0,1601.54,1696.92,2.09134,173.293
65,37,3,1750,2360,1060.49,1556.59
65,38,5,0,1007.5,12.3995,428.997
66,10,1,1700.95,2173.03,0,196.015
66,32,3,1967.2,2357.69,328.81,618.393
66,33,0,2492.72,2559.59,52.7885,229.327
66,34,3,1218.03,1721.72,102.22,346.401
66,35,0,1596.3,1702.16,0.793269,166.082
66,37,3,1762.5,2342.5,994.482,1484.04
66,38,5,46.5625,1147.5,15.0566,430.284
67,10,1,1661.11,2196.54,0.70163,199.85
67,32,3,2002.7,2397.21,311.682,596.428
67,33,0,2492.72,2559.59,52.7885,229.327
67,34,3,1273.43,1783.25,95.8258,332.379
67,35,0,1596.3,1702.16,0.793269,166.082
67,37,3,1770,2342.5,934.35,1406.36
67,38,5,12.1875,1192.5,9.35228,439.594
68,10,1,1661.11,2196.54,0.70163,199.85
68,32,3,2042.75,2436.49,296.857,577.599
68,34,3,1340.63,1826.33,116.484,333.584
68,37,3,1789.77,2327.17,873.123,1329.74
68,38,5,0,1266.88,4.81802,431.035
69,32,3,2089.19,2485.24,284.398,559.609
69,34,3,1382.63,1891.95,98.3693,325.999
69,37,3,1795.46,2327.63,819.814,1285.21
69,38,5,0,1336.25,8.13746,419.58
70,32,3,2130.36,2521.99,270.719,537.936
70,34,3,1440.68,1934.39,91.2878,328.274
70,37,3,1808.72,2334.82,772.718,1217.89
70,38,5,12.5,1481.25,13.092,413.681
71,32,3,2169.26,2553.22,248.866,516.776
71,34,3,1494.45,1989.91,88.717,320.101
71,37,3,1829.68,2340.72,728.411,1156
71,38,5,148.75,1512.5,7.94905,395.787
72,32,3,2224.32,2555.48,231.082,498.258
72,34,3,1549.24,2032.72,79.6121,321.479
72,37,3,1847.66,2335.74,693.522,1088.71
72,38,5,65,1608.75,0.111651,397.244
73,10,1,1608.06,2224.18,5.04642,195.076
73,32,3,2268.9,2558.12,229.168,486.219
73,34,3,1608.26,2090.68,80.1586,317.232
73,37,3,1861.27,2351.08,657.077,1046.8
73,38,5,70.625,1670,5.13393,408.176
74,10,1,1608.06,2224.18,5.04642,195.076
74,32,3,2312.06,2560,203.315,470.084
74,34,3,1670.41,2133.33,80.2059,317.569
74,37,3,1888.12,2355.72,621.115,995.361
74,38,5,56.875,1777.5,7.58125,404.52
75,32,3,2366.25,2560,194.947,447.889
75,34,3,1726.88,2179.77,73.7417,312.179
75,37,3,1906.05,2366.21,590.469,982.867
75,38,5,421.875,1785,2.84626,395.065
75,41,0,2250.55,2548.73,1535.07,1920
76,32,3,2410.03,2560,176.299,440.605
76,34,3,1797.97,2232.63,74.3608,307.474
76,37,3,1932.76,2382.64,560.334,909.169
76,38,5,560.625,1865,2.99143,385.844
76,41,0,2226.28,2518.98,1449.74,1920
77,32,3,2410.03,2560,176.299,440.605
77,34,3,1877.57,2271.51,75.0659,300.236
77,37,3,1951.59,2402.06,538.18,879.434
77,38,5,665,1912.5,0.423818,391.59
77,41,0,2209.92,2450.97,1366.31,1918.11
77,42,0,720.617,1022.39,1527.48,1917.71
78,34,3,1932.14,2322.34,68.4644,295.65
78,37,3,1975.7,2422.32,508.88,856.95
78,38,5,778.125,2010,0,383.806
78,41,0,2194.34,2419.62,1274.19,1840.32
78,42,0,757.417,1029.12,1417.6,1920
79,34,3,2001.06,2358.43,67.1641,290.445
79,37,3,2000.51,2435.6,486.325,812.349
79,38,5,826.25,2055,2.41515,385.735
79,41,0,2184.79,2404.38,1198.02,1736.12
79,42,0,781.141,1028.78,1326.65,1915.48
80,34,3,2057.23,2397.4,66.6107,287.425
80,37,3,2030.41,2455.6,461.315,795.642
80,38,5,911.875,2107.5,0.654817,382.387
80,41,0,2165.8,2390.7,1129.13,1654.9
80,42,0,801.813,1040.75,1235.86,1828.73
81,34,3,2126.5,2442.57,70.3604,283.417
81,37,3,2058.77,2483.54,441.111,769.452
81,38,5,1028.12,2177.5,3.03625,369.876
81,41,0,2168.53,2379.08,1062.59,1571.81
81,42,0,817.25,1051.4,1155.87,1727.14
82,34,3,2173.82,2488.97,64.6253,279.169
82,37,3,2079.08,2509.8,421.792,741.511
82,38,5,1072.5,2235,2.76574,363.477
82,41,0,2144.04,2368.67,997.62,1490.81
82,42,0,832.154,1058.02,1091.63,1633.69
83,34,3,2245.96,2514.04,72.476,265.601
83,37,3,2110.43,2530.89,407.168,716.786
83,38,5,1111.25,2295,0.749059,356.129
83,41,0,2140.3,2352.89,954.824,1421.99
83,42,0,849.038,1061.63,1027.37,1542.59
83,44,3,315.938,1112.5,1555.4,1919.03
84,34,3,2302.6,2543.56,71.899,260.12
84,39,0,1029.52,1095.1,5.37259,123.425
84,37,3,2132.89,2550.72,389.002,699.49
84,38,5,1203.75,2392.5,5.66388,352.218
84,41,0,2139.33,2331.71,894.812,1355.64
84,42,0,849.274,1067.71,961.164,1471.87
84,44,3,350.625,1125.62,1458.41,1917.69
85,26,0,1126.88,1250.05,0.576925,172.212
85,34,3,2344.33,2560,66.3461,251.25
85,39,0,976.298,1071.39,2.27163,135.901
85,37,3,2161.4,2557.07,373.993,679.742
85,38,5,1282.5,2426.25,8.79594,352.821
85,41,0,2139.07,2323.86,855.221,1287.54
85,42,0,854.77,1071,909.527,1385.33
85,44,3,421.25,1130,1361.07,1920
86,26,0,1094.81,1231.35,1.65866,181.082
86,34,3,2404.42,2560,61.0096,257.74
86,39,0,950.264,1038.97,1.80288,141.13
86,37,3,2177.51,2560,360.379,657.627
86,38,5,1350,2490,11.0865,344.283
86,41,0,2134.71,2337.4,790.045,1229.02
86,42,0,855.863,1072.47,861.542,1298.64
86,44,3,465.312,1153.75,1281.42,1865.91
87,26,0,1066.11,1189.28,2.45193,186.49
87,34,3,2404.42,2560,61.0096,257.74
87,39,0,920.601,1014.78,5.22836,150.397
87,37,3,2212.52,2558.81,345.039,635.898
87,38,5,1377.5,2540,5.86533,334.056
87,41,0,2145.77,2333.33,752.717,1176.11
87,42,0,854.091,1063.42,812.037,1219.46
87,44,3,507.5,1158.75,1206.98,1772.32
88,26,0,1034.71,1189.9,0.504806,189.591
88,9,0,1344.04,1451.35,0,162.837
88,35,0,1391.83,1508.17,2.23558,186.707
88,39,0,896.442,998.942,4.03846,157.933
88,37,3,2233.85,2557.81,326.254,622.09
88,38,5,1502.5,2560,1.271,338.725
88,41,0,2159.4,2349.54,715.58,1122.75
88,42,0,848.993,1050.79,765.03,1147.3
88,44,3,547.5,1182.5,1143.68,1665.06
89,26,0,1001.39,1149.38,5.91346,196.875
89,9,0,1344.04,1451.35,0,162.837
89,35,0,1367.21,1503.56,9.23077,190.962
89,39,0,858.486,956.899,0.721149,163.125
89,37,3,2260.85,2558.01,312.732,605.792
89,38,5,1566.25,2560,0.436978,344.462
89,41,0,2176.95,2366.53,678.733,1064.8
89,42,0,841.357,1042.27,727.905,1087.62
89,44,3,588.438,1203.75,1082.77,1589.63
90,26,0,969.952,1119.28,23.6538,208.846
90,35,0,1338.7,1464.37,27.2596,201.346
90,36,0,821.346,918.654,3.17308,170.769
90,37,3,2283.17,2558.01,308.337,589.964
90,38,5,1622.5,2560,2.37514,339.006
90,41,0,2194.08,2363.49,647.083,1027.93
90,42,0,830.581,1021.14,686.953,1035.94
90,44,3,622.812,1238.75,1025.35,1513.31
91,26,0,933.75,1081.63,19.4712,210.721
91,35,0,1305.34,1433.12,25.7452,203.726
91,39,0,776.202,883.798,1.22596,178.053
91,37,3,2310.58,2559.29,291.103,573.832
91,38,5,1677.5,2560,4.47348,339.546
91,41,0,2205.69,2367.13,614.518,979.706
91,42,0,812.908,993.635,656.174,978.273
91,44,3,661.875,1262.5,955.586,1447.67
91,47,5,16.25,653.125,6.21858,408.13
92,26,0,897.356,1050.34,2.88461,209.423
92,35,0,1271.59,1405.34,4.54328,205.312
92,39,0,732.933,854.76,1.37019,182.236
92,37,3,2332.88,2560,284.117,554.559
92,38,5,1770,2560,0,351.138
92,41,0,2227.4,2383.84,583.534,941.593
92,42,0,789.148,972.407,627.169,933.022
92,44,3,698.75,1290,915.313,1370.74
92,47,5,5.9375,738.75,8.60424,400.631
92,6,0,1417.5,1519.42,0,167.668
93,26,0,866.538,1018.08,11.5385,222.115
93,35,0,1232.88,1374.81,19.399,211.947
93,37,3,2360.45,2557.28,272.987,539.236
93,38,5,1877.85,2560,3.01871,332.002
93,41,0,2237.73,2398.19,556.521,901.452
93,42,0,766.104,938.092,599.011,934.351
93,44,3,746.25,1307.5,863.3,1316.37
93,47,5,0,842.5,1.56806,398.313
93,6,0,1407.6,1513.94,2.09134,171.707
94,26,0,866.538,1018.08,11.5385,222.115
94,35,0,1203.41,1336.59,0.865381,212.308
94,37,3,2387.86,2559.34,256.02,527.652
94,38,5,1869.91,2560,0,289.055
94,41,0,2254.77,2408.37,515.889,869.323
94,42,0,725.496,902.943,577.122,935.892
94,44,3,792.594,1333.94,820.571,1264.55
94,47,5,0,943.75,4.49284,383.347
94,6,0,1395.19,1501.73,0,174.591
95,35,0,1162.16,1294.76,12.2596,223.558
95,37,3,2406.17,2560,244.325,512.139
95,38,1,1993.15,2560,0,337.209
95,41,0,2263.42,2423.73,504.238,833.253
95,42,0,678.039,864.093,547.304,911.801
95,44,3,826.102,1359.71,773.181,1207.93
95,47,5,0,1020,13.5476,385.346
95,6,0,1373.8,1473.89,4.39904,176.178
96,35,0,1129.71,1267.21,25.3125,229.976
96,37,3,2437.55,2559.38,229.976,493.486
96,38,5,2045.28,2560,0,328.206
96,41,0,2276.5,2431.84,474.423,793.004
96,42,0,620.267,814.489,522.468,880.592
96,44,3,863.575,1390.6,740.824,1133.41
96,47,5,0,1102.5,6.35324,396.28
96,6,0,1360.91,1466.78,3.46154,175.962
96,50,1,1657.28,2100.11,0,214.497
97,35,0,1176.01,1259.38,1.94712,137.091
97,37,3,2455.67,2559.71,213.894,496.298
97,38,5,2101.1,2560,0,289.41
97,41,0,2297.64,2450.57,448.93,772.528
97,42,0,542.631,754.115,501.354,846.601
97,44,3,907.479,1403.73,697.699,1089.9
97,47,5,43.125,1195.62,7.08278,375.358
97,6,0,1351.01,1455.14,7.35577,180.721
97,50,1,1621.84,2069.26,2.30173,213.313
98,35,0,1176.01,1259.38,1.94712,137.091
98,37,3,2487.04,2559.11,205.096,490.673
98,38,5,2157.74,2548.41,0,315.596
98,41,0,2305.24,2464.3,434.836,738.457
98,42,0,464.78,682.578,478.296,826.218
98,44,3,944.315,1428.65,660.263,1040.03
98,47,5,100,1261.25,8.84378,368.676
98,6,0,1334.04,1436.73,13.5577,180.721
98,50,1,1606.7,2064.09,1.59686,218.061
99,37,3,2513.41,2557.36,210.937,474.447
99,38,5,2247.65,2549.42,0,285.213
99,41,0,2320.07,2471.93,397.172,717.155
99,42,0,396.138,597.543,455.088,807.735
99,44,3,978.393,1449.87,624.95,992.315
99,47,5,83.75,1378.75,12.6124,370.429
99,6,0,1310.43,1428.03,7.5,190.673
99,50,1,1596.55,2064.1,0.390136,216.274
100,37,3,2534.28,2558.03,189.952,447.548
100,38,5,2321.07,2554.24,0,276.017
100,41,0,2330.9,2480.11,388.792,682.031
100,42,0,274.38,497.057,453.25,783.069
100,44,3,1014.53,1474.97,587.178,966.668
100,47,5,172.188,1442.5,7.8611,358.329
100,6,0,1310.43,1428.03,7.5,190.673
100,50,1,1581.9,2057.42,1.65249,220.268
100,51,0,2253.75,2541.78,1333.51,1904.84
101,37,3,2534.28,2558.03,189.952,447.548
101,38,5,2339.74,2560,0,283.069
101,41,0,2347.41,2501.39,365.299,653.464
101,42,0,174.4,383.063,418.851,746.903
101,44,3,1046.38,1498.98,554.521,908.59
101,47,5,167.5,1501.25,0,371.077
101,50,1,1564.03,2034.9,0,223.098
101,51,0,2260.4,2527.17,1250.33,1792.12
101,52,3,2036.35,2240.58,0,120.108
102,38,1,2393.54,2556.49,0,354.514
102,41,0,2372.28,2506.68,325.856,632.194
102,42,0,59.2247,277.023,403.412,731.464
102,44,3,1083.39,1527.41,535.093,876.763
102,47,5,518.438,1571.25,5.7071,353.533
102,50,1,1560.45,2011.71,0,228.482
102,51,0,2264.09,2517.03,1173.4,1693.68
102,52,3,2035.77,2253.46,0,116.899
102,53,0,2100.91,2182.16,0.721157,161.106
103,38,5,2442.79,2560,0,263.51
103,41,0,2382.41,2527.17,324.253,610.805
103,42,0,0,158.538,385.547,713.86
103,44,3,1118.53,1552.08,502.501,844.84
103,47,5,616.875,1667.5,11.0815,339.273
103,50,1,1568.73,2021.12,2.21948,225.256
103,51,0,2262.34,2519.39,1101.89,1606.89
103,52,3,2055.38,2310.77,1.26202,116.286
103,53,0,2081.27,2167.96,5.76923,179.135
104,38,5,2485.82,2557.26,0,279.231
104,41,0,2418.37,2535.48,305.553,595.024
104,42,0,0,158.538,385.547,713.86
104,44,3,1152.42,1583.89,479.043,808.187
104,47,5,747.5,1747.5,14.0849,325.874
104,50,1,1568.34,2010.07,3.67146,226.272
104,51,0,2264.52,2515.41,1037.94,1533.9
104,52,3,2060.48,2308.75,1.80288,116.466
104,53,0,2062.79,2149.52,9.66346,184.76
104,54,0,2392.18,2557.06,1389.48,1920
105,39,0,131.01,239.76,97.0673,320.913
105,38,5,2526.77,2559.39,0,269.567
105,41,0,2443.7,2550.14,281.611,572.812
105,44,3,1192.55,1613.43,458.69,769.481
105,47,5,828.75,1835,10.9364,321.358
105,50,1,1611.44,1993.62,5.99022,213.654
105,51,0,2273.19,2503.28,983.67,1455.42
105,52,3,2012.5,2282.88,0,127.428
105,53,0,2044.69,2143,8.29327,189.591
105,54,0,2345.01,2556.83,1316.96,1917.4
106,26,0,374.279,488.029,125.337,330.433
106,39,0,131.01,239.76,97.0673,320.913
106,38,5,2526.77,2559.39,0,269.567
106,41,0,2456.39,2555.91,276.274,551.034
106,44,3,1224.42,1640.14,432.337,740.146
106,47,5,895,1920,1.33335,326.176
106,50,1,1611.44,1993.62,5.99022,213.654
106,51,0,2279.14,2496.14,920.574,1368.2
106,52,3,1997.6,2282.4,0,121.442
106,53,0,2033.12,2136.11,9.59134,191.466
106,54,0,2319.54,2543.76,1244.25,1826.78
107,26,0,364.712,476.827,141.923,343.558
107,36,0,877.62,959.303,23.0769,219.952
107,39,2,45.0481,134.567,139.327,356.827
107,41,0,2487.19,2558.97,260.553,530.409
107,44,3,1254.62,1664.69,411.642,713.644
107,47,5,996.25,1990,9.88373,322.664
107,51,0,2284.1,2500.25,879.244,1294.35
107,52,3,1983.08,2281.54,0.396631,127.536
107,53,0,2022.88,2127.88,24.7356,204.303
107,54,0,2301.46,2541.54,1170.82,1744.32
107,57,0,96.1058,230.625,4.97596,155.12
107,58,0,659.327,775.288,102.26,313.125
108,26,0,364.712,476.827,141.923,343.558
108,36,0,845.024,942.668,28.4135,228.606
108,39,2,8.46154,96.5385,162.404,370.385
108,41,0,2497.98,2560,245.553,521.178
108,44,3,1294.27,1695.82,388.253,692.178
108,47,5,1052.5,2002.5,5.68846,326.042
108,51,0,2288.93,2506.54,833.055,1209.54
108,52,3,1984.13,2274.33,0,122.236
108,53,0,2012.88,2131.73,17.9567,210.072
108,54,0,2290.8,2533.15,1114.3,1663.01
108,57,0,96.1058,230.625,4.97596,155.12
108,58,0,622.596,736.635,111.635,322.212
109,36,0,821.514,912.332,27.9808,235.385
109,39,2,8.46154,96.5385,162.404,370.385
109,41,0,2497.98,2560,245.553,521.178
109,44,3,1317.9,1731.42,369,658.16
109,47,5,1141.25,2062.5,2.91608,323.114
109,51,0,2288.53,2512.23,791.8,1155.64
109,52,3,2021.25,2274.13,1.15385,121.01
109,53,0,2028.22,2122.55,17.8846,189.519
109,54,0,2284.4,2523.75,1061.5,1586.37
109,58,0,580.865,694.519,107.091,331.947
109,59,0,701.442,815.481,22.3558,217.356
110,36,0,787.404,880.288,37.1394,244.543
110,44,3,1360.16,1760.35,351.595,636.688
110,47,5,1190,2150,5.78379,315.978
110,51,0,2294.2,2509.96,742.95,1082.87
110,52,3,2080.19,2279.81,2.09135,117.404
110,53,0,2028.22,2122.55,17.8846,189.519
110,54,0,2282.56,2517.6,1006.59,1520.55
110,58,0,548.173,661.827,123.101,343.918
110,59,0,671.971,792.644,18.101,220.168
111,36,0,754.856,851.298,58.0529,250.312
111,44,3,1401.24,1788.41,330.11,615.795
111,47,5,1276.25,2203.75,7.35366,314.834
111,51,0,2297.07,2511.89,709.323,1040.72
111,52,3,2080.19,2279.81,2.09135,117.404
111,54,0,2278.83,2519.88,959.587,1451.33
111,58,0,511.923,624.231,126.13,353.582
111,59,0,638.414,750.048,33.6779,220.312
111,60,3,2316.06,2551.63,0,84.8077
111,6,0,968.125,1079.57,58.7019,264.952
112,36,0,726.587,818.029,47.0913,257.524
112,44,3,1434.36,1828.39,311.827,590.112
112,47,5,1351.25,2240,2.62836,315.944
112,51,0,2302.66,2513.19,677.274,999.689
112,54,0,2282.96,2509.51,919.023,1385.96
112,58,0,473.365,585.865,129.014,373.486
112,59,0,596.298,710.625,21.2019,236.106
112,60,3,2307.88,2547.5,0,87.4399
112,6,0,927.308,1052.69,53.726,272.236
113,9,0,685.24,787.067,59.0625,270.361
113,44,3,1469.28,1854.98,294.451,570.537
113,47,5,1382.5,2310,2.5631,303.067
113,51,0,2312.79,2514.24,644.315,958.761
113,54,0,2290.39,2502.39,869.104,1327.57
113,58,0,433.558,544.135,136.659,370.457
113,59,0,557.788,672.981,26.3221,240.216
113,60,3,2307.88,2547.5,0,87.4399
113,6,0,895.817,1016.49,50.1923,278.942
113,63,0,1064.23,1165,2.48798,137.416
114,9,0,656.587,751.875,57.5481,286.298
114,44,3,1507.94,1890.22,284.088,552.424
114,47,5,1460,2365,2.17062,301.503
114,51,0,2319.64,2520.51,612.268,934.525
114,54,0,2296.3,2501.2,826.336,1280.68
114,58,0,399.567,511.202,145.529,388.702
114,59,0,511.971,638.798,46.4423,256.442
114,6,0,865.673,982.019,43.0529,284.062
114,63,0,1025.58,1129.81,0.504806,156.707
115,9,0,622.644,720.433,91.7308,290.481
115,44,3,1544.32,1925.3,265.376,531.169
115,47,5,1560,2403.75,0,309.567
115,51,0,2325.29,2521.31,583.872,910.326
115,54,0,2300.56,2498.12,784.672,1223
115,58,0,367.404,471.058,152.163,409.183
115,59,0,472.308,596.923,53.0048,267.476
115,6,0,829.183,952.356,87.4038,295.096
115,63,0,992.885,1096.35,0,160.817
116,9,0,583.125,679.952,95.4086,305.264
116,44,3,1582.62,1956.22,250.522,512.099
116,47,5,1597.5,2465,0,304.801
116,51,0,2325.9,2515.02,555.233,839.069
116,54,0,2307.48,2498.09,748.47,1177.59
116,58,0,367.404,471.058,152.163,409.183
116,59,0,426.683,549.471,55.024,277.861
116,6,0,793.558,918.75,89.2788,304.76
116,63,0,968.149,1065.7,0,163.341
117,9,0,553.101,645.361,111.851,311.899
117,44,3,1615.73,1995.59,237.585,493.29
117,47,5,1640,2550,8.98912,278.491
117,50,1,1239.46,1724.21,15.5314,285.609
117,51,0,2331.89,2523.19,529.249,819.355
117,54,0,2305.26,2502.68,709.175,1131.64
117,59,0,391.442,510.096,60.2163,283.053
117,6,0,761.346,881.731,103.197,313.053
117,63,0,930.385,1028.08,0,168.966
118,9,0,511.202,611.106,122.019,315.865
118,44,3,1657.22,2031.74,225.535,479.885
118,47,5,1715,2560,6.08773,281.039
118,50,1,1213.4,1756.99,8.69714,290.848
118,51,0,2334.84,2528.59,502.513,771.178
118,54,0,2309.19,2499.89,673.838,1081.61
118,59,0,370.385,468.846,120.793,285.361
118,6,0,729.808,854.808,105.216,322.861
118,63,0,897.837,996.01,2.23558,171.995
119,9,0,475.481,574.519,123.173,330.288
119,44,3,1693.21,2064.64,208.352,460.491
119,47,5,1811.77,2560,0,284.776
119,50,1,1189.03,1730.24,12.5065,288.02
119,51,0,2337.94,2521.33,475.534,747.565
119,54,0,2313.25,2504.88,646.051,1027.95
119,59,0,370.385,468.846,120.793,285.361
119,6,0,697.596,817.789,121.082,337.572
119,63,0,857.163,967.452,0,183.606
120,9,0,433.63,527.139,134.135,343.846
120,44,3,1724.51,2096.48,199.944,441.583
120,47,5,1887.32,2560,0,282.165
120,50,1,1160.49,1701.57,7.08265,296.03
120,51,0,2346.39,2508.59,451.996,745.916
120,54,0,2328.98,2502.27,609.795,1001.56
120,58,0,143.173,274.135,208.702,475.529
120,6,0,670.385,790.385,127.933,348.606
120,63,0,830.168,925.216,1.875,192.26
121,9,0,392.5,487.5,139.615,342.692
121,44,3,1765.21,2126.26,190.169,432.872
121,47,5,1937.96,2556.2,0,285.8
121,50,1,1133.1,1669.84,5.98389,298.623
121,51,0,2347.2,2516.27,435.027,690.514
121,54,0,2336.46,2502.26,583.975,966.011
121,58,0,96.7308,224.423,222.837,489.663
121,6,0,629.519,744.327,130.024,362.38
121,63,0,794.519,896.25,0,203.654
122,9,0,392.5,487.5,139.615,342.692
122,44,3,1803.31,2164.01,183.412,419.792
122,47,5,2001.54,2560,0,281.651
122,50,1,1108.16,1656.82,1.96381,306.446
122,51,0,2349.58,2521.14,404.858,678.02
122,54,0,2349.15,2504.37,564.72,931.874
122,58,0,47.2596,176.394,231.49,499.471
122,6,0,604.904,722.019,140.986,380.841
122,63,0,763.774,857.764,4.32692,208.558
123,44,3,1834.17,2201.81,169.386,408.793
123,47,5,2063.87,2560,0,272.407
123,50,1,1084.29,1617.11,5.7062,315.21
123,51,0,2359.19,2522.03,381.48,677.488
123,54,0,2358.44,2502.53,534.479,897.844
123,58,0,1.05769,124.038,246.779,524.567
123,59,0,153.846,270.385,134.712,355.385
123,6,0,569.327,692.981,151.803,384.159
123,63,0,733.269,824.423,3.24519,213.389
123,68,3,1748.46,2048.46,9.51923,173.654
124,44,3,1875.73,2236.78,163.265,399.269
124,47,5,2145.88,2555.65,0,267.278
124,50,1,1061.31,1564.94,9.10326,325.522
124,51,0,2375.87,2522.6,367.139,609.591
124,54,0,2369.03,2519.04,511.237,862.199
124,58,0,0.673075,76.25,262.788,533.942
124,59,0,112.548,232.067,183.894,369.952
124,6,0,542.885,664.038,154.832,395.841
124,63,0,700.673,790.865,12.3317,234.014
124,68,3,1718.97,2090.31,7.98268,184.462
125,44,3,1913.14,2274.72,150.275,387.203
125,47,5,2208.34,2560,0.157642,255.379
125,49,0,1515,1606.54,1.11779,136.406
125,50,1,1035.38,1533.45,8.46325,336.804
125,51,0,2383.12,2527.64,341.755,573.822
125,54,0,2376.6,2528.6,489.834,833.63
125,58,0,0.673075,76.25,262.788,533.942
125,59,0,66.25,190.673,193.053,386.178
125,6,0,510.529,631.01,163.125,407.74
125,63,0,668.125,763.413,15,249.663
125,68,3,1706.29,2081.45,8.40397,192.497
126,44,3,1949.23,2309.66,138.867,369.855
126,47,5,2208.34,2560,0.157642,255.379
126,49,0,1487.98,1582.79,1.37019,141.346
126,50,1,1006.8,1497.08,5.24709,346.918
126,51,0,2405.34,2545.43,325.529,575.625
126,54,0,2390.23,2544.81,463.943,801.192
126,57,0,88.8942,232.067,6.63461,151.298
126,59,0,16.25,136.731,208.269,397.5
126,60,5,2085.67,2554.3,0,230.632
126,6,0,468.317,594.76,184.615,420.577
126,63,0,630.914,727.548,29.4952,254.928
126,68,3,1688.45,2073.45,7.83505,193.916
127,9,0,120.673,226.442,206.899,436.37
127,44,3,1992.58,2346.13,138.589,363.511
127,47,5,2324.32,2558.3,0,244.53
127,49,0,1457.21,1568.94,2.23557,151.226
127,50,1,974.748,1467.31,7.70252,357.732
127,51,0,2405.34,2545.43,325.529,575.625
127,54,0,2405.2,2544.69,449.175,776.207
127,57,0,89.2308,232.692,5.625,150.721
127,59,0,0.9375,89.4471,204.519,412.212
127,60,5,2085.67,2554.3,0,230.632
127,6,0,413.558,557.212,194.495,438.966
127,63,0,597.476,695.601,30.649,281.466
127,68,3,1676.54,2043.1,3.61247,200.826
127,73,4,108.576,259.505,1539.77,1920
127,53,0,1941.13,2028.1,27.1154,230.625
128,9,0,68.6058,175.817,209.712,464.135
128,44,3,2036.01,2386.72,127.714,348.529
128,47,5,2324.32,2558.3,0,244.53
128,49,0,1450.65,1547.81,4.32693,151.154
128,50,1,938.363,1442.49,9.96197,366.373
128,51,0,2443.46,2559.62,294.303,545.12
128,54,0,2418.86,2550.83,437.763,751.099
128,57,0,91.9231,231.538,4.79568,151.695
128,59,0,0.9375,89.4471,204.519,412.212
128,6,0,370.32,532.242,197.483,461.08
128,63,0,564.255,659.591,50.6971,287.38
128,68,3,1656.05,2033.05,5.95856,201.876
128,73,4,108.576,259.505,1539.77,1920
128,53,0,1941.13,2028.1,28.2692,240.144
129,9,0,20.2885,124.135,222.62,477.188
129,38,1,2424.9,2559.71,2.74038,238.558
129,44,3,2069.2,2426.57,113.835,342.859
129,49,0,1431.15,1528.85,9.95193,152.452
129,50,1,901.601,1399.49,15.1712,380.837
129,51,0,2443.46,2559.62,294.303,545.12
129,54,0,2429.6,2558.07,415.417,720.45
129,57,0,93.5096,232.26,5.15625,149.892
129,6,0,367.596,490.865,212.668,468.678
129,63,0,528.341,622.428,92.3798,295.024
129,68,3,1640.05,2012.11,8.23752,205.644
129,53,0,1949.59,2038.1,36.4904,241.01
129,75,3,2052.5,2356.73,0.288463,126.779
130,9,0,0,80.3365,235.673,475.096
130,38,1,2484.66,2555.34,0,245.048
130,44,3,2108.25,2462.75,102.527,331.773
130,49,0,1409.04,1507.88,11.4663,155.12
130,50,1,870.523,1364.11,15.5517,396.992
130,54,0,2456.06,2559.33,393.173,699.519
130,57,0,93.5096,232.26,5.15625,149.892
130,6,0,362.788,451.827,227.957,467.236
130,63,0,493.942,596.058,90,313.558
130,68,3,1623.22,2019.56,11.2631,208.188
130,53,0,1947.64,2046.2,39.1586,238.63
130,75,3,2047.31,2346.54,0.360575,119.207
131,9,0,0,80.3365,235.673,475.096
131,38,1,2484.66,2555.34,0,245.048
131,44,3,2149.2,2509.11,91.2674,326.524
131,49,0,1386.54,1487.31,8.72596,160.889
131,50,1,840.275,1337.43,4.17077,409.123
131,52,3,2277.31,2513.46,0,95.2284
131,54,0,2476.71,2560,368.077,687.115
131,6,0,362.788,451.827,227.957,467.236
131,63,0,462.981,555.481,137.019,320.769
131,68,3,1606.98,1984.07,11.3541,220.775
131,73,4,347.324,515.451,1531.05,1919.93
131,53,0,1955.38,2056.92,36.4183,243.678
131,75,3,2029.42,2330.58,0,119.675
132,44,3,2180,2538.51,84.3613,316.906
132,49,0,1364.66,1476.88,10.8173,171.635
132,50,1,791.071,1311.04,0,422.597
132,52,3,2260,2543.08,1.69471,111.959
132,54,0,2494.09,2560,345.721,673.702
132,63,0,423.053,519.255,123.966,334.399
132,68,3,1584.55,1951.73,16.481,219.508
132,73,4,406.55,555.465,1537.18,1918.44
132,53,0,1973.68,2069.4,47.2356,253.918
132,75,3,2018.46,2280,0.360575,131.611
132,78,0,76.6407,334.573,503.991,847.955
133,44,3,2239.15,2552.61,88.4028,299.337
133,49,0,1336.25,1451.44,10.4567,168.245
133,50,1,771.334,1267.82,46.6482,429.395
133,52,3,2265.38,2528.46,0,93.5697
133,54,0,2515.06,2558.79,325.096,650.481
133,64,0,134.952,278.51,205.673,435.865
133,63,0,385.288,488.558,128.87,346.514
133,68,3,1563.17,1939.43,13.6464,222.022
133,73,4,485.921,647.567,1549.88,1918.56
133,53,0,1980.29,2084.33,44.7836,255.505
133,75,3,2002.6,2280.48,2.45193,128.51
133,78,0,148.294,392.992,483.619,852.323
134,44,3,2271.92,2560,82.3558,294.663
134,49,0,1313.46,1425,4.25481,168.822
134,50,1,745.247,1236.97,37.9237,441.297
134,52,3,2266.35,2521.35,0,88.5938
134,54,0,2515.06,2558.79,325.096,650.481
134,64,0,73.1131,245.605,203.305,464.149
134,63,0,385.288,488.558,128.87,346.514
134,68,3,1545.05,1915.39,19.2969,223.592
134,73,4,570.733,725.43,1543.45,1919.01
134,53,0,1993.7,2104.76,47.524,259.111
134,75,3,1978.56,2286.06,1.26202,131.863
134,78,2,215.333,475.415,483.605,830.33
135,44,3,2320.47,2560,75.582,294.272
135,49,0,1286.54,1402.69,3.75,172.788
135,50,1,699.412,1217.61,20.0624,455.236
135,52,3,2272.4,2509.13,0.757213,102.512
135,64,0,24.653,206.175,216.235,481.965
135,68,3,1524.13,1902.14,15.131,233.746
135,73,4,632.139,793.352,1535.79,1920
135,53,0,2003.46,2122.69,46.2981,261.202
135,75,3,1955.87,2293.37,0.865381,131.394
135,78,0,293.854,533.673,538.84,819.643
136,44,3,2354.48,2560,66.5525,290.101
136,49,0,1260.19,1373.65,5.48077,182.596
136,50,1,662.912,1191.59,11.8727,465.156
136,52,3,2197.4,2488.75,0,99.2308
136,64,0,0,119.615,244.111,485.697
136,68,3,1503.4,1878.83,20.962,233.889
136,73,4,696.35,857.878,1542.43,1919.33
136,53,0,2014.28,2145.72,53.0048,268.053
136,75,3,1934.04,2256.73,0,138.101
136,78,0,362.209,599.61,468.169,804.554
136,6,0,70.4797,222.369,307.94,597.163
137,44,3,2400.43,2559.57,49.6154,272.308
137,49,0,1228.85,1345,5.48077,184.327
137,50,1,622.936,1167.46,12.4092,474.858
137,52,3,2168.27,2410.19,0,99.1947
137,64,0,0,119.615,244.111,485.697
137,68,3,1472.63,1859.32,23.3359,239.827
137,73,4,776.454,944.54,1543.28,1920
137,53,0,2031.39,2171.68,55.1683,273.389
137,75,3,1919.62,2246.54,1.58654,156.058
137,78,0,426.207,654.178,454.832,792.802
137,6,0,19.728,165.514,319.833,615.193
137,80,0,2249.37,2515.49,1465.68,1920
138,44,3,2442.36,2560,46.1539,267.404
138,49,0,1192.98,1317.79,4.03846,188.365
138,50,1,598.734,1127.93,4.37061,495.205
138,52,3,2165.77,2403.46,0,101.034
138,68,3,1447.19,1842.23,31.4985,241.893
138,73,4,840.852,1017.05,1524.49,1919.81
138,53,0,2049.13,2200.1,45.7212,276.779
138,75,3,1902.6,2208.17,2.52404,157.284
138,78,0,489.468,707.612,452.067,779.419
138,6,0,2.12229,123.812,329.63,642.202
138,80,0,2233.03,2480.43,1395.42,1920
139,44,3,2481.23,2558.77,18.9663,253.197
139,49,0,1159.18,1282.36,5.69712,191.755
139,50,1,553.73,1097.73,6.95907,507.719
139,52,3,2151.15,2424.23,0.612981,103.954
139,63,0,137.981,268.942,193.486,449.207
139,68,3,1421.12,1810.18,33.9181,251.177
139,73,4,907.587,1087.83,1526.54,1917.06
139,53,0,2066.7,2229.45,38.7037,277.776
139,75,3,1885.58,2194.42,1.51442,160.457
139,78,0,550.869,763.933,434.717,771.822
139,6,0,0,77.5721,356.106,652.356
139,80,0,2231.68,2456.14,1314.54,1914.69
140,44,3,2521.2,2558.8,27.1875,241.659
140,49,0,1124.52,1252.4,9.30289,201.274
140,50,1,528.399,1065.27,18.814,515.192
140,52,3,2109.81,2373.27,0.432694,103.63
140,63,0,98.75,212.788,212.091,473.87
140,68,3,1398.71,1782.95,35.3874,253.816
140,73,4,976.14,1163.65,1536.15,1918.19
140,53,0,2082.09,2263.04,63.0821,280.919
140,75,3,1860.1,2158.37,3.02884,163.99
140,78,0,605.792,821.684,431.472,761.331
140,6,0,0,77.5721,356.106,652.356
140,80,0,2217.32,2438.77,1241.83,1796.74
141,44,3,2521.2,2558.8,27.1875,241.659
141,49,0,1088.41,1219.28,2.52404,204.591
141,50,1,488.854,1035.51,12.9404,546.387
141,52,3,2092.5,2402.88,0.793269,111.995
141,63,0,46.875,170.625,218.654,494.423
141,68,3,1369.12,1752.38,41.6114,263.48
141,73,4,1048.63,1240.4,1523.64,1915.55
141,53,0,2102.3,2301.19,67.7384,281.571
141,75,3,1822.04,2226.2,12.0087,165.374
141,78,0,668.238,877.258,414.168,744.954
141,80,0,2208.86,2432.75,1175.74,1688.45
142,49,0,1050.67,1181.63,26.7548,208.774
142,50,1,454.861,1007.96,27.9979,546.169
142,52,3,2103.27,2392.12,1.6226,111.022
142,63,0,8.60577,123.51,239.495,516.274
142,68,3,1337.04,1730.4,40.9633,271.023
142,73,4,1111.52,1319.45,1511.62,1912.68
142,53,0,2134.67,2336.1,73.4484,286.032
142,75,3,1804.55,2170.12,4.95548,176.842
142,78,0,723.54,940.251,415.613,737.713
142,80,0,2199.75,2419.31,1116.86,1603.95
143,49,0,1015.82,1142.64,26.8269,218.365
143,50,1,394.679,964.435,49.8727,566.781
143,52,3,2091.35,2385.58,0.757213,117.079
143,63,0,0.120192,80.9856,252.26,528.894
143,68,3,1310.48,1697.45,50.6598,279.683
143,73,4,1165.6,1368.66,1510.35,1913.37
143,53,0,2164.28,2371.87,71.2561,293.716
143,75,3,1784.14,2136.48,1.50513,188.041
143,78,0,787.231,995.691,403.704,732.578
143,80,0,2197.04,2412.02,1059.72,1522.12
143,85,0,2142.03,2457.9,1492.17,1918.83
144,49,0,979.567,1108.12,28.9904,226.875
144,50,1,379.538,930.485,42.3897,578.186
144,52,3,2085.77,2366.54,1.80288,113.726
144,63,0,0.697116,28.2933,281.755,550.745
144,68,3,1265.95,1674.18,58.0187,284.733
144,73,4,1239.55,1434.44,1504.9,1912.62
144,53,0,2186.2,2407.18,74.4614,293.045
144,75,3,1761.86,2111.72,4.22976,187.336
144,78,0,844.982,1048.17,402.98,718.85
144,80,0,2192.7,2399.52,1008.55,1446.88
144,85,0,2144.19,2425.41,1404.3,1919.76
144,86,3,1210.08,1698.63,2.98501,132.384
145,49,0,942.644,1071.2,18.3173,228.173
145,50,1,359.118,883.81,46.6168,584.773
145,52,3,2048.46,2333.08,0.865384,118.702
145,63,0,0.697116,28.2933,281.755,550.745
145,68,3,1237.86,1639.66,65.2648,289.42
145,73,4,1291.64,1504.29,1467.82,1918.85
145,53,0,2223.29,2443.15,72.7296,298.692
145,75,3,1732.02,2087.73,6.72789,189.121
145,78,0,903.94,1103.66,390.725,712.982
145,80,0,2193.36,2393.45,960.333,1384.86
145,85,0,2133.4,2412.98,1336.88,1917.63
145,86,3,1200.15,1638.94,4.3963,155.531
146,49,0,914.231,1028.85,26.3221,235.024
146,50,1,367.786,852.573,55.8314,612.971
146,52,3,2028.75,2291.25,3.20914,117.584
146,68,3,1212.54,1605.8,70.8415,299.781
146,73,4,1354.54,1564.94,1470.34,1915.68
146,53,0,2250.08,2490.48,79.406,301.323
146,75,3,1705.18,2054.35,4.66036,196.273
146,78,0,961.199,1151.39,382.926,702.675
146,80,0,2195.72,2385.35,912.651,1334.39
146,85,0,2121.98,2393.63,1255.3,1853.9
146,86,3,1200.15,1638.94,4.3963,155.531
147,49,0,882.067,1001.01,27.4038,244.471
147,50,1,204.09,846.563,55.9253,642.017
147,52,3,2013.37,2291.25,1.58654,122.885
147,68,3,1175,1571.54,70.7845,305.497
147,73,4,1427.83,1639.42,1476.14,1912.39
147,53,0,2285.47,2514.87,77.0192,304.088
147,75,3,1680.55,2035.74,4.85311,201.586
147,78,0,1015.1,1201.7,375.5,694.198
147,80,0,2198.83,2386.52,859.583,1280.09
147,85,0,2121.67,2372.66,1184.81,1747.08
148,49,0,847.788,961.442,60.5769,251.538
148,50,1,124.375,796.875,87.295,646.863
148,52,3,1988.08,2282.69,0.829325,131.791
148,68,3,1139.12,1539.26,79.8925,313.575
148,73,4,1506.87,1701.71,1465.53,1920
148,53,0,2319.55,2552.51,83.4129,306.09
148,75,3,1649.91,2016.92,8.9387,204.283
148,78,0,1069.42,1243.56,365.47,685.415
148,80,0,2199.13,2385.09,823.054,1230.13
148,85,0,2110.78,2354.43,1115.22,1667.69
148,89,3,2346.63,2554.9,0,89.8558
