2,1,3,1021.88,1665,1022.12,1499.05
2,2,3,2335.14,2560,275.496,558.64
2,3,2,2203.97,2378.92,1025.29,1548.88
2,4,3,1903.18,2300.1,0,172.73
2,5,3,1316.81,1887.13,515.535,987.106
2,6,0,2484.81,2560,1151.89,1758.82
2,7,1,2420.96,2557.5,0,211.731
2,8,3,1341.25,2130,1444.68,1920
2,9,3,611.96,1291.62,110.353,421.03
2,11,0,2521.88,2559.85,686.615,1185.01
3,1,3,1080,1717.5,947.596,1428.2
3,2,3,2361.68,2557.2,271.512,545.409
3,3,2,2200.62,2381.04,1006.72,1534.02
3,4,3,1902.37,2290.95,0,170.269
3,5,3,1379.02,1948.49,478.732,947.547
3,6,0,2502.83,2559.33,1122.84,1760.76
3,7,1,2420.96,2557.5,0,211.731
3,8,3,1335,2082.5,1363.52,1920
3,9,3,704.875,1380.89,107.288,421.704
3,11,0,2521.1,2560,678.774,1140.27
4,1,3,1163.75,1747.5,885.675,1336.76
4,2,3,2389.3,2560,262.292,531.811
4,3,2,2204.7,2380.2,1001.97,1517.94
4,4,3,1918.75,2253.56,0,158.726
4,5,3,1452.51,1994.65,450.41,896.993
4,6,0,2513.72,2559.35,1099.93,1619.19
4,8,3,1325,2033.75,1286.89,1914.96
4,9,3,805.54,1469.13,104.607,414.83
4,11,0,2512.63,2559.89,657.023,1087.71
5,1,3,1219.38,1798.75,822.088,1262.59
5,2,3,2420.86,2560,244.28,527.424
5,3,2,2205.45,2376.6,980.264,1490.1
5,4,3,1899.45,2282.24,0,172.103
5,5,3,1513.45,2056.78,421.349,851.978
5,6,0,2513.72,2559.35,1099.93,1619.19
5,8,3,1320,1991.25,1215.51,1816.93
5,9,3,894.961,1559.2,98.6401,410.724
5,11,0,2513.92,2559.19,649.735,1059.15
6,1,3,1284.46,1837.42,766.887,1179.93
6,2,3,2447.64,2560,231.635,514.327
6,3,2,2204.04,2379.59,958.41,1459.36
6,4,3,1918.75,2250.48,0.649037,162.188
6,5,3,1574.73,2115.02,388.464,815.325
6,8,3,1310,1970,1156.03,1717.21
6,9,3,982.24,1637.94,96.0551,404.127
6,11,0,2511.17,2558.11,628.019,1045.36
7,1,3,1337.07,1887.61,719.235,1116.16
7,2,3,2477.93,2558.99,214.615,493.269
7,3,2,2207.62,2380.41,945.214,1447.39
7,4,3,1916.83,2252.4,1.22596,162.62
7,5,3,1646.9,2162.66,368.123,765.922
7,8,3,1328.75,1946.25,1095.23,1642.33
7,9,3,1066.33,1711.71,93.4257,396.314
7,11,0,2516.34,2559.54,596.935,1001.04
8,1,3,1395.1,1926.49,673.663,1051.12
8,2,3,2508.12,2559.57,199.904,498.173
8,3,2,2202.87,2378.94,935.453,1438.49
8,4,3,1919.04,2247.12,1.875,162.26
8,5,3,1713.3,2212.95,339.218,742.69
8,8,3,1343.75,1940,1043.84,1546.05
8,9,3,1144.2,1782.06,91.1498,391.975
8,11,0,2507.1,2557.66,563.994,981.076
8,13,5,8.10293,544.451,0.582418,482.159
9,1,3,1460.31,1966.96,632.354,1007.88
9,2,3,2508.12,2559.57,199.904,498.173
9,3,2,2209.02,2375.06,924.129,1408.49
9,4,3,1917.79,2248.37,0.288463,161.25
9,5,3,1779.25,2263.59,316.992,698.525
9,8,3,1353.75,1936.25,986.023,1491.32
9,9,3,1219.39,1860.68,87.511,379.294
9,11,0,2503.3,2557.9,509.944,935.513
9,13,5,10.9375,639.062,11.7932,438.062
10,1,3,1514.47,2011.99,597.641,952.662
10,3,2,2206.52,2374.4,893.577,1390.63
10,4,3,1919.81,2255.58,0,159.808
10,5,3,1840.88,2311.32,290.635,669.107
10,8,3,1380.33,1933.3,925.521,1416.36
10,9,3,1294.74,1931.82,81.3292,375.078
10,11,0,2501.62,2557.42,499.056,907.273
10,13,5,11.25,698.125,21.0882,435.303
11,1,3,1564.03,2054.37,560.71,902.131
11,3,2,2207.8,2373.08,887.61,1372.56
11,4,3,1903.33,2299.43,0,166.084
11,5,3,1896.02,2364.92,271.634,639.358
11,8,3,1388.97,1948.18,877.934,1349.04
11,9,3,1381.44,1991.58,83.0584,367.804
11,11,0,2485.51,2558.64,504.372,880.027
11,13,5,0,823.125,6.40188,427.088
12,1,3,1616.23,2088.34,529.036,859.226
12,3,2,2200.15,2373.61,876.367,1364.88
12,4,3,1921.35,2254.04,0,156.779
12,5,3,1953.53,2408.13,256.604,602.218
12,8,3,1408.47,1958.2,832.582,1293
12,9,3,1453.26,2055.11,83.5271,364.372
12,11,0,2483.94,2559.98,489.764,864.732
12,13,5,0,914.375,13.321,422.91
13,1,3,1678.85,2131.71,494.995,824.058
13,3,2,2197,2364.47,857.655,1346.88
13,4,3,1930.38,2257.31,0.432694,158.798
13,5,3,2003.83,2449.37,237.956,582.223
13,8,3,1441.26,1971.62,781.614,1233.35
13,9,3,1523.48,2105.25,82.6437,364.416
13,11,0,2482.4,2560,487.5,814.038
13,13,5,0,990,15.3931,424.133
14,1,3,1738.18,2170.2,468.561,792.325
14,3,2,2195.81,2365.55,854.533,1341.38
14,4,3,1937.88,2262.12,0.9375,135.072
14,5,3,2059.62,2493.7,212.11,563.681
14,8,3,1467.08,1992.8,745.486,1184.82
14,9,3,1592.91,2169.45,73.4464,353.983
14,11,0,2487,2559.16,470.192,793.269
14,13,5,0,1076.88,7.11376,409.811
15,1,3,1777.12,2214.23,433.917,739.33
15,3,2,2196.57,2354.01,839.524,1302.15
15,4,3,1937.79,2259.13,1.73077,133.99
15,5,3,2087.75,2545.65,200.445,527.346
15,6,0,2522.12,2559.54,810.73,1296.63
15,8,3,1494.26,2009.43,700.065,1148.29
15,9,3,1667.11,2208.45,71.5654,347.214
15,11,0,2490.62,2558.61,446.971,768.029
15,13,5,0,1153.75,4.89148,411.144
16,1,3,1826.73,2257.19,410.401,716.71
16,3,2,2196.1,2352.58,828.842,1280.09
16,4,3,1939.42,2266.73,2.27163,120.901
16,5,3,2153.74,2555.44,184.768,513.189
16,6,0,2509.52,2557.01,763.944,1228.72
16,8,3,1514.2,2025.11,660.953,1089.38
16,9,3,1705.08,2285.29,67.418,338.925
16,11,0,2492.62,2559.69,433.558,732.981
16,13,5,0,1234.38,10.1138,397.384
17,1,3,1872.76,2293.02,384.576,677.394
17,3,2,2182.78,2332.86,823.338,1265.75
17,4,3,1935,2271.15,2.66827,112.861
17,5,3,2206.22,2557.02,170.891,487.541
17,6,0,2502.63,2556.7,758.057,1207.88
17,8,3,1556.96,2045.93,639.029,1037.7
17,9,3,1773.82,2309.51,63.8148,337.218
17,11,0,2500.1,2558.37,415.385,722.885
17,13,5,105.938,1310,13.5026,390.972
18,1,3,1917.56,2330.04,361.488,646.93
18,3,2,2175.69,2339.44,806.432,1251.55
18,4,3,1925,2284.23,4.32693,105.938
18,5,3,2249.31,2560,153.255,468.739
18,6,0,2500.93,2556.5,709.841,1169.65
18,8,3,1592.16,2063.92,599.88,997.097
18,9,3,1822.12,2378.74,56.5202,329.024
18,11,0,2497.14,2558.25,371.827,707.019
18,13,5,91.25,1415,22.2485,385.08
18,16,3,1336.25,2102.5,1525.53,1914.13
19,1,3,1968.7,2380.03,338.258,630.255
19,3,2,2175.42,2335.03,800.285,1231.45
19,4,3,1941.73,2313.65,3.89423,105.361
19,5,3,2295.52,2559.05,136.879,431.842
19,6,0,2487.72,2555.95,703.004,1139.3
19,8,3,1616.42,2086.66,582.592,975.277
19,9,3,1880.03,2387.92,51.0667,323.038
19,11,0,2506.61,2558,372.548,691.298
19,13,5,168.125,1465,4.28085,390.419
19,16,3,1347.5,2090,1433.63,1920
20,1,3,2013.7,2418.66,313.004,604.858
20,3,2,2172.61,2336.04,788.572,1224.98
20,4,3,1941.73,2313.65,3.89423,105.361
20,5,3,2344.65,2555.83,123.357,425.573
20,6,0,2478.96,2557.34,672.863,1123.23
20,8,3,1650.94,2105.13,554.833,932.474
20,9,3,1927.7,2446.11,44.558,322.334
20,11,0,2506.61,2558,372.548,691.298
20,13,5,263.438,1511.25,10.8583,391.009
20,16,3,1372.5,2068.75,1353.67,1920
21,1,3,2052.91,2453.88,298.561,573.235
21,3,2,2178.17,2335.46,777.731,1214.99
21,4,3,1905.11,2324.86,1.51547,157.22
21,5,3,2386.77,2558.21,110.835,430.116
21,6,0,2476.99,2557.23,646.894,1095.4
21,8,3,1674.3,2131.41,524.971,888.944
21,9,3,1975.6,2474.52,37.8515,316.885
21,13,5,425.625,1587.5,6.845,377.284
21,16,3,1395.56,2041.81,1278.17,1915.11
22,1,3,2103.53,2497.56,281.817,553.855
22,3,2,2175.33,2338.52,765.883,1200.38
22,4,3,1907.77,2340.29,0.443859,155.239
22,5,3,2420.45,2558.18,99.2121,420.252
22,6,0,2470.59,2556.96,635.358,1057.2
22,8,3,1712.49,2159.78,500.57,857.503
22,9,3,2034.23,2471.08,29.932,302.402
22,13,5,517.812,1651.25,4.52185,382.544
22,16,3,1388.75,2031.25,1203.79,1801.12
23,1,3,2146.48,2546.42,259.63,534.405
23,3,2,2189.15,2353.9,755.65,1178.78
23,4,3,1915.09,2337.54,0,169.103
23,5,3,2471.42,2559.35,99.5192,385.385
23,6,0,2467.73,2556.24,602.76,1049.19
23,8,3,1745.13,2181.82,474.649,833.768
23,9,3,2069.12,2541.46,26.8246,302.742
23,13,5,572.5,1698.75,9.37004,378.005
23,16,3,1393.75,2027.5,1135.78,1695.83
24,1,3,2198.26,2557.29,249.741,515.47
24,3,2,2179.79,2340.34,742.372,1168.2
24,4,3,1911.08,2336.53,0,169.439
24,5,3,2510.18,2557.51,89.4952,327.909
24,6,0,2459.78,2559.68,586.214,1000.3
24,8,3,1775.55,2210.26,452.42,792.842
24,9,3,2116.04,2547.21,28.246,290.75
24,13,5,648.75,1775,7.21763,374.954
24,16,3,1407.5,2016.25,1070.56,1621.62
25,1,3,2240.6,2555.59,244.587,503.267
25,3,2,2199.61,2356.21,740.323,1160.98
25,4,3,1915.64,2333.52,0,171.922
25,5,3,2510.18,2557.51,89.4952,327.909
25,6,0,2466.13,2556.6,564.24,980.306
25,8,3,1811.7,2237.39,431.166,767.293
25,9,3,2144.38,2560,24.8693,288.626
25,13,5,725,1837.5,8.81774,376.285
25,16,3,1439.48,2007.64,1008.27,1547.34
26,1,3,2289.61,2559.26,227.517,482.754
26,3,2,2205.22,2361.81,730.113,1145.62
26,4,3,1905.1,2340.75,0,174.7
26,6,0,2468.87,2558.25,554.578,974.676
26,8,3,1841.98,2264.35,416.309,737.083
26,9,3,2208.22,2553.75,29.2812,278.164
26,13,5,762.5,1905,6.59972,370.14
26,16,3,1448.57,2010.38,964.096,1469.65
27,1,3,2328.86,2559.54,212.555,471.496
27,3,2,2224.31,2382.95,719.521,1130.09
27,4,3,1918.74,2329.47,0,171.996
27,6,0,2468.71,2560,539.26,954.008
27,8,3,1877.36,2292.04,390.323,710.354
27,9,3,2238.78,2556.63,27.9178,278.998
27,13,5,847.5,1952.5,3.48344,366.669
27,16,3,1459.86,2014.32,911.425,1405.14
28,1,3,2376.17,2560,205.877,455.446
28,3,2,2231.45,2395.44,708.482,1130.33
28,4,3,1927.25,2298.95,0,177.12
28,6,0,2474.09,2557.64,524.192,918.163
28,8,3,1914.68,2319.83,368.264,684.451
28,9,3,2281.05,2557.91,21.5251,283.39
28,13,5,928.75,1995,5.39743,370.539
28,16,3,1475.95,2012.3,855.128,1338.12
28,17,1,1457.5,2522.5,1353.32,1912.28
29,1,3,2428.12,2559.57,193.341,438.389
29,3,2,2240.36,2396.19,694.387,1121.57
29,4,3,1914.41,2306.04,0,172.165
29,6,0,2479.11,2557.26,508.618,896.529
29,8,3,1939.45,2353.45,356.187,651.879
29,9,3,2314.44,2560,17.2519,262.293
29,13,5,985,2042.5,5.94582,370.019
29,16,3,1495.83,2019.24,813.777,1304.85
29,17,1,1476.25,2500,1265.09,1918.41
30,1,3,2473.87,2559.98,174.591,440.986
30,3,2,2246.7,2404.83,686.06,1105.13
30,4,3,1960.1,2239.9,1.51443,163.774
30,6,0,2484.88,2558.51,489.918,877.521
30,7,1,2178.17,2406.44,0,98.0409
30,8,3,1983.89,2381.83,330.965,630.507
30,9,3,2357.45,2555.11,18.745,246.036
30,13,5,1032.5,2077.5,3.68803,362.555
30,16,3,1509.49,2025.8,767.055,1232.79
30,17,1,1455,2425,1189.79,1920
30,19,3,2.7797,229.724,178.908,438.355
31,1,3,2521.67,2558.33,152.74,404.567
31,3,2,2260.3,2416.52,678.857,1100.55
31,4,3,1960.1,2239.9,1.51443,163.774
31,6,0,2486.97,2558.48,479.932,866.425
31,7,1,2168.75,2403.56,0,104.928
31,8,3,2023.54,2419.11,318.629,610.412
31,9,3,2389.2,2559.84,4.98211,255.834
31,13,5,1092.5,2125,0,366.35
31,16,3,1550.64,2030.71,723.137,1167.22
31,17,1,1471.25,2395,1119.63,1913.48
31,19,3,0,289.794,168.647,447.061
32,1,3,2521.67,2558.33,152.74,404.567
32,3,2,2260.63,2417.72,674.471,1080.35
32,6,0,2502.12,2560,457.075,841.099
32,7,1,2140.87,2416.06,0,109.291
32,8,3,2058.54,2461.61,304.184,592.391
32,9,3,2416.6,2558.94,0,282.736
32,13,5,1143.75,2171.25,4.75252,360.914
32,16,3,1557.95,2057.63,689.618,1130.78
32,17,1,1473.75,2370,1046.53,1920
32,19,3,10.3291,347.936,146.884,420.254
32,20,0,870.096,989.904,9.87981,199.976
33,3,2,2266.58,2425.06,664.249,1082.3
33,6,0,2510.82,2560,431.823,836.419
33,7,1,2164.52,2420.1,0,110.517
33,8,3,2106.31,2501.2,283.693,567.502
33,9,3,2453.17,2560,0,250.312
33,13,5,1202.5,2205,3.38708,357.381
33,16,3,1577.53,2069.02,663.625,1039.7
33,17,1,1480,2346.25,985.437,1916.47
33,19,3,0.821819,467.744,166.701,440.873
33,20,0,835.048,960.337,6.5625,205.601
33,23,0,2229.94,2446.07,1057.78,1584.19
34,3,2,2270.14,2439.67,659.203,1130.38
34,6,0,2523.86,2559.22,434.423,782.885
34,7,1,2164.52,2420.1,0,110.517
34,8,3,2147.24,2536.77,269.999,549.475
34,9,3,2499.28,2559.18,0,257.812
34,13,5,1256.88,2242.5,2.30381,358.813
34,16,3,1601.56,2083.43,623.294,976.845
34,17,1,1493.75,2312.5,921.841,1917.9
34,19,3,5.06197,538.011,159.075,412.14
34,20,0,807.212,926.635,15.5769,214.327
34,23,0,2216.23,2413.68,997.98,1527.48
34,24,0,1121.63,1266.06,0,165.361
35,3,4,2301.48,2435.79,647.188,1091.12
35,6,0,2529.6,2556.79,353.331,791.231
35,8,3,2188.15,2560,248.201,536.303
35,9,3,2499.28,2559.18,0,257.812
35,13,5,1302.5,2285,1.70531,355.267
35,16,3,1628.73,2091.51,600.872,948.432
35,17,1,1501.25,2252.5,865.154,1919.1
35,19,3,32.2725,616.175,163.439,415.779
35,20,0,773.75,890.865,12.7644,221.322
35,23,0,2202.11,2390.31,961.255,1462.33
35,24,0,1118.08,1226.54,0,165.793
36,3,4,2308.5,2433.08,643.185,1081.3
36,6,0,2534.58,2558.39,405.886,826.394
36,8,3,2240.16,2556.38,248.495,510.711
36,13,5,1351.25,2338.75,4.59223,343.78
36,16,3,1661.16,2105.47,572.18,862.861
36,17,1,1508.75,2232.5,823.609,1808.66
36,19,3,118.621,695.299,164.908,407.966
36,20,0,739.76,851.01,23.726,226.226
36,23,0,2188,2374.32,920.11,1411.01
36,24,0,1095.72,1210.43,3.46154,168.606
36,25,3,289.062,1095,1549.89,1912.99
37,3,4,2308.5,2433.08,643.185,1081.3
37,6,0,2534.58,2558.39,405.886,826.394
37,8,3,2282.18,2557.42,230.136,492.705
37,13,5,1403.75,2400,9.07797,338.956
37,16,3,1698.34,2127.57,540.917,839.364
37,17,1,1510,2212.5,770.018,1749.44
37,19,3,201.989,761.47,162.592,399.897
37,20,0,707.548,829.375,30.7933,231.851
37,23,0,2182.04,2365.25,880.996,1359.13
37,24,0,1050.58,1180.19,0,169.399
37,25,3,325,1093.75,1447.37,1915.99
38,3,2,2282.71,2434.97,630.957,1016.79
38,8,3,2323.59,2560,210.077,488.423
38,13,5,1463.75,2418.75,6.21383,341.778
38,16,3,1721.02,2143.34,518.249,784.741
38,17,1,1502.84,2209.49,722.657,1678.05
38,19,3,234.64,831.515,159.859,410.357
38,20,0,680.625,780.913,42.1875,232.716
38,23,0,2147.89,2345.98,843.764,1310.13
38,24,0,1027.4,1158.75,0.216343,174.303
38,25,3,401.562,1098.75,1343.47,1920
39,3,2,2300.75,2455.79,627.259,1019.48
39,8,3,2376.72,2557.98,204.558,465.084
39,13,5,1490,2435,7.14621,342.383
39,16,3,1754.23,2162.66,492.289,794.07
39,17,1,1535.21,2169.89,682.333,1623.37
39,19,3,308.511,902.768,158.943,397.206
39,20,0,654.087,755.144,43.774,209.784
39,23,0,2137.2,2313.35,803.758,1274.13
39,24,0,1004.28,1134.18,3.96635,171.851
39,25,3,452.5,1106.25,1247.21,1880.27
39,27,1,1186.59,1540.74,6.06626,204.996
40,3,2,2303.93,2463.15,618.213,1030.94
40,8,3,2416.92,2558.46,187.861,439.255
40,13,5,1567.5,2485,1.19336,339.472
40,16,3,1777.39,2189.12,456.265,800.448
40,17,1,1543.47,2159.52,655.518,1537.82
40,19,3,374.518,960.42,150.453,404.199
40,20,0,654.087,755.144,43.774,209.784
40,23,0,2121.53,2298.5,780.084,1228.7
40,24,0,983.798,1110.05,3.24519,177.764
40,25,3,490.312,1121.25,1183.09,1741.74
40,27,1,1175.62,1598.33,3.02674,208.071
40,28,0,0,193.174,184.095,419.863
41,3,2,2320.12,2463.4,611.783,1024.51
41,8,3,2452.5,2560,177.837,426.779
41,13,5,1625,2511.25,5.92385,334.035
41,16,3,1813.38,2208.28,448.051,768.082
41,17,1,1545.58,2169.51,612.032,1491.75
41,19,3,465.148,1036.5,150.129,395.797
41,23,0,2123.84,2281.24,750.607,1192.97
41,24,0,956.587,1086.49,1.15385,177.548
41,25,3,534.688,1141.25,1102.16,1650.47
41,27,1,1155.97,1631.64,0.78912,207.316
41,28,0,0,259.283,183.708,419.879
42,3,2,2321.23,2474.31,613.847,1016.77
42,8,3,2497.55,2557.84,156.49,413.51
42,13,5,1672.5,2538.75,4.2802,345.378
42,16,3,1846.21,2229.33,424.124,722.535
42,17,1,1564.44,2144.86,593.095,1437.05
42,19,3,525.164,1100.58,143.6,395.709
42,23,0,2106.83,2261.03,725.321,1160.29
42,24,0,938.654,1053.65,2.88461,183.462
42,25,3,570.625,1168.12,1030.42,1543.81
42,27,1,1105.05,1742.29,0,215.457
42,28,0,73.105,279.236,180.789,419.92
42,30,0,2385.8,2556.45,1305.17,1920
43,3,2,2333.54,2477.59,605.699,985.875
43,8,3,2497.55,2557.84,156.49,413.51
43,13,5,1775,2560,3.05267,345.235
43,16,3,1875.66,2246.54,396.021,714.027
43,17,1,1566.94,2144.54,561.614,1385.42
43,19,3,595.794,1160.49,142.749,394.596
43,23,0,2113.27,2236.69,695.568,1126
43,24,0,938.654,1053.65,2.88461,183.462
43,25,3,608.438,1197.5,961.972,1464.33
43,27,1,1079.12,1561.77,0,226.768
43,28,0,146.536,369.717,166.399,408.585
43,30,0,2354.94,2554.49,1261.63,1860.32
44,3,2,2339.91,2478.58,593.241,992.246
44,13,5,1793.75,2560,2.3578,336.94
44,16,3,1906.84,2281.09,388.103,685.096
44,17,1,1575.58,2145.06,543.771,1346.72
44,19,3,660.586,1221.98,139.535,391.752
44,23,0,2113.27,2236.69,695.568,1126
44,25,3,652.154,1216.58,904.744,1387.26
44,27,1,1021.11,1797.12,0,234.366
44,28,0,221.449,479.759,209.695,450.701
44,30,0,2351.5,2554.46,1206.7,1781.61
45,3,2,2345.55,2485.45,589.057,986.846
45,13,5,1828.75,2560,8.28147,328.557
45,16,3,1936.35,2306.23,347.871,662.901
45,17,1,1580.12,2148,514.686,1303.26
45,19,3,729.766,1289.38,136.827,391.752
45,20,0,607.067,734.471,1.875,165.288
45,25,3,695.608,1243.34,845.872,1308.21
45,27,1,940.944,1740.41,0,230.862
45,28,0,345.879,555.359,180.881,429.659
45,30,0,2334.28,2554.97,1153.16,1709.97
45,31,0,463.654,568.654,68.0769,285.577
46,3,2,2347.35,2491.01,582.472,965.396
46,13,5,1859.31,2560,0,303.449
46,16,3,1970.27,2329.91,342.189,641.111
46,17,1,1593.15,2170.75,489.421,1262.37
46,19,3,787.859,1350.22,137.553,387.562
46,20,0,560.865,692.981,3.17308,170.481
46,25,3,738.501,1274.72,796.019,1243.15
46,27,1,940.944,1740.41,0,230.862
46,28,0,380.357,623.269,152.651,408.451
46,30,0,2334.01,2540.37,1105.66,1640.1
46,31,0,463.654,568.654,68.0769,285.577
47,3,2,2359.83,2497.38,576.286,953.895
47,4,3,1654.26,1999.45,2.14216,237.313
47,13,5,1942.29,2545.91,0,319.922
47,16,3,2005.85,2364.44,326.006,625.073
47,17,1,1598.62,2163.46,476.848,1208.3
47,19,3,846.211,1412.56,136.119,382.448
47,20,0,507.5,640.192,0.288463,168.462
47,24,0,805.433,916.106,16.0096,218.077
47,25,3,781.928,1301.01,745.15,1184.38
47,28,0,439.641,703.561,158.262,406.372
47,30,0,2317.41,2521.56,1061.45,1579.19
47,31,0,413.894,519.952,89.9279,310.745
47,32,0,2398.23,2556.4,1448.71,1917.94
48,3,2,2361.9,2498.52,576.116,962.444
48,4,3,1636.42,2006.39,3.19915,234.301
48,13,1,1985.37,2560,0,334.777
48,16,3,2037.36,2382.97,317.668,602.031
48,17,1,1607.96,2184.71,450.329,1190.4
48,19,3,907.906,1473.98,135.596,384.115
48,20,0,441.154,582.692,0,177.764
48,24,0,774.615,882.308,17.4519,225.577
48,25,3,817.79,1335.61,700.144,1127.84
48,28,0,511.574,772.228,165.453,401.452
48,30,0,2291.75,2510.45,1023.74,1518.01
48,31,0,385.913,481.779,96.3462,320.481
48,32,0,2383.4,2553.93,1399.19,1918.2
49,3,2,2360.96,2500.58,567.052,947.529
49,4,3,1613.98,1992.54,1.99569,239.764
49,13,5,2029.79,2559.66,0,297.484
49,16,3,2071.91,2417.52,292.805,577.481
49,17,1,1632.56,2159.56,438.953,1144.28
49,19,3,968.391,1535.02,136.095,379.777
49,20,0,441.154,582.692,0,177.764
49,24,0,740.385,871.923,17.1635,227.019
49,25,3,874.041,1357.55,662.023,1062.16
49,28,0,579.295,845.155,162.221,399.433
49,30,0,2271.21,2491.39,979.705,1463.59
49,31,0,385.913,481.779,96.3462,320.481
49,32,0,2348.94,2557.94,1333.48,1894.11
50,3,2,2370.1,2504.21,557.682,943.302
50,4,3,1591.29,1973.47,1.62316,239.015
50,13,1,2073.74,2560,0,331.044
50,16,3,2102.14,2450.72,281.688,560.109
50,17,1,1644.09,2159.64,429.537,1112.49
50,19,3,1038.56,1584.55,129.967,378.168
50,24,0,740.385,871.923,17.1635,227.019
50,25,3,917.933,1393.05,609.476,1009.03
50,27,1,685,1780,19.9432,246.112
50,28,0,658.225,927.219,143.653,400.328
50,30,0,2250.76,2460.72,944.411,1435.67
50,32,0,2335.28,2560,1275.56,1817.09
51,3,2,2366.06,2512.02,546.571,944.311
51,4,3,1565.44,1950.58,3.88736,244.569
51,13,5,2121.18,2560,0,347.032
51,16,3,2133.67,2490.86,261.835,547.486
51,17,1,1649.43,2162.97,411.976,1083.77
51,19,3,1084.64,1655.85,131.226,374.745
51,24,0,671.587,785.337,17.0192,224.135
51,25,3,962.978,1424.12,579.28,963.431
51,27,1,707.5,1807.5,18.2527,257.718
51,28,0,734.83,990.693,146.255,397.351
51,30,0,2248,2453.13,911.801,1386.21
51,32,0,2328.36,2555.28,1220.97,1760.12
52,3,2,2381.77,2510.67,553.22,937.057
52,4,3,1542.15,1928.55,6.2688,251.623
52,13,5,2151.39,2555.01,0,339.038
52,16,3,2168,2518.63,243.383,524.125
52,17,1,1664.59,2170.17,390.68,1050.36
52,19,3,1152,1701.19,130.826,376.945
52,24,0,645.192,757.115,29.1346,218.221
52,25,3,1010.83,1466.55,545.624,913.618
52,27,1,695.348,1197.63,21.2897,291.639
52,28,0,807.391,1068.43,159.36,394.783
52,30,0,2234.51,2448.78,876.09,1328.66
52,32,0,2317.86,2548.24,1175.5,1704.36
53,3,2,2379.89,2514.68,548.72,910.293
53,4,3,1516.49,1900.45,11.2058,264.657
53,13,5,2190.58,2560,0,343.22
53,16,3,2200.23,2555.86,235.769,511.216
53,17,1,1672.57,2152.76,383.028,1021.36
53,19,3,1215.84,1754.68,126.676,374.166
53,24,0,645.192,757.115,29.1346,218.221
53,25,3,1056.85,1493.4,508.15,872.034
53,27,1,636.52,1173.26,8.82132,302.965
53,28,0,877.555,1155.63,158.828,391.508
53,30,0,2230.8,2438.43,855.347,1300.25
53,32,0,2310.79,2534.21,1135.95,1650.16
53,33,3,1868.08,2196.54,0,161.755
54,3,2,2384.75,2517.68,543.273,900.383
54,4,3,1511.23,1874.67,19.4227,248.782
54,13,5,2237.54,2560,0,349.818
54,16,3,2237.12,2550.73,226.729,489.185
54,17,1,1680.04,2155.45,383.06,995.78
54,19,3,1263.96,1813.43,130.893,366.998
54,23,0,2124.4,2251.5,471.02,811.267
54,25,3,1101.12,1536.76,482.644,828.005
54,27,1,621.529,1184.99,0,322.598
54,28,0,965.382,1233.33,162.606,390.341
54,30,0,2220.08,2408.42,827.078,1265.19
54,32,0,2292.84,2521.99,1098.49,1594.46
54,33,3,1833.08,2170,1.00961,164.712
54,34,3,1431.25,2150,1525.4,1917.05
55,3,2,2385.01,2517.81,535.518,900.684
55,4,3,1400.95,1857,19.3308,241.769
55,13,5,2237.54,2560,0,349.818
55,16,3,2276.55,2557.91,201.642,479.106
55,17,1,1694.42,2157.91,331.794,981.569
55,19,3,1325.66,1849.74,129.435,361.356
55,23,0,2137.68,2291.32,438.887,798.632
55,25,3,1145.61,1569.09,457.066,794.756
55,27,1,568.605,1068.56,0.0376225,325.386
55,28,0,1046.77,1300.82,155.437,387.097
55,30,0,2219.44,2386.71,798.156,1233.82
55,32,0,2293.31,2509.59,1057.3,1546.53
55,33,3,1805.09,2163.07,0,176.356
55,34,3,1430,2128.75,1433.41,1920
56,3,2,2385.5,2524.23,533.087,893.888
56,4,3,1362.82,1848.17,23.947,232.73
56,13,1,2318.79,2553.34,0,258.103
56,16,3,2316.31,2560,195.07,460.54
56,17,1,1701.95,2171.82,321.914,960.794
56,19,3,1376.08,1898.88,128.158,357.909
56,23,0,2153.1,2317.25,435.964,774.078
56,25,3,1188.21,1601.96,429.291,767.146
56,27,1,558.35,1026.36,1.1488,336.457
56,28,0,1128.6,1381.05,156.328,388.554
56,30,0,2199.38,2380.72,770.972,1206.26
56,31,0,156.202,266.49,175.168,395.697
56,32,0,2284.16,2504.44,1014.59,1505.5
56,33,3,1785,2128.85,0.144224,170.625
56,34,3,1433.75,2095,1352.72,1920
57,3,2,2387.55,2520.81,531.098,886.707
57,4,3,1383.97,1824.06,28.9344,238.79
57,13,1,2318.79,2553.34,0,258.103
57,16,3,2355.99,2560,185.227,441.526
57,17,1,1713.26,2178.8,316.805,926.318
57,19,3,1421.24,1945.13,127.091,351.547
57,23,0,2174.52,2339.72,416.526,751.539
57,25,3,1232.91,1636.57,409.658,730.784
57,27,1,508.617,1004.26,0.889091,355.65
57,28,0,1201.24,1458.61,144.908,389.829
57,30,0,2194.01,2368.58,750.643,1177.2
57,31,0,119.519,230.288,179.639,428.438
57,32,0,2282.23,2497.99,983.753,1460.02
57,33,3,1758.63,2120.39,0,175.892
57,34,3,1450.86,2072.96,1281.69,1909.32
58,3,2,2389.95,2521.08,522.173,883.503
58,4,3,1367.8,1757.62,28.9792,250.118
58,13,1,2392.18,2560,0,249.418
58,16,3,2397.68,2560,167.033,437.475
58,17,1,1724.51,2185.07,294.522,911.295
58,19,3,1466.99,1988.52,119.31,347.691
58,23,0,2205.82,2362.53,400.298,740.836
58,25,3,1270.04,1671.74,383.783,704.793
58,27,1,486.962,964.316,2.08642,365.616
58,28,0,1274.96,1529.7,139.731,386.211
58,30,0,2178.08,2373.83,726.101,1147.17
58,31,0,81.1058,196.394,201.707,435.216
58,32,0,2279.77,2491.28,945.826,1423.84
58,33,3,1732.9,2086.88,0,180.946
58,34,3,1457.52,2047.66,1218.55,1794.57
59,3,2,2385.36,2524.51,523.438,863
59,4,3,1338.13,1756.52,34.3104,274.193
59,13,5,2421.25,2560,1.94712,199.543
59,16,3,2442.55,2560,162.476,405.216
59,17,1,1732.12,2195.04,287.821,878.581
59,19,3,1544.16,2020.93,108.643,348.343
59,23,0,2237.12,2392.08,387.306,711.061
59,25,3,1311.65,1711.88,364.981,675.962
59,27,1,476.984,925.033,2.65131,386.333
59,28,0,1349.1,1584.14,146.435,374.949
59,30,0,2155.74,2351.74,702.723,1121.9
59,31,0,40.0481,151.683,203.005,444.88
59,32,0,2278.28,2476.59,922.856,1367.33
59,33,3,1701.62,2064.53,1.03373,179.55
59,34,3,1454.21,2038.05,1162.15,1712.8
59,37,0,2507.99,2558.29,1046.84,1546.2
59,38,3,997.641,1467.31,7.48832,206.759
60,3,2,2386.84,2521.44,502.816,850.515
60,4,3,1290.2,1745.09,40.1896,295.715
60,13,5,2421.25,2560,1.94712,199.543
60,16,3,2480.82,2559.18,143.87,407.38
60,17,1,1744.12,2212.96,276.307,856.773
60,19,3,1574.35,2068.91,110.484,343.939
60,23,0,2269.13,2414.35,371.638,697.375
60,25,3,1352.27,1745.91,345.702,647.409
60,27,1,432.11,884.446,13.886,388.772
60,28,0,1424.36,1623.18,140.493,362.518
60,30,0,2157.11,2338.32,682.035,1098.46
60,31,0,10.3365,118.029,212.74,465.721
60,32,0,2279.36,2472.78,891.432,1346.33
60,33,3,1712.31,2044.62,5.33654,158.798
60,34,3,1463.82,2033.02,1106.49,1640.59
60,37,0,2498.31,2559.29,1012.05,1535.13
60,38,3,982.684,1465.37,5.18771,220.309
61,3,2,2388.89,2521.96,496.163,851.24
61,4,3,1256.23,1737.45,38.7454,316.895
61,16,3,2516.24,2557.61,107.957,382.716
61,17,1,1752.12,2224.52,283.745,825.46
61,19,3,1635.45,2086.46,104.412,328.375
61,23,0,2300.34,2453.27,348.752,679.518
61,25,3,1390.55,1779.23,326.869,626.009
61,27,1,390.234,850.792,10.4036,441.243
61,28,0,1496.63,1687.88,115.725,354.273
61,30,0,2150.01,2323.05,664.18,1066.22
61,31,0,1.63462,81.3942,221.971,477.837
61,32,0,2257.6,2454.7,874.724,1304.94
61,33,3,1680.96,2039.04,7.42789,146.899
61,34,3,1474.04,2022.17,1056.94,1564.84
61,37,0,2497.69,2558.79,986.398,1475.87
61,38,3,939.127,1509.36,2.21553,229.984
61,40,0,872.067,981.779,6.20192,195.144
62,3,2,2385.49,2523.25,501.768,846.804
62,4,3,1229.48,1682.83,44.7877,325.564
62,16,3,2516.24,2557.61,107.957,382.716
62,17,1,1772.69,2241.18,261.018,804.853
62,19,3,1677.95,2155.59,108.307,320.688
62,23,0,2324.18,2487.06,346.55,651.657
62,25,3,1429.56,1793.27,300.516,602.039
62,27,1,382.941,829.439,12.6743,435.594
62,28,0,1496.63,1687.88,115.725,354.273
62,30,0,2136.58,2313.16,644.669,1041.39
62,31,0,0.216346,46.4904,229.76,488.51
62,32,0,2254.32,2447.79,844.041,1274.78
62,33,3,1665.38,2020.77,7.28365,154.688
62,34,3,1484.38,2010.1,999.991,1522.23
62,37,0,2493.63,2559.82,941.925,1460.93
62,38,3,910.773,1554.57,0,234.903
62,40,0,836.875,956.971,2.88461,194.135
62,41,3,2155.87,2348.75,0.0721157,98.9423
62,42,3,1467.5,2386.25,1525.27,1920
63,3,2,2385.03,2517.9,494.36,847.966
63,4,3,1199.55,1615.77,57.0681,327.616
63,17,1,1785.21,2254.51,258.881,787.466
63,19,3,1719.71,2186.88,104.652,314.047
63,23,0,2346.86,2516.02,327.331,620.32
63,25,3,1467.35,1812.45,290.348,583.917
63,27,1,340.71,790.874,7.48075,442.548
63,28,0,1625.48,1777.6,139.327,332.596
63,30,0,2122.58,2289.48,619.226,1020.18
63,31,0,0.216346,46.4904,229.76,488.51
63,32,0,2252.98,2441.46,817.979,1240.86
63,33,3,1669.04,1989.42,9.95193,165.865
63,34,3,1492.15,2021.34,962.279,1457.69
63,37,0,2499.11,2560,916.503,1417.82
63,38,3,894.959,1359.83,9.30286,239.419
63,40,0,836.875,956.971,2.88461,194.135
63,41,3,2140,2358.46,0.036056,99.6995
63,42,3,1477.5,2366.25,1447.05,1919.95
64,3,2,2383.72,2516.2,493.839,850.795
64,4,3,1161.91,1585.81,57.0735,342.55
64,17,1,1804.56,2260.08,236.7,757.027
64,19,3,1744.2,2223.56,106.381,298.791
64,23,0,2371.06,2540.38,306.742,562.666
64,25,3,1500.97,1835.3,278.061,561.039
64,27,1,281.661,758.233,8.01192,457.987
64,28,0,1625.48,1777.6,139.327,332.596
64,30,0,2113.25,2289.49,602.264,990.886
64,32,0,2249.57,2435.27,794.799,1210.97
64,33,3,1643.29,1974.61,5.93012,199.802
64,34,3,1490.53,2011.77,913.788,1392.55
64,37,0,2498.52,2557.8,907.153,1393.76
64,38,3,859.002,1383.66,8.1873,248.796
64,41,3,2124.62,2367.69,1.44231,93.6058
64,42,3,1491.25,2322.5,1361.81,1920
65,3,2,2384.89,2505.1,486.756,855.066
65,4,3,1130.22,1548.38,70.3181,345.966
65,17,1,1820.87,2287.43,204.319,734.067
65,19,3,1759.66,2266.75,102.387,300.3
65,23,0,2413.7,2557.54,306.331,601.042
65,25,3,1542.53,1875.39,268.246,543.894
65,27,1,268.129,737.313,12.3157,461.962
65,30,0,2085.64,2274.4,585.29,964.007
65,32,0,2249.42,2429.39,773.459,1186.04
65,33,3,1637.51,1961.31,7.93164,208.593
65,34,3,1505.75,2011.32,873.832,1356.82
65,37,0,2507.86,2559.56,869.198,1369.05
65,38,3,827.467,1249.71,20.1713,250.456
65,40,0,720.048,842.26,8.65384,196.442
65,41,3,2078.27,2490.96,0,100.168
65,42,3,1493.75,2295,1290.53,1920
66,3,2,2380.4,2494.27,479.873,873.028
66,4,3,1097.66,1516.08,80.3402,353.944
66,17,1,1837.05,2289.08,208.979,713.666
66,19,3,1847.59,2303.76,98.5209,302.144
66,23,0,2445.72,2560,286.659,580.457
66,25,3,1580.04,1872.25,250.613,527.739
66,27,1,233.092,701.131,17.1954,488.996
66,30,0,2084.18,2264.53,567.953,944.663
66,32,0,2250.47,2428.27,754.044,1155.25
66,33,3,1635.88,1951.57,10.3582,222.273
66,34,3,1512.71,2017.67,832.97,1279.44
66,37,0,2513.33,2559.68,839.37,1325.03
66,38,3,808.827,1233.6,21.1234,255.52
66,40,0,689.519,802.789,15.3606,220.168
66,41,3,2087.98,2388.94,0.0721157,99.2308
66,42,3,1505,2252.5,1227.72,1920
67,3,2,2384.44,2491.99,481.994,862.425
67,4,3,1055.65,1480.04,86.819,371.634
67,17,1,1860.27,2327.06,185.599,676.553
67,19,3,1901.61,2339.6,84.7429,310.684
67,23,0,2476.49,2557.36,281.683,577.933
67,25,3,1614.96,1889.26,243.414,515.844
67,27,1,199.263,707.564,28.3927,503.198
67,30,0,2067.18,2245.41,550.328,916.453
67,32,0,2248.81,2426.17,732.199,1134.78
67,33,3,1635,1938.6,8.05877,225.716
67,34,3,1518.88,2017.71,802.224,1239
67,37,0,2511.18,2558.35,815.311,1314.68
67,38,3,774.718,1235.41,17.0779,264.447
67,40,0,689.519,802.789,15.3606,220.168
67,41,3,2087.98,2388.94,0.0721157,99.2308
67,42,3,1501.25,2227.5,1155.2,1920
68,3,2,2380.18,2496.64,483.176,856.59
68,4,3,1024.51,1445.7,91.239,386.822
68,17,1,1883.21,2344.67,175.64,663.131
68,19,3,1920.28,2386.74,84.2019,318.513
68,23,0,2498.61,2559.86,264.519,562.211
68,24,0,160.865,279.519,120.938,348.101
68,25,3,1640.66,1940.16,221.295,502.579
68,27,1,171.61,679.911,23.2236,523.006
68,30,0,2060.84,2238.59,532.272,892.237
68,32,0,2247.83,2423.38,718.724,1108.94
68,33,3,1632.53,1934.57,11.825,226.369
68,34,3,1544.43,2015.87,772.09,1176.55
68,37,0,2507.12,2560,787.897,1259.53
68,38,3,767.148,1149.99,55.4243,258.352
68,41,3,2041.06,2337.4,0,103.918
68,42,3,1502.65,2227.83,1100.84,1863.66
69,3,4,2404.11,2488.2,480.289,803.942
69,4,3,987.453,1408.77,101.618,395.116
69,17,1,1908.65,2363.4,173.065,652.998
69,19,3,1982.04,2401.58,82.8484,301.491
69,23,0,2529.16,2560,264.952,497.163
69,24,0,126.25,244.135,165.216,367.861
69,25,3,1678.39,1957.55,215.47,483.807
69,27,1,178.941,628.721,55.8997,566.287
69,30,0,2064.57,2221.16,515.415,872.502
69,32,0,2252.07,2419.46,697.236,1090.97
69,33,3,1635.66,1925.92,11.7338,227.908
69,34,3,1557.94,2017.88,741.373,1128.63
69,37,0,2506.3,2557.5,778.592,1251.5
69,38,3,725.47,1145.83,66.8356,266.179
69,41,3,2041.06,2337.4,0,103.918
69,42,3,1521.11,2195.08,1047.11,1744.98
70,3,2,2383.31,2500.45,481.568,817.81
70,4,3,950.58,1368.64,108.758,412.312
70,17,1,1927.78,2388.33,158.999,643.169
70,19,3,2013.99,2443.12,72.0525,305.45
70,23,0,2529.16,2560,264.952,497.163
70,24,0,126.25,244.135,165.216,367.861
70,25,3,1712.75,1981.48,210.473,467.776
70,27,1,90.64,596.711,36.9621,579.339
70,30,0,2063.2,2228.24,498.919,846.714
70,32,0,2257.88,2420.68,679.297,1070.11
70,33,3,1634.33,1922.6,18.9663,221.178
70,34,3,1560.32,2027.82,711.661,1100.06
70,37,0,2506.72,2556.73,768.321,1222.44
70,38,3,695.471,1113.86,84.0292,272.948
70,42,3,1525.64,2191.1,1006.37,1683.1
71,3,2,2375.65,2510.98,476.167,802.582
71,4,3,915.229,1335.34,125.116,424.585
71,17,1,1955.2,2418.23,147.577,623.427
71,19,3,2088.37,2472.06,62.1542,282.807
71,25,3,1743.99,2033.07,188.954,456.31
71,27,1,86.8161,572.195,30.6123,600.964
71,30,0,2062.2,2229.71,481.863,824.026
71,32,0,2253.78,2421.54,656.043,1046.61
71,33,3,1642.02,1917.98,23.9423,219.808
71,34,3,1574.89,2040.02,685.746,1051.05
71,37,0,2497.57,2558.67,754.622,1213.2
71,38,3,671.031,1069.51,63.155,282.064
71,41,3,1979.04,2304.04,4.61538,120.216
71,42,3,1540.61,2171.89,964.205,1596.22
72,3,2,2376.18,2507.06,473.233,814.728
72,4,3,878.415,1300.68,131.654,435.172
72,17,1,1981.33,2436.41,137.134,614.729
72,19,3,2088.37,2472.06,62.1542,282.807
72,25,3,1770.73,2040.38,192.158,440.936
72,27,1,83.7738,522.706,23.0208,632.98
72,30,0,2062.57,2240.15,463.06,806.08
72,32,0,2257,2416.34,643.67,1023.2
72,33,3,1649.77,1914.99,14.7001,229.894
72,34,3,1587.24,2042.82,645.581,1014.38
72,37,0,2489.99,2560,741.236,1207.61
72,38,3,644.839,1038.68,89.598,291.834
72,41,3,1951.25,2322.6,3.56971,118.305
72,42,3,1547.17,2155.15,912.484,1544.58
73,3,2,2370.7,2513.56,467.638,806.29
73,4,3,836.685,1264.24,145.88,451.33
73,17,1,2002.51,2457.26,121.804,587.198
73,25,3,1804.36,2050.28,185.271,431.992
73,27,1,17.0501,513.091,16.5013,650.952
73,30,0,2072.65,2240.58,447.024,782.18
73,32,0,2258.12,2417.42,629.943,1002.9
73,33,3,1657.88,1916.82,16.1138,232.045
73,34,3,1597.29,2042.28,624.287,966.96
73,37,0,2478.52,2560,724.765,1165.61
73,38,3,610.672,1012.37,53.5498,296.682
73,41,3,1933.17,2316.06,2.88462,118.99
73,42,3,1548.3,2148.91,866.949,1480.34
74,3,2,2369.95,2503.6,470.856,786.957
74,4,3,797.465,1226.7,155.391,465.652
74,17,1,2026.39,2471.64,89.0744,573.126
74,19,3,2313.83,2560,50.1522,292.93
74,25,3,1825.55,2071.92,182.36,431.503
74,27,1,24.0371,458.067,84.1367,696.708
74,30,0,2098.66,2247.72,439.651,754.366
74,32,0,2258.07,2411.04,606.709,981.173
74,33,3,1662.24,1914.51,16.8716,235.775
74,34,3,1613.93,2047.85,599.391,946.019
74,37,0,2471.36,2560,714.71,1139.29
74,38,3,573.813,1045.89,40.7865,310.206
74,41,3,1933.17,2316.06,2.88462,118.99
74,42,3,1560.7,2132.97,837.317,1426.92
74,44,0,2168.56,2415.57,1371.87,1920
75,3,2,2370.79,2504.38,454.467,771.961
75,4,3,755.839,1187.67,166.587,481.81
75,17,1,2056.19,2492.45,89.366,545.202
75,19,3,2313.83,2560,50.1522,292.93
75,25,3,1859.05,2115.85,149.981,415.97
75,27,1,7.30021,421.505,66.5807,716.117
75,30,0,2111.57,2276.33,415.63,741.965
75,32,0,2249.59,2401.41,590.005,960.197
75,33,3,1669.69,1925.8,17.2908,237.804
75,34,3,1630.85,2057.63,574.152,868.87
75,37,0,2471.57,2560,695.999,1121.67
75,38,3,560.208,957.618,29.9275,315.857
75,41,3,1866.73,2290.19,4.39904,119.279
75,42,3,1568.08,2130.99,791.88,1370.86
75,44,0,2142.93,2373,1305.81,1917.5
75,46,1,1021.56,1573.99,0,234.146
76,3,2,2364.66,2499.13,433.609,773.565
76,4,3,718.971,1149.41,173.654,497.734
76,17,1,2079.19,2520.48,84.3287,543.852
76,25,3,1892.74,2140.84,156.408,400.255
76,27,1,4.35755,364.093,221.638,739.051
76,30,0,2132.32,2287.55,395.462,723.174
76,32,0,2245.62,2394.5,575.205,934.336
76,33,3,1671.58,1933.89,18.618,242.275
76,34,3,1646.75,2063.02,555.609,855.188
76,37,0,2471.24,2560,676.932,1111.11
76,38,3,525.832,924.797,38.8142,324.744
76,41,3,1835.38,2263.08,5.08413,114.339
76,42,3,1567.88,2133.41,776.095,1313.46
76,44,0,2127.38,2347.31,1236.56,1845.27
76,46,1,963.893,1540.71,0,244.757
76,47,0,1397.92,1701.17,1566.19,1918.51
77,3,2,2367.3,2494.45,432.758,768.302
77,4,3,670.578,1113.76,192.323,512.237
77,17,1,2113.19,2542.22,75.5704,536.329
77,25,3,1925.62,2152.09,147.455,393.335
77,27,1,16.4025,350.039,185.047,770.352
77,30,0,2153.37,2318.85,389.942,700.915
77,32,0,2240.07,2390.82,570.05,915.634
77,33,3,1670.97,1943.33,18.5075,241.184
77,34,3,1662.29,2067.44,534.692,814.579
77,37,0,2468.57,2560,666.914,1073.44
77,38,3,487.089,880.541,69.2631,331.431
77,41,3,1832.88,2244.04,2.34375,125.877
77,42,3,1580.85,2128.98,730.346,1265.29
77,44,0,2108.42,2324.44,1172.86,1756.53
77,46,1,916.055,1512.06,1.2401,243.159
77,47,0,1401.8,1684.6,1478.06,1912.87
78,3,2,2365.75,2493.78,433.199,776.911
78,4,3,622.275,1074.42,204.797,527.378
78,17,1,2132.42,2560,55.3128,493.793
78,25,3,1949.12,2157.02,139.261,386.103
78,27,1,15.5384,336.707,153.599,789.174
78,30,0,2174.71,2337.55,367.814,682.606
78,32,0,2238.51,2386.45,549.514,893.457
78,33,3,1675.3,1948.13,20.4213,244.407
78,34,3,1686.71,2085.92,514.376,766.778
78,37,0,2468.72,2559.5,651.261,1052.9
78,38,3,442.269,912.25,34.9034,352.871
78,41,3,1826.71,2218.63,0,160.803
78,42,3,1593.24,2122.95,698.211,1210.85
78,44,0,2090.2,2306.83,1112.81,1682.26
78,46,1,828.193,1464.18,0,254.416
78,47,0,1415.41,1674.03,1397.38,1916.64
79,3,2,2375.25,2499.46,415.496,734.504
79,4,3,582.25,1029.29,216.559,550.722
79,17,1,2144.29,2560,44.0629,505.61
79,25,3,1980.65,2196.43,143.574,371.476
79,27,1,12.341,297.576,146.652,816.888
79,30,0,2202.71,2356.46,348.949,663.357
79,32,0,2234.23,2380.66,531.343,887.875
79,33,3,1675.09,1955.27,19.8261,245.238
79,34,3,1704.81,2097.01,493.908,758.778
79,37,0,2468.37,2558.32,634.44,1035.2
79,38,3,434.987,827.288,124.036,349.151
79,41,3,1823.21,2193.46,0,166.452
79,42,3,1595.64,2126,675.194,1177.18
79,44,0,2072.5,2284.06,1061.01,1610.13
79,46,1,864.106,1431.01,1.47077,262.059
79,47,0,1413.98,1683.24,1318.13,1913.49
80,3,2,2375.25,2499.46,415.496,734.504
80,4,3,536.266,988.836,229.334,570.755
80,17,1,2181.23,2560,47.4442,488.393
80,25,3,2014.04,2226.1,138.73,364.307
80,27,1,7.6606,309.223,135.361,858.381
80,30,0,2231.64,2395,335.751,615.87
80,32,0,2226.45,2372.8,514.851,856.763
80,33,3,1677.89,1965.84,20.8473,247.031
80,34,3,1727.22,2118.71,473.755,729.686
80,37,0,2474.11,2560,613.709,1024.48
80,38,3,407.983,824.058,128.14,350.524
80,41,3,1755.84,2153.83,0,173.865
80,42,3,1598.35,2124.84,651.984,1143.06
80,44,0,2055.05,2262.95,1013.09,1546.48
80,46,1,674.868,1437.16,5.58412,269.945
80,47,0,1421.57,1686.27,1242.35,1850.04
81,3,2,2368.71,2499.97,403.828,731
81,4,3,483.724,948.401,248.164,580.457
81,17,1,2212.93,2560,50.3933,461.813
81,25,3,2043.19,2246.77,134.619,358.276
81,27,1,13.0644,289.794,217.364,897.491
81,30,0,2252.35,2411.15,324.839,601.491
81,32,0,2217.93,2367.91,503.926,857.403
81,33,3,1686.45,1973.01,19.2297,248.583
81,34,3,1750.78,2135.96,455.218,711.344
81,37,0,2477.59,2559.01,602.538,993.348
81,38,3,379.178,779.168,119.367,379.368
81,41,3,1755.84,2153.83,0,173.865
81,42,3,1610.96,2110.65,606.876,1095.08
81,44,0,2046.66,2251.49,961.675,1486.16
81,46,1,810.993,1375.41,0,273.564
81,47,0,1441.61,1680.06,1177.03,1753.34
82,3,2,2371.92,2503.82,400.182,725.8
82,4,3,431.485,907.82,260.267,610.211
82,17,1,2244.82,2559.38,49.1825,450.581
82,25,3,2070.87,2272.43,128.28,351.828
82,27,1,8.38667,239.039,198.286,941.076
82,30,0,2285.57,2430.75,314.221,599.725
82,32,0,2218.49,2361.84,501.857,838.18
82,33,3,1685.29,2000.59,22.5921,247.405
82,34,3,1778.21,2148.18,438.78,705.565
82,37,0,2481.78,2558.79,585.688,969.946
82,38,3,379.99,731.818,120.704,404.304
82,42,3,1615.68,2116.96,572.297,1043.64
82,44,0,2032.83,2233.57,923.569,1422.93
82,46,1,789.273,1337.26,1.60037,272.082
82,47,0,1448.02,1682.6,1115.26,1668.95
83,3,0,2363.7,2517.68,400.623,701.294
83,4,3,409.503,864.372,274.622,631.555
83,17,1,2269.55,2560,42.4024,435.269
83,25,3,2093.2,2292.11,121.651,341.841
83,27,1,8.38667,239.039,198.286,941.076
83,30,0,2285.57,2430.75,314.221,599.725
83,32,0,2206.51,2360.01,489.97,814.24
83,33,3,1682.18,2009.8,21.5827,250.69
83,34,3,1808.23,2174.16,421.534,709.847
83,37,0,2481.57,2557.76,567.418,956.23
83,38,3,343.026,689.569,142.5,415.403
83,42,3,1622.2,2112.47,554.134,1012.09
83,44,0,2016.54,2219.9,877.489,1367.79
83,46,1,752.317,1303.53,0,280.268
83,47,0,1465.52,1693.91,1060.92,1588.87
83,49,0,851.39,1083.72,1372.94,1920
83,50,3,2218.75,2470.48,1.875,95.625
84,3,0,2363.7,2517.68,400.623,701.294
84,4,3,380.905,817.481,289.5,654.007
84,17,1,2309.77,2560,25.9549,437.676
84,25,3,2113.42,2338.38,113.782,336.132
84,27,1,2.79006,135.594,324.4,1065.85
84,32,0,2208.87,2345.59,473.418,804.811
84,33,3,1673.5,2021.4,22.0109,253.112
84,34,3,1836.09,2188.95,405.868,696.797
84,37,0,2482.82,2560,551.077,939.224
84,38,3,312.302,648.84,161.999,399.449
84,42,3,1633.22,2092.77,534.884,978.424
84,44,0,2009.28,2206.26,834.801,1315.04
84,46,1,708.951,1273.51,11.3884,290.695
84,47,0,1472.19,1689.09,1008.62,1527.37
84,49,0,885.343,1105.3,1251.52,1840.35
84,50,3,2204.81,2444.42,0,102.476
85,3,2,2409.66,2528.8,404.856,671.683
85,4,3,317.89,767.652,310.642,675.238
85,17,1,2341.51,2555.25,30.2227,374.48
85,25,3,2151.06,2360.08,100.761,326.393
85,27,1,2.79006,135.594,324.4,1065.85
85,32,0,2204.82,2342.92,464.916,783.807
85,33,3,1677.52,2026.44,24.8065,253.774
85,34,3,1858.78,2220.09,388.543,679.614
85,37,0,2471.57,2559.43,536.653,907.003
85,38,3,257.428,610.547,161.109,394.65
85,42,3,1644.94,2087.58,510.487,954.244
85,44,0,2006.1,2193.57,796.591,1259.44
85,46,1,678.753,1227.95,6.2166,296.33
85,47,0,1477.55,1694.6,956.312,1464.16
85,49,0,917.354,1123.51,1146.63,1702.76
85,50,3,2190.48,2400.29,0,105.433
86,3,2,2393.95,2521.23,392.475,720.087
86,4,3,219.908,721.515,318.137,706.247
86,17,1,2373.56,2560,10.969,352.048
86,25,3,2177.37,2402.66,94.9516,325.146
86,32,0,2204.27,2341.02,459.661,764.098
86,33,3,1672.26,2039.36,25.9225,254.22
86,34,3,1875.26,2243.7,382.865,661.729
86,37,0,2475.4,2560,530.367,886.16
86,38,3,240.239,592.927,163.134,386.524
86,42,3,1642.86,2089.36,484.976,920.362
86,44,0,1999.53,2184.58,758.385,1214.51
86,46,1,629.465,1189.77,1.4622,305.35
86,47,0,1489.32,1697.66,906.81,1398.67
86,49,0,950.055,1148.73,1060.89,1579.13
86,50,3,2172.21,2397.02,0,103.413
87,3,2,2415.47,2542.51,375.557,718.493
87,4,3,164.52,671.792,338.227,735.056
87,17,1,2402.86,2558.13,7.16825,335.16
87,25,3,2213.94,2426.1,82.9178,319.84
87,32,0,2198.69,2339.34,445.286,751.737
87,33,3,1706.62,2043.49,38.6222,260.328
87,34,3,1925.81,2269.41,350.069,644.141
87,37,0,2479.52,2560,507.806,869.787
87,38,3,237.946,565.485,166.513,390.176
87,42,3,1658.39,2092.36,480.723,882.23
87,44,0,1994.92,2184.32,727.301,1170.69
87,46,1,601.987,1174.46,0,320.168
87,47,0,1499.12,1703.3,868.731,1337.5
87,49,0,979.074,1176.13,975.129,1473.4
87,50,3,2153.75,2353.94,0,104.243
87,52,0,2.59615,102.981,281.106,583.125
88,3,0,2431.42,2556.85,374.141,701.354
88,4,3,100.967,627.482,360.573,762.668
88,17,1,2420.93,2559.73,8.0669,335
88,25,1,2247.44,2542.37,36.0415,325.652
88,32,0,2200.75,2336.87,430.731,732.431
88,33,3,1710.99,2058.21,39.1763,260.369
88,34,3,1954.52,2300.81,343.915,618.891
88,37,0,2469.1,2560,499.263,854.644
88,38,3,199.037,535.657,186.791,425.753
88,42,3,1654.66,2100.4,467.596,850.81
88,44,0,1996,2177.48,693.751,1127.08
88,46,1,552.558,1107.41,1.96714,326.76
88,47,0,1502.22,1702.42,822.196,1284.26
88,49,0,1019.85,1204.77,894.919,1379.39
88,50,3,2138.17,2357.21,0,110.084
88,52,0,0.673077,76.2019,299.423,574.615
89,3,0,2436.59,2557.26,369.447,626.322
89,4,3,40.0786,571.085,361.892,796.535
89,17,1,2420.93,2559.73,8.0669,335
89,25,1,2274.25,2560,11.0726,311.083
89,32,0,2206.47,2336.01,424.685,716.176
89,33,3,1706.98,2079.22,38.2225,260.959
89,34,3,1974.13,2330.54,323.582,603.264
89,37,0,2468.27,2560,481.091,831.796
89,38,3,173.284,516.794,206.135,428.193
89,42,3,1662.73,2093.45,452.097,831.494
89,44,0,1995.72,2170.5,660.703,1088.51
89,46,1,505.109,1079.26,2.93982,340.3
89,47,0,1511.82,1709.36,785.391,1238.52
89,49,0,1060.44,1237.93,833.366,1278.49
89,50,3,2124.04,2374.42,0,111.346
89,52,0,2.2476,50.7812,305.048,611.683
90,3,0,2445.58,2557.5,369.375,613.125
90,4,3,0,515.547,397.43,831.649
90,25,1,2306.48,2555.6,0,296.63
90,32,0,2208.56,2338.99,413.124,696.545
90,33,3,1719.45,2097.18,35.5216,265.975
90,34,3,2018.33,2366.99,307.968,571.05
90,37,0,2479.54,2557.38,484.471,813.606
90,38,3,150.782,503.9,220.287,447.279
90,42,3,1668.43,2103.04,432.963,812.175
90,44,0,1996.79,2167.1,634.715,1049.82
90,46,1,465.959,1018.92,0.792503,355.467
90,47,0,1524.71,1713.56,748.318,1193.77
90,49,0,1084.73,1269.61,769.121,1205.47
90,50,3,2111.83,2392.79,0.540866,117.151
90,52,0,2.05529,27.0072,329.279,605.914
90,53,3,1479.44,1912.24,3.77674,194.689
90,54,0,1318.75,1470.48,8.00481,158.149
91,3,0,2445.58,2557.5,369.375,613.125
91,4,3,3.22304,459.083,419.257,855.814
91,25,3,2347.45,2556.62,34.5201,289.571
91,32,0,2219.86,2344.19,394.962,685.813
91,33,3,1730.23,2124.93,38.3516,265.842
91,34,3,2043.68,2392,298.519,563.357
91,37,0,2459.79,2557.67,456.712,801.979
91,38,3,150.782,503.9,220.287,447.279
91,42,3,1674.02,2104.49,418.048,791.107
91,44,0,1998.19,2171.15,606.169,1012.65
91,46,1,423.1,979.448,0.201044,366.313
91,47,0,1528.55,1717.86,716.164,1153.9
91,49,0,1127.1,1289.18,715.335,1143.14
91,50,3,2102.69,2395.77,0,118.882
91,52,0,2.05529,27.0072,329.279,605.914
91,53,3,1461.83,1851.55,2.06549,199.135
91,54,0,1265.82,1398.8,0,161.683
92,4,3,0,382.205,452.985,902.74
92,25,3,2380.52,2557.44,36.015,311.387
92,32,0,2230,2339.23,382.067,674.856
92,33,3,1741.91,2141.56,35.6241,267.46
92,34,3,2074,2420.88,281.684,544.605
92,37,0,2455.52,2558.6,449.264,789.012
92,42,3,1677.85,2100.84,408.998,761.773
92,44,0,2010.19,2174.1,582.502,979.272
92,46,1,377.025,927.429,5.38193,376.715
92,47,0,1539.5,1728.11,683.91,1110.52
92,49,0,1161.09,1326.77,662.795,1077.34
92,50,3,2082.6,2375.87,0,116.935
92,53,3,1439.03,1850.71,3.72867,200.173
92,54,0,1200.72,1340.82,0,173.582
93,4,3,0,324.253,481.094,917.234
93,25,1,2404.9,2557.49,1.63065,327.527
93,32,0,2243.7,2353.22,364.038,657.692
93,33,3,1748.97,2177.55,38.4236,269.779
93,34,3,2105.19,2510.34,258.731,533.539
93,37,0,2452.72,2558.5,443.488,776.869
93,42,3,1685.26,2108.56,389.379,758.993
93,44,0,2012.91,2182.35,559.34,950.675
93,46,1,29.0625,920,11.8963,406.516
93,47,0,1545.47,1734.78,659.128,1070.4
93,49,0,1190.12,1351.49,614.439,1001.95
93,50,3,2077.6,2371.63,0,113.798
93,53,3,1405.54,1828.92,3.6946,208.164
93,54,0,1143.37,1281.25,1.37019,190.745
94,4,3,0,283.931,509.571,959.061
94,25,3,2442.5,2560,39.5192,276.635
94,32,0,2257.07,2364.47,350.048,641.683
94,33,3,1772.17,2201.53,37.8937,271.976
94,34,3,2136.52,2540.98,253.118,516.4
94,37,0,2456.03,2559.61,429.277,764.453
94,42,3,1686.44,2107.08,370.617,738.341
94,44,0,2035.34,2183.21,533.885,916.903
94,46,1,27.1875,866.25,16.4754,420.601
94,47,0,1550.43,1732.97,636.327,1034.07
94,49,0,1218.4,1373.4,573.571,948.196
94,50,3,2039.04,2336.35,1.6226,120.541
94,53,3,1380.86,1802.74,4.66806,209.963
94,54,0,1090.48,1220.29,0.288463,198.75
94,56,0,2290.21,2556.65,1504.99,1918.58
94,57,0,1715.57,1975.21,1464.89,1917.24
95,4,3,0,221.784,542.19,1001.11
95,25,3,2479.98,2560,22.0673,256.587
95,32,0,2270.1,2379.13,347.885,624.808
95,33,3,1781.05,2237.7,41.3206,274.291
95,34,3,2173.47,2542.63,234.845,495.656
95,37,0,2472.09,2558.68,419.279,739.183
95,42,3,1698.17,2105.35,359.439,730.591
95,44,0,2052.97,2196.46,511.301,879.689
95,46,1,321.785,782.62,32.9936,425.008
95,47,0,1559.36,1740.88,605.749,993.21
95,49,0,1250.14,1397.15,531.953,899.13
95,50,3,2041.15,2312.69,0.865384,120.433
95,53,3,1354.41,1760.15,3.34672,219.547
95,54,0,1033.56,1160.29,0,205.312
95,56,0,2271.26,2554.34,1427.2,1918.7
95,57,0,1720.07,1950.59,1356.43,1911.88
96,4,3,0,155.194,566.398,1036.43
96,25,3,2515.4,2558.45,65.1923,272.308
96,32,0,2286.25,2393.75,327.043,610.457
96,33,3,1797.94,2264.52,43.5624,279.394
96,34,3,2216.27,2559.44,230.154,487.943
96,37,0,2474.54,2559.3,407.308,724.039
96,42,3,1704.55,2104.19,343.355,708.664
96,44,0,2062.99,2214.81,494.686,860.097
96,46,1,275.057,746.998,14.778,438.835
96,47,0,1561.6,1746.16,581.869,965.729
96,49,0,1273.98,1421.52,495.827,851.718
96,50,3,2029.81,2317.88,0.360575,123.101
96,53,3,1326.22,1735.15,5.79114,228.474
96,54,0,974.952,1108.12,0,214.183
96,56,0,2261.28,2530.14,1365.89,1920
96,57,0,1728.89,1945.47,1245.77,1828.31
96,59,3,14.1889,416.333,313.814,619.19
97,4,3,0,100.936,604.012,1091.57
97,25,3,2515.4,2558.45,65.1923,272.308
97,32,0,2304.18,2412.74,315.793,600.938
97,33,3,1819.27,2291.7,40.4235,283.645
97,34,3,2263.38,2560,215.601,487.3
97,37,0,2480.53,2559.47,397.644,719.856
97,42,3,1710.08,2116.32,327.245,689.622
97,44,0,2081.23,2223.02,480.855,833.814
97,46,1,315.967,708.081,7.85987,452.051
97,47,0,1566.54,1745.43,559.658,943.823
97,49,0,1298.62,1436.81,464.928,807.676
97,50,5,2012.59,2548.67,6.91584,235.576
97,53,3,1299.23,1692.68,3.84106,234.182
97,54,0,926.587,1050.34,9.15865,227.812
97,56,0,2231.3,2526.31,1295.68,1901.19
97,57,0,1741.57,1954.9,1156.3,1705.02
97,59,3,3.64476,311.596,333.184,645.679
98,4,3,0,100.936,604.012,1091.57
98,32,0,2329.04,2437.12,312.548,586.298
98,33,3,1834.78,2320.96,44.497,284.636
98,34,3,2302.3,2557.66,200.045,467.206
98,37,0,2480.55,2559.45,388.702,699.375
98,42,3,1721.92,2120.06,319.831,675.807
98,44,0,2105.85,2238.01,454.091,816.039
98,46,1,146.288,662.971,11.1065,444.584
98,47,0,1571.99,1740.57,534.754,917.21
98,49,0,1314.94,1460.05,431.77,766.17
98,50,5,2012.59,2548.67,6.91584,235.576
98,53,3,1273.98,1652.09,9.08107,239.281
98,54,0,872.885,990.192,11.1058,235.673
98,56,0,2214.94,2500.6,1233.13,1816.37
98,57,0,1754.28,1965.54,1063.49,1603.7
98,59,3,4.83793,366.949,344.533,660.334
99,32,0,2346.25,2469.13,301.659,566.034
99,33,3,1850.8,2349.11,53.2429,283.05
99,34,3,2352.15,2559.44,189.988,461.621
99,37,0,2492.52,2559.78,373.125,687.836
99,42,3,1730.62,2128.51,304.817,656.989
99,44,0,2120.99,2256.55,435.214,790.682
99,46,1,55.101,619.527,5.85179,455.059
99,47,0,1579.08,1739.46,514.97,882.932
99,49,0,1339.86,1477.96,405.905,729.344
99,53,3,1234.07,1623.56,7.76894,246.505
99,54,0,813.99,935.24,21.2019,249.087
99,56,0,2214.46,2467.28,1171.56,1739.35
99,57,0,1787.05,1982.08,985.461,1510.2
99,59,3,3.83659,372.549,365.702,685.538
100,32,0,2378.27,2495.58,284.207,556.37
100,33,3,1870.62,2376.1,46.1051,287.404
100,34,3,2389.07,2560,188.529,456.735
100,37,0,2501.59,2559.95,332.019,671.25
100,42,3,1742.13,2136.69,295.345,639.108
100,44,0,2135.53,2273.73,424.742,771.827
100,46,1,34.6661,575.485,13.8759,470.268
100,47,0,1586.61,1740.44,494.109,858.272
100,49,0,1370.07,1496.3,373.292,689.51
100,53,3,1207.73,1590.06,10.3508,257.81
100,54,0,759.615,878.846,41.0337,264.447
100,56,0,2203.1,2452.62,1117.69,1672.73
100,57,0,1811.85,1997.5,931.854,1415.38
100,59,3,6.39086,332.447,370.543,719.199
101,32,0,2411.54,2523.85,273.75,559.327
101,33,3,1890.93,2407.83,53.6281,290.008
101,34,3,2436.11,2557.74,175.962,440.769
101,37,0,2515.36,2558.49,300.433,627.837
101,42,3,1755.56,2142.16,284.469,621.912
101,44,0,2162.06,2294.15,410.369,750.616
101,46,1,7.87868,541.354,17.2335,494.829
101,47,0,1589.06,1744.66,476.159,840.345
101,49,0,1390.94,1525.11,353.617,655.832
101,53,3,1167.64,1560.71,11.4927,259.693
101,54,0,706.971,824.567,49.4711,278.798
101,56,0,2192.54,2442.58,1066.06,1603.5
101,57,0,1843.83,2031.71,861.016,1330.7
101,59,3,0,304.002,388.577,742.367
102,17,3,2486.59,2559.57,153.966,393.822
102,32,0,2446.73,2547.12,260.409,522.476
102,33,3,1910.72,2440.4,53.8355,291.982
102,34,3,2436.11,2557.74,175.962,440.769
102,37,0,2509.76,2557.93,298.413,606.202
102,42,3,1768.05,2158.54,268.391,608.232
102,44,0,2179.41,2309.52,398.878,723.109
102,46,1,2.78111,517.199,4.14611,512.668
102,47,0,1591.92,1745.22,457.652,814.696
102,49,0,1417.97,1546.31,318.27,627.766
102,53,3,1145.08,1529.89,42.6277,277.254
102,54,0,654.567,773.125,53.5817,291.418
102,56,0,2186.68,2441.17,1016.54,1536.82
102,57,0,1884.2,2061.61,791.976,1262.81
102,59,3,2.61278,254.754,418.536,772.639
103,17,3,2486.59,2559.57,153.966,393.822
103,32,0,2485.05,2558.03,243.894,523.99
103,33,3,1927.27,2467.03,52.4243,292.988
103,37,0,2509.76,2557.93,298.413,606.202
103,42,3,1779.32,2171.53,259.594,587.935
103,44,0,2190.48,2315.72,380.021,700.395
103,46,1,4.88012,469.958,13.1196,517.437
103,47,0,1592.08,1744.08,438.775,786.262
103,49,0,1442,1573.96,303.007,594.782
103,53,3,1119.4,1496.12,42.2501,284.287
103,54,0,596.154,716.154,86.899,314.928
103,56,0,2183.58,2423.57,973.705,1490.43
103,57,0,1906.38,2080.78,744.906,1193.63
103,59,3,0,232.67,425.941,790.817
104,32,0,2525.22,2557.86,223.702,534.952
104,33,3,1948.34,2499.42,50.7715,294.997
104,42,3,1793.91,2187.55,240.334,568.034
104,44,0,2197,2322.61,363.548,686.671
104,46,1,0,474.374,71.8745,577.055
104,47,0,1594.96,1739.08,423.123,767.843
104,49,0,1474.05,1600.46,281.404,568.446
104,53,3,1082.46,1467.08,38.7151,296.504
104,54,0,538.173,663.365,92.524,329.207
104,56,0,2183.29,2414.62,931.827,1426.1
104,57,0,1936.62,2100.13,699.866,1126.27
104,59,3,0,213.112,444.191,815.605
104,64,3,1841.15,2209.87,6.67532,174.335
104,65,3,1004.42,1321.73,5.04808,171.058
105,32,0,2525.22,2557.86,223.702,534.952
105,33,3,1978.62,2524.47,46.0544,299.893
105,42,3,1808.71,2194.64,232.496,561.319
105,44,0,2209.94,2337.16,350.352,668.932
105,46,1,12.0803,335.294,36.4931,609.427
105,47,0,1594.33,1740.4,410.991,731.053
105,49,0,1503.21,1636.53,255.801,549.398
105,53,3,1057.88,1439.97,62.0295,304.925
105,54,0,489.471,605.144,94.1827,339.663
105,56,0,2182.9,2405.05,894.386,1371.35
105,57,0,1969.2,2128.03,653.52,1072.39
105,59,3,1.29745,185.678,461.823,842.509
105,64,3,1810.85,2162.07,2.75608,191.537
105,65,3,955.701,1349.54,9.58564,173.641
106,33,3,2001.94,2520.36,54.797,296.908
106,42,3,1831.05,2218.73,221.889,556.706
106,44,0,2219.62,2344.26,333.784,647.962
106,46,1,9.23081,327.434,43.4169,614.814
106,47,0,1599.45,1735.83,392.011,715.529
106,49,0,1543.37,1653.56,240.361,516.562
106,53,3,1030.81,1401.14,59.743,316.636
106,54,0,427.548,547.067,118.413,357.26
106,56,0,2183.65,2394.38,853.153,1318.61
106,57,0,1997.21,2147.73,613.063,1030.5
106,59,3,0,162.77,489.091,871.197
106,64,3,1786.84,2123.54,4.30484,201.47
106,65,3,907.508,1297.04,8.98,188.37
107,33,3,2030,2551.14,56.2712,293.692
107,42,3,1845.42,2235.62,211.081,540.949
107,44,0,2230.81,2356,317.657,625.645
107,46,1,6.61898,341.479,34.6381,637.05
107,47,0,1601.97,1736.96,373.872,689.434
107,49,0,1581.97,1701.11,219.447,487.861
107,53,3,999.829,1370.98,69.7339,327.239
107,54,0,427.548,547.067,118.413,357.26
107,56,0,2176.85,2400.01,812.482,1267.94
107,57,0,2015.69,2166.48,577.516,972.258
107,59,3,0.00697613,137.429,492.606,921.67
107,64,3,1761.54,2056.92,5.98558,199.832
107,65,3,875.773,1248.1,11.8901,203.036
108,33,3,2049.11,2558.49,57.5366,295.974
108,42,3,1865.97,2251.95,192.286,514.394
108,44,0,2240.07,2366.17,306.451,613.501
108,46,1,8.98966,350.121,48.3293,647.112
108,47,0,1613.8,1741.02,352.497,672.716
108,49,0,1619.42,1737.5,201.274,437.957
108,53,3,967.296,1343.65,78.2016,337.695
108,56,0,2173.91,2388.54,779.847,1225.62
108,57,0,2040.81,2186.78,547.89,911.787
108,59,3,0.00697613,137.429,492.606,921.67
108,64,3,1725.19,2037.88,11.1779,201.418
108,65,3,823.657,1199.28,10.9756,214.773
109,33,3,2061.64,2557.28,58.9086,301.197
109,42,3,1882.05,2270.06,185.762,498.037
109,44,0,2254.7,2383.04,296.903,600.116
109,46,1,10.2115,314.585,38.3327,664.436
109,47,0,1616.32,1749.06,335.66,651.492
109,49,0,1660.67,1773.17,189.736,414.303
109,53,3,932.991,1301.88,86.6215,359.691
109,56,0,2173.89,2380.95,745.838,1182.67
109,57,0,2068.95,2204.84,515.335,876.764
109,64,3,1693.44,2012.15,12.4754,218.725
109,65,3,784.364,1143.74,15.5676,229.562
109,66,0,1981.27,2077.19,0,94.2188
110,33,3,2099.39,2560,62.667,305.044
110,42,3,1900.22,2286.07,177.486,489.837
110,44,0,2269.69,2405.41,281.429,583.718
110,46,1,17.0589,285.536,98.7356,697.921
110,47,0,1621.92,1760.12,332.705,629.728
110,49,0,1699.86,1807.84,181.587,429.952
110,53,3,895.726,1279.08,85.7292,366.403
110,56,0,2177.78,2375.21,712.518,1136.38
110,57,0,2085.44,2221.3,484.977,837.679
110,59,3,0,53.6902,571.651,1006.67
110,64,3,1667.6,1978.92,10.0748,226.857
110,65,3,739.642,1091.38,17.5227,243.216
110,66,0,1943.92,2031.47,0.144231,105.938
110,67,0,2338.85,2560,1575.39,1920
110,68,1,2096.65,2560,0,133.061
111,33,3,2130.02,2558.75,57.3091,299.546
111,42,3,1919.59,2300.66,174.068,482.177
111,44,0,2288.6,2422.18,272.731,562.909
111,46,1,9.18755,270.678,76.788,747.352
111,47,0,1630.56,1762.13,313.984,615.683
111,49,0,1733.94,1841.44,155.12,409.399
111,53,3,861.487,1248.74,89.775,381.986
111,56,0,2178.23,2367.82,686.217,1098.59
111,57,0,2112.3,2240.08,448.448,807.601
111,59,3,0,53.6902,571.651,1006.67
111,64,3,1632.64,1946.1,13.0043,247.344
111,65,3,694.375,1045,25.8615,248.001
111,66,0,1894.09,1992.07,1.98317,117.296
111,67,0,2317.94,2558.63,1500.26,1918.93
111,68,1,2096.65,2560,0,133.061
111,69,0,2008.85,2098.85,0,40.9435
112,33,3,2143.45,2560,64.8879,299.657
112,42,3,1930.78,2318.22,167.205,476.822
112,44,0,2309.99,2442.53,258.522,553.809
112,46,1,9.78772,245.795,85.4719,750.168
112,47,0,1641.98,1775.18,297.217,599.359
112,49,0,1769.76,1885.62,145.096,393.75
112,53,3,830.13,1215.17,103.172,396.634
112,56,0,2182.87,2355.95,656.935,1061.53
112,57,0,2130.9,2272.68,430.124,766.079
112,64,3,1598.28,1916.13,20.3836,244.539
112,65,3,650.946,1012.26,30.0034,256.193
112,66,0,1867.38,1948,4.97596,107.812
112,67,0,2301.39,2555.95,1423.31,1917.58
112,68,5,2069.81,2530.19,0,103.63
112,69,0,1963.22,2058.32,0.703125,39.8618
113,33,3,2185.64,2557.15,67.3006,304.128
113,42,3,1948.95,2329.27,162.428,460.22
113,44,0,2334.52,2453.17,248.87,537.476
113,46,1,1.66957,168.936,177.745,781.715
113,47,0,1653.69,1786.76,287.022,583.32
113,49,0,1808.32,1908.61,137.38,387.909
113,53,3,792.001,1187.57,118.558,410.733
113,56,0,2178.57,2360.58,633.649,1024.82
113,57,0,2157.38,2288.06,411.883,721.039
113,64,3,1563.03,1868.41,30.6164,252.62
113,65,3,595.705,946.075,52.5135,265.362
113,66,0,1867.38,1948,4.97596,107.812
113,67,0,2291.49,2543.7,1353.3,1919.57
113,68,1,2097.88,2560,0,93.9663
113,69,0,1963.22,2058.32,0.703125,39.8618
114,33,3,2212.39,2554.57,66.5625,297.269
114,42,3,1961.63,2348.46,140.867,441.581
114,44,0,2350.51,2482.86,238.991,529.487
114,46,1,1.66957,168.936,177.745,781.715
114,47,0,1661.79,1800.02,279.977,563.052
114,49,0,1837.45,1947.16,128.51,374.567
114,53,3,761.062,1152.6,129.809,423.522
114,56,0,2179.15,2361.74,601.104,993.635
114,57,0,2174.69,2317.13,385.304,677.294
114,64,3,1524.95,1838.94,41.8238,259.242
114,65,3,549.598,927.516,55.5375,281.423
114,67,0,2268.49,2550.82,1289.68,1871.28
114,68,1,2066.87,2559.44,4.6434,122.924
115,33,3,2232.44,2552.23,62.072,278.907
115,42,3,1978.82,2375.36,132.704,442.17
115,44,0,2382.21,2500.87,239.712,515.481
115,47,0,1675.98,1812.46,266.38,550.771
115,49,0,1871.68,1980.62,117.332,360.361
115,53,3,728.712,1128.75,132.295,440.517
115,56,0,2179.53,2362.34,574.388,976.179
115,57,0,2201.3,2340.71,354.483,652.377
115,64,3,1484.17,1807.19,47.0417,272.542
115,65,3,499.987,831.55,55.3479,293.378
115,67,0,2263.14,2518.5,1228.51,1783.96
115,68,1,2037.19,2552.51,3.90771,122.883
116,33,3,2255.17,2557.65,61.1055,289.514
116,42,3,1990.4,2393.78,126.495,438.845
116,44,0,2395.62,2512.07,228.317,496.298
116,47,0,1690.7,1822.15,243.332,537.719
116,49,0,1903.22,1998.32,104.351,348.822
116,53,3,695.984,1092.52,149.249,456.082
116,56,0,2184.36,2358.76,557.597,931.627
116,57,0,2222.47,2362.91,335.866,624.595
116,64,3,1450.6,1768.06,54.4544,282.696
116,65,3,444.748,993.81,10.6303,319.53
116,67,0,2252.28,2501.56,1168.19,1710.24
116,68,1,2013.03,2560,2.51367,127.993
116,73,3,1226.88,1962.5,1528.74,1915.63
117,33,3,2296.44,2555.87,74.2789,265.529
117,42,3,2007.51,2399.67,134.328,435.116
117,44,0,2421.25,2532.6,217.428,483.534
117,47,0,1704.17,1833.52,238.279,525.041
117,49,0,1935.1,2043.37,102.188,331.082
117,53,3,665.611,1061.09,157.062,473.712
117,56,0,2192.08,2359.51,534.929,901.445
117,57,0,2246.8,2379.67,318.044,605.576
117,64,3,1404.82,1736.38,63.5529,291.071
117,65,3,400.722,839.275,30.3724,322.94
117,67,0,2237.4,2477.22,1114.3,1641.74
117,68,1,2003.48,2560,0.491252,120.107
117,73,3,1246.25,1947.5,1461.38,1920
118,33,3,2322.88,2560,73.3413,257.524
118,42,3,2019.13,2435.11,137.041,420.158
118,44,0,2446.2,2550.72,217.428,475.457
118,47,0,1712.88,1847.39,224.169,508.769
118,49,0,1971.92,2089.62,86.25,313.269
118,53,3,633.239,1031.77,163.581,491.762
118,56,0,2196.32,2357.54,509.668,882.104
118,57,0,2275.42,2404.96,297.688,609.649
118,64,3,1369.24,1698.06,71.8663,304.866
118,65,3,375.224,856.233,20.3315,345.76
118,67,0,2233.14,2466.86,1063.68,1575.01
118,68,1,1954.99,2527.04,0,122.005
118,73,3,1264.38,1942.5,1390.46,1920
119,33,3,2350.67,2560,67.6442,259.76
119,42,3,2022.58,2427.83,110.003,422.468
119,44,0,2476.54,2557.31,209.207,469.832
119,47,0,1724.18,1861.5,218.214,500.874
119,49,0,1971.92,2089.62,86.25,313.269
119,53,3,596.645,996.293,185.308,505.535
119,56,0,2199.11,2360.99,489.73,855.676
119,57,0,2307.85,2435.76,276.919,590.14
119,64,3,1327.33,1660.76,81.6385,316.35
119,65,3,375.224,856.233,20.3315,345.76
119,67,0,2222.32,2458.94,1014.95,1517.98
119,68,1,1935.05,2523.82,0,137.348
119,73,3,1285,1945,1319.61,1919.06
120,33,3,2392.84,2557.93,65.3365,273.317
120,42,3,2049.85,2434.18,137.394,409.532
120,44,0,2499.76,2558.7,195.865,450.865
120,47,0,1735.08,1876.41,210.927,486.77
120,53,3,561.427,969.903,198.614,525.515
120,56,0,2201.7,2365.45,474.188,822.993
120,57,0,2334.06,2469.06,270.505,561.64
120,64,3,1284.66,1625.66,87.8083,325.809
120,67,0,2218.18,2445.46,974.297,1456.41
120,68,1,1900.72,2512.64,0,139.781
120,73,3,1310.15,1947.94,1266.95,1878.07
120,77,0,1645.12,1727.19,1.33413,100.204
121,33,3,2415.43,2559.95,70.6731,270.577
121,42,3,2066.16,2447.22,126.315,406.715
121,44,0,2521.66,2558.34,181.37,449.784
121,47,0,1748.94,1886.87,197.55,477.532
121,53,3,528.774,941.889,207.446,541.609
121,56,0,2209.37,2377.7,452.309,795.895
121,57,0,2352.64,2462.74,256.226,534.159
121,64,3,1247.9,1591.33,95.9937,334.402
121,65,3,200.327,599.439,136.207,384.301
121,67,0,2210.36,2434.99,935.717,1401.97
121,68,1,1900.75,2355.62,0,163.903
121,73,3,1335,1957.5,1215.36,1779.49
121,77,0,1603.51,1698.03,4.50721,101.863
121,78,0,2197.22,2477.88,1523.42,1920
122,33,3,2441.44,2560,70.1683,314.639
122,42,3,2085.76,2485.26,110.066,399.896
122,44,0,2521.66,2558.34,181.37,449.784
122,47,0,1768.7,1892.84,192.26,457.933
122,53,3,481.224,908.13,222.288,557.677
122,56,0,2223.06,2375.84,438.162,771.014
122,57,0,2381.06,2486.63,238.341,527.812
122,64,3,1200.84,1553.1,102.534,348.743
122,65,3,130.772,557.392,158.672,401.753
122,67,0,2198.79,2423.45,889.387,1351.9
122,68,1,1868.9,2384.54,0,171.957
122,73,3,1351.25,1970,1168.91,1710.87
122,77,0,1555.58,1662.88,1.83894,112.969
122,78,0,2167.46,2443.64,1444.47,1920
123,33,3,2494.83,2560,69.5192,321.923
123,42,3,2102.85,2476.73,111.718,394.765
123,47,0,1781.01,1902.07,191.106,451.01
123,53,3,441.213,870.156,234.581,582.735
123,56,0,2232.01,2386.67,425.904,746.513
123,57,0,2399.42,2505.19,222.837,503.51
123,64,3,1172.69,1519.83,110.432,358.012
123,65,3,91.1988,513.466,165.618,411.962
123,67,0,2197.55,2414.73,858.984,1302.43
123,68,1,1850.54,2397.59,0,186.724
123,73,3,1375,1976.25,1116.11,1642.47
123,77,0,1517.31,1622.69,1.37019,113.582
123,78,0,2155.02,2406.24,1373.14,1920
124,33,3,2494.83,2560,69.5192,321.923
124,42,3,2116.62,2514.13,86.8136,395.111
124,47,0,1792.21,1912.4,182.163,440.913
124,53,3,404.641,840.684,252.728,599.525
124,56,0,2245.75,2395.47,404.832,731.924
124,57,0,2419.28,2519.18,217.933,489.952
124,64,3,1130.44,1482.18,118.435,370.668
124,65,3,27.9996,471.004,184.688,436.757
124,67,0,2203.72,2405.17,824.112,1256.33
124,68,1,1812.2,2405.15,0.65114,191.005
124,73,3,1400,2001.25,1067.1,1575.2
124,77,0,1469.13,1577.02,0.396634,118.377
124,78,0,2131.5,2386.43,1297.63,1910.2
124,81,3,508.237,939.648,2.61123,192.826
125,42,3,2129.4,2498.2,94.0158,371.182
125,47,0,1802.6,1923.56,170.409,433.053
125,53,3,385.116,803.075,263.622,616.397
125,56,0,2253.96,2407.94,385.51,708.871
125,57,0,2438.85,2548.85,201.058,479.712
125,64,3,1089.08,1446.54,127.268,382.194
125,65,3,9.0789,422.623,190.051,447.148
125,67,0,2192.09,2401.37,787.146,1216.79
125,68,1,1785.08,2245.55,0,191.53
125,73,3,1433.69,1992.9,1011.28,1525.67
125,77,0,1415.53,1526.01,0.973556,125.517
125,78,0,2131.06,2359.29,1232.72,1816.39
125,81,3,431.26,886.615,1.11278,200.237
126,42,3,2150.14,2537.68,96.4787,368.683
126,47,0,1813.61,1937.16,157.788,423.75
126,53,3,373.208,764.075,278.294,643.157
126,56,0,2264.03,2417.6,372.081,692.417
126,57,0,2453.85,2555.38,197.308,458.077
126,64,3,1048.67,1412.2,143.158,395.528
126,65,3,9.14061,346.007,193.267,457.193
126,67,0,2194.58,2396.85,758.055,1172.75
126,68,1,1757.18,2241.01,0.744603,193.813
126,73,3,1447.51,2001.15,971.881,1471.05
126,77,0,1415.53,1526.01,0.973556,125.517
126,78,0,2126.66,2347.91,1167.41,1734.37
126,81,3,410.314,822.095,3.7481,208.093
127,42,3,2164.62,2550.23,83.028,370.357
127,47,0,1825.24,1947.07,156.274,415.457
127,53,3,263.598,724.968,290.764,670.718
127,56,0,2278.31,2429.91,360.042,667.017
127,57,0,2487.88,2558.27,172.644,453.894
127,64,3,1012.35,1375,148.243,411.084
127,65,3,1.18771,241.827,193.091,497.231
127,67,0,2196.94,2389.69,723.987,1134.05
127,68,1,1730.47,2159.02,3.78412,190.229
127,73,3,1472.05,2011.94,932.249,1406.59
127,77,0,1320.58,1422.5,1.47836,137.344
127,78,0,2120.45,2343.17,1114.41,1654.09
127,81,3,410.314,822.095,3.7481,208.093
128,42,3,2175.69,2543.68,86.5318,366.111
128,47,0,1838.85,1951.92,147.476,409.832
128,53,3,190.881,675.751,313.111,687.266
128,56,0,2289.98,2446.92,347.397,649.391
128,57,0,2511.36,2559.41,174.591,440.409
128,64,3,971.058,1337.71,159.54,424.443
128,65,3,0,261.795,188.851,512.607
128,67,0,2198.8,2388.95,702.159,1091.71
128,68,1,1708.97,2116.8,2.931,203.568
128,73,3,1494.42,2019.88,888.082,1364.28
128,77,0,1320.58,1422.5,1.47836,137.344
128,78,0,2116.71,2337.67,1059.43,1590.49
129,42,1,2203.82,2560,30.4102,361.811
129,47,0,1842.84,1960.24,135.288,405
129,53,3,134.266,633.491,309.808,717.239
129,56,0,2306.05,2454.78,327.243,639.204
129,57,0,2534.16,2558.15,162.043,446.611
129,64,3,927.565,1301.54,169.359,440.072
129,65,3,0,261.795,188.851,512.607
129,67,0,2197.93,2382.17,672.174,1065.62
129,68,1,1675.91,2118.61,3.70681,216.451
129,73,3,1506.19,2029.48,847.694,1316.74
129,78,0,2120.58,2336.92,1019.11,1525.1
130,42,3,2230.34,2557.76,21.8874,359.404
130,47,0,1852.93,1971.68,130.385,392.596
130,53,3,79.2916,586.378,346.277,736.954
130,56,0,2321.98,2478.5,317.046,615.522
130,57,0,2534.16,2558.15,162.043,446.611
130,64,3,892.007,1262.61,176.734,455.801
130,67,0,2205.09,2384.71,646.429,1034.27
130,68,1,1643.91,2116.14,3.60078,215.697
130,73,3,1520.1,2040.83,813.454,1276.58
130,78,0,2130.7,2331.81,970.054,1467.23
130,82,3,2079.81,2301.73,0.0360596,111.815
131,42,1,2241.21,2560,1.27274,363.353
131,47,0,1858.56,1975.29,132.764,375.505
131,53,3,10.1184,538.178,360.494,765.149
131,56,0,2333.5,2491.9,312.701,594.672
131,64,3,850.891,1228.99,188.737,466.412
131,67,0,2203.22,2391.24,623.998,992.612
131,68,1,1590.35,2070.04,2.96983,219.699
131,73,3,1551.75,2050.7,781.464,1223.17
131,77,0,1115.62,1230.53,0,169.399
131,78,0,2135.06,2337.84,926.914,1404.58
131,82,3,2052.6,2307.4,0.396631,124.94
131,84,0,2468.18,2555.96,1292.61,1850.78
132,42,1,2252.06,2560,24.3275,360.426
132,47,0,1872.64,1985.82,120.144,371.394
132,53,3,0,491.288,360.249,796.593
132,56,0,2359.32,2510.66,292.626,584.473
132,64,3,811.947,1191.44,197.373,477.055
132,67,0,2221.65,2395.28,601.777,963.504
132,68,1,1557.18,2047.17,2.73282,221.482
132,73,3,1572.1,2059.02,752.451,1183.92
132,77,0,1072.02,1175.67,4.47115,171.923
132,78,0,2141.42,2346.95,884.974,1350.78
132,82,3,2027.12,2274.42,1.65865,120.505
132,84,0,2440.46,2556.24,1215.92,1774.91
133,42,1,2252.07,2560,45.326,332.55
133,47,0,1885.38,1994.62,115.096,364.904
133,53,3,0,435.039,393.62,830.924
133,56,0,2378.59,2529.08,281.989,570.366
133,64,3,770.372,1154.33,209.398,491.652
133,67,0,2232.18,2398.43,584.142,952.351
133,68,1,1539.98,2018.56,0,233.967
133,73,3,1591.04,2065.98,719.902,1150.22
133,77,0,1023.46,1124.23,2.01923,184.615
133,78,0,2146.37,2348.27,848.043,1301.61
133,82,3,1995.1,2275.67,1.15384,135.144
133,84,0,2420.32,2557.47,1158.57,1686.91
134,42,3,2314.31,2556.71,49.59,328.753
134,47,0,1895.77,2002.69,111.635,358.846
134,53,3,0,381.116,416.809,853.58
134,56,0,2399.34,2549.2,275.81,554.973
134,64,3,728.086,1112.99,219.327,507.288
134,67,0,2237.05,2403.46,556.741,907.681
134,68,1,1496.05,1987.77,0.146534,236.094
134,73,3,1607.66,2075.48,688.727,1113.92
134,77,0,967.26,1068.13,3.46154,192.692
134,78,0,2154.41,2348.68,808.551,1251.67
134,82,3,1965.48,2283.75,0,137.74
134,84,0,2405.3,2558.27,1095.71,1630.53
134,87,3,2393.17,2560,0,62.2176
135,42,3,2341.63,2555.42,44.2561,314.764
135,47,0,1906.01,2013.99,106.803,351.851
135,53,3,4.94843,337.436,452.437,864.862
135,56,0,2427.26,2557.36,266.394,537.26
135,64,3,680.737,1080.68,230.887,522.421
135,67,0,2243.47,2403.9,537.945,877.963
135,68,1,1461.16,1959.78,0.947843,243.858
135,73,3,1629.19,2087.47,670.67,1065.76
135,77,0,940.24,1016.68,0,202.5
135,78,0,2159.55,2351.33,776.111,1196.52
135,82,3,1935.87,2273.37,0,153.389
135,84,0,2394.01,2556.01,1058,1566.1
135,87,3,2373.85,2558.46,0,93.6779
136,42,3,2367.13,2560,19.9827,313.831
136,47,0,1912.21,2023.17,108.894,344.856
136,53,3,0,275.323,471.593,905.714
136,56,0,2451.11,2558.12,253.558,532.212
136,64,3,637.019,1033.75,243.562,536.344
136,67,0,2251.27,2415.98,519.148,852.569
136,68,1,1438.17,1923.37,0,254.252
136,73,3,1655.34,2093.14,640.421,1034.55
136,77,0,940.24,1016.68,0,202.5
136,78,0,2169.79,2351.09,740.278,1157.56
136,82,3,1904.62,2209.23,0,156.851
136,84,0,2378.24,2558.09,1016.3,1505.53
136,87,3,2373.85,2558.46,0,93.6779
137,42,1,2383.33,2560,0,291.952
137,47,0,1929.71,2042.6,102.26,333.606
137,53,3,0,215.182,492.884,947.895
137,56,0,2481.23,2558.77,241.947,527.091
137,64,3,591.635,993.141,251.945,553.911
137,67,0,2260.14,2429.71,500.72,815.897
137,68,1,1401.94,1882.54,2.52471,257.061
137,73,3,1668.99,2104.5,616.215,997.749
137,78,0,2182.41,2362.25,703.326,1119.54
137,82,3,1871.06,2202.79,0.9375,164.062
137,84,0,2361.63,2554.81,965.448,1442.06
138,42,3,2410.18,2559.97,12.1898,303.645
138,47,0,1942.16,2054.76,98.2933,330.361
138,53,3,0,215.182,492.884,947.895
138,56,0,2506.39,2560,237.043,520.457
138,64,3,550.919,947.457,271.642,567.911
138,67,0,2274.48,2434.28,480.583,806.559
138,68,1,1375.73,1854.95,18.5357,281.545
138,73,3,1691.3,2120.35,596.917,978.73
138,78,0,2186.67,2365.64,675.53,1075.02
138,82,3,1845.38,2148.46,2.88461,165.865
138,84,0,2361.23,2551.33,937.539,1378.77
139,42,3,2440,2560,22.5,286.731
139,47,0,1954.04,2061.35,90.649,324.159
139,56,0,2532.58,2559.72,242.452,516.779
139,64,3,503.574,905.375,284.742,586.008
139,67,0,2294.87,2441.69,466.591,788.691
139,68,1,1343.74,1821,9.88905,290.391
139,73,3,1712.2,2138.41,569.074,946.808
139,77,0,715.337,811.587,38.7981,217.067
139,78,0,2198.97,2369.79,652.578,1046.45
139,82,3,1799.98,2154.65,0,185.521
139,84,0,2354.01,2543.37,883.698,1339.49
140,42,1,2464.64,2560,0,279.375
140,47,0,1968.65,2080.58,80.4086,320.264
140,56,0,2532.58,2559.72,242.452,516.779
140,64,3,449.183,861.819,297.966,608.985
140,67,0,2306.11,2445.46,448.941,772.262
140,68,1,1310.85,1787.79,8.44666,291.46
140,73,3,1732.49,2149.43,550.701,899.536
140,77,0,715.337,811.587,38.7981,217.067
140,78,0,2212.79,2364.42,622.762,1012.86
140,82,3,1778.65,2116.73,2.45193,179.279
140,84,0,2350.99,2540.53,854.555,1283.62
140,97,3,2269.71,2505.67,1.33413,90.9736
141,42,1,2464.64,2560,0,279.375
141,47,0,1980.58,2084.04,77.8846,316.154
141,64,3,411.686,817.479,310.35,627.116
141,67,0,2319.59,2461.07,430.558,745.581
141,68,1,1269.88,1757.63,5.43331,297.074
141,73,3,1750.29,2163.38,533.447,879.398
141,77,0,600.192,707.5,49.1827,234.663
141,78,0,2219.56,2380.93,601.741,977.786
141,82,3,1736.7,2094.07,7.74618,192.244
141,84,0,2350.58,2532.63,813.091,1247.58
141,97,3,2269.71,2505.67,1.33413,90.9736
141,99,0,519.327,679.135,151.875,332.74
142,47,0,1995.05,2094.18,71.5385,314.712
142,64,3,361.137,768.568,328.513,652.672
142,67,0,2328.47,2476.01,419.441,724.958
142,68,1,1242.53,1721.4,0.621328,307.604
142,73,3,1779.59,2182.27,510.937,858.327
142,77,0,600.192,707.5,49.1827,234.663
142,78,0,2235,2389.16,576.758,948.512
142,82,3,1702.54,2056.87,6.26128,197.174
142,84,0,2351.53,2528.16,780.807,1197.48
142,97,3,2206.15,2489.23,0.144231,103.918
142,99,0,519.327,679.135,151.875,332.74
143,47,0,1999.9,2104.71,74.4952,308.582
143,64,3,345.51,714.313,342.535,676.698
143,67,0,2347.43,2495.87,401.706,701.79
143,68,1,1189.71,1683.06,0,313.472
143,73,3,1802.97,2194.03,489.197,822.139
143,78,0,2253.64,2399.92,552.756,918.346
143,82,3,1666.29,2025.58,8.7634,204.681
143,84,0,2349.17,2531.18,749.739,1163.53
143,97,3,2180.87,2409.9,0,100.962
143,103,3,1048.18,1368.52,0,210.435
144,47,0,2012.31,2116.92,79.9038,302.885
144,64,3,245.291,676.544,367.006,700.843
144,67,0,2366.17,2508.86,384.495,680.721
144,68,1,1155.81,1649.1,4.01246,318.122
144,73,3,1823.83,2211.56,476.474,798.229
144,78,0,2262.54,2415.1,535.416,890.277
144,81,5,7.14424,547.298,0,242.945
144,82,3,1640.82,1993,19.295,209.463
144,84,0,2350.35,2534.46,725.513,1125.98
144,97,3,2147.5,2424.81,0,108.317
144,103,3,994.439,1319.59,5.87002,216.393
145,47,0,2027.45,2138.7,69.5192,294.231
145,64,3,187.688,623.519,381.807,727.168
145,67,0,2380.44,2529.43,375.362,663.597
145,68,1,1134.47,1628.67,0,335.671
145,73,3,1848.92,2233.26,457.802,780.304
145,78,0,2275.44,2417.71,514.116,865.046
145,81,5,7.14424,547.298,0,242.945
145,82,3,1602.37,1969.1,20.1579,216.843
145,84,0,2357.35,2528.5,700.672,1086.2
145,97,3,2131.15,2370.38,0,101.899
145,103,3,952.492,1290.43,6.1924,227.196
146,47,0,2043.56,2147.21,62.6683,292.139
146,64,3,135.286,566.934,394.688,751.447
146,67,0,2396.3,2542.91,358.256,640.71
146,68,1,1080.96,1574.48,0,343.509
146,73,3,1865.07,2253.37,442.909,758.942
146,78,0,2294.74,2440.24,497.649,847.926
146,82,3,1565.16,1934.32,26.5015,227.801
146,84,0,2367.7,2530.45,670.275,1056.08
146,97,3,2099.52,2392.79,0,107.957
146,103,3,898.191,1216.35,4.7816,237.411
147,47,0,2053.85,2158.46,60.8654,285.577
147,64,3,84.8609,517.828,414.77,783.573
147,67,0,2432.31,2549.23,337.212,636.635
147,68,1,1045.07,1548.83,4.95871,353.964
147,73,3,1892.32,2267.11,425.102,732.198
147,78,0,2299.86,2448.05,476.866,809.15
147,82,3,1535.05,1895.49,31.5665,233.802
147,84,0,2371.48,2532.45,652.805,1015.59
147,97,3,2083.37,2384.33,0,110.986
147,103,3,852.349,1192.52,0.370574,248.647
147,110,3,20.3466,832.402,1687.02,1920
148,47,0,2059.42,2168.27,59.2067,277.716
148,64,3,23.7943,462.856,443.071,812.867
148,67,0,2450,2560,324.447,611.322
148,68,1,1006.85,1511.96,0.0465631,367.412
148,73,3,1909.33,2291.37,406.157,716.721
148,77,0,440.216,535.168,79.9039,309.808
148,78,0,2314.35,2463.52,461.66,785.337
148,82,3,1500.04,1869.75,28.7094,243.044
148,84,0,2381.23,2526.41,624.609,992.392
148,97,3,2043.85,2334.62,1.37019,120.288
148,103,3,794.735,1139.09,10.5563,255.895
148,110,3,44.6875,856.25,1605.81,1918.74
