2,1,3,1756.47,2112.88,338.285,637.28
2,2,3,567.249,938.581,231.805,520.964
2,3,3,480.992,864.674,123.923,345.142
2,4,3,1026.1,1437.68,77.1083,350.511
2,5,0,2309.64,2445.79,305.546,588
2,6,3,0,153.415,258.736,615.529
2,7,3,92.0972,449.117,172.621,451.315
2,8,3,1404.9,1709.31,37.6283,266.232
2,9,5,574.062,1367.5,430.894,1213.97
2,10,3,1923.37,2267.4,0,152.885
2,11,3,303.809,896.84,1081.11,1634.73
2,12,3,2327.79,2558.37,0,82.6082
3,1,3,1777.06,2126.41,313.659,606.37
3,2,3,539.026,904.513,244.077,536.253
3,3,3,454.984,837.543,125.599,353.118
3,4,3,1002.13,1397.22,78.0618,370.415
3,5,0,2338.7,2458.22,286.37,569.207
3,6,3,0,130.542,272.516,642.662
3,7,3,59.9557,420.919,179.984,456.441
3,8,3,1372.81,1680.65,44.7519,268.962
3,9,5,574.688,1367.5,433.513,1213.34
3,10,3,1889.62,2227.31,1.80288,155.409
3,11,3,301.2,900.343,1082.78,1635.18
3,12,3,2304.04,2554.42,0,87.1154
4,1,3,1802.24,2151.84,300.241,577.374
4,2,3,510.115,882.446,254.255,540.884
4,3,3,431.954,816.245,132.87,362.818
4,4,3,963.178,1380.55,84.8419,375.629
4,5,0,2368.8,2483.51,266.178,554.784
4,6,3,1.1045,117.904,282.62,653.966
4,7,3,40.2987,437.418,200.533,476.922
4,8,3,1342.03,1657.02,45.1912,274.69
4,9,5,570.625,1367.5,437.371,1211.7
4,10,3,1843.06,2208.99,3.08763,169.564
4,11,3,309.375,894.375,1097.32,1627.77
4,12,3,2256.92,2552.31,0,86.0336
5,1,3,1832.99,2170.76,278.428,548.209
5,2,3,476.224,858.316,269.962,554.117
5,3,3,406.094,791.7,133.293,386.806
5,4,3,943.411,1352.34,83.6733,385.602
5,5,0,2388.03,2510.43,255.288,529.904
5,6,3,0,103.558,310.587,685.051
5,7,3,16.0115,456.025,207.394,485.612
5,8,3,1307.3,1629.45,53.0348,287.346
5,9,5,577.188,1367.5,437.927,1210.93
5,10,3,1817.3,2174.67,2.27793,179.751
5,11,3,299.154,907.436,1083.04,1640.18
5,12,3,2234.23,2556.54,0,94.5072
6,1,3,1859.89,2200.97,252.055,528.952
6,2,3,446.127,833.62,281.969,562.609
6,3,3,383.339,761.349,142.17,406.79
6,4,3,918.482,1317.2,97.2216,395.159
6,5,0,2418.7,2535.14,240.361,517.139
6,6,3,0,84.631,301.237,696.412
6,7,3,4.27131,298.408,218.339,496.278
6,8,3,1293.18,1601.18,58.6141,293.04
6,9,5,575.312,1367.5,439.571,1211.63
6,10,3,1768.72,2150.26,1.57695,180.093
6,11,3,298.039,908.106,1084.46,1640.99
6,12,3,2189.81,2502.5,0,92.524
6,14,3,1677.79,1999.13,0.50481,92.7404
7,1,3,1888.47,2239.27,233.969,496.649
7,2,3,422.548,806.651,288.856,580.141
7,3,3,361.427,731.764,140.908,419.091
7,4,3,891.495,1297.34,101.201,412.79
7,5,0,2445.19,2551.73,229.976,494.639
7,6,3,0,72.1122,301.392,779.288
7,7,3,4.46512,278.764,234.647,515.039
7,8,3,1261.95,1575.1,65.0064,296.786
7,9,5,575.938,1366.25,437.429,1211.38
7,10,3,1747.51,2117.67,6.0991,187.914
7,11,3,297.775,908.14,1085.19,1641.38
7,12,3,2176.63,2411.06,0,102.945
7,14,3,1677.79,1999.13,0.50481,92.7404
8,1,3,1933.95,2272.05,219.996,477.297
8,2,3,412.604,785.572,292.961,606.381
8,3,3,359.761,710.646,148.793,412.792
8,4,3,856.933,1272.6,110.762,422.731
8,5,0,2464.18,2554.28,217.644,476.394
8,6,3,0,45.5509,309.59,764.489
8,7,3,0.9828,264.903,241.666,527.589
8,8,3,1234.73,1546.82,70.6304,302.608
8,9,5,581.562,1363.75,435.998,1209.57
8,10,3,1716.35,2078.64,7.30662,192.255
8,11,3,299.427,902.975,1080.42,1644.75
8,12,3,2142.5,2435.96,0,105.793
8,15,0,2491.47,2558.64,1253.65,1919.58
9,1,3,1974.56,2311.1,200.076,453.419
9,2,3,394.892,758.331,299.201,620.956
9,3,3,323.147,688.009,158.75,413.753
9,4,3,825.151,1242.17,123.65,428.467
9,5,0,2501.08,2560,199.255,452.668
9,6,3,0,45.5509,309.59,764.489
9,7,3,0.343075,226.817,253.087,545.647
9,8,3,1205.05,1527.35,77.0937,308.364
9,9,5,579.375,1362.5,436.97,1205.83
9,10,3,1663.77,2048.86,4.74792,192.747
9,11,3,300.971,901.872,1079.24,1643.43
9,12,3,2113.46,2378.85,0,105.288
9,15,0,2488.6,2558.92,1205.12,1855.62
10,1,3,2016.78,2357.61,182.927,436.843
10,2,3,371.795,729.6,318.845,637.745
10,3,3,253.112,656.682,164.864,409.246
10,4,3,795.01,1221.01,130.762,435.17
10,5,0,2529.93,2559.3,195.361,447.332
10,7,3,0.515614,181.684,270.403,560.97
10,8,3,1171.45,1490.08,81.4961,313.757
10,9,5,577.812,1365,437.582,1205.13
10,10,3,1633.27,2022.28,6.16524,200.369
10,11,3,298.115,904.617,1082.26,1644.04
10,12,3,2080,2387.69,0,108.281
10,15,0,2481.49,2557.6,1172.17,1847.93
11,1,3,2059.68,2403.86,164.644,415.647
11,2,3,339.444,706.54,332.324,651.575
11,3,3,224.985,631.472,171.2,436.345
11,4,3,762.267,1188.81,135.323,441.781
11,5,0,2529.93,2559.3,195.361,447.332
11,7,3,0,145.791,283.898,579.69
11,8,3,1142.35,1465.28,84.0788,326.678
11,9,5,577.5,1366.25,435.168,1207.8
11,10,3,1615.13,1988.65,12.1627,207.937
11,11,3,298.966,903.989,1081.53,1643.11
11,12,3,2060.58,2407.12,0.721153,116.538
11,14,3,1531.15,1865.77,1.76682,134.531
11,15,0,2486.84,2557.92,1112.37,1784.83
12,1,3,2111.36,2456.63,144.21,395.704
12,2,3,270.859,683.394,337.734,665.674
12,3,3,198.196,601.372,171.977,447.794
12,4,3,731.974,1163.38,144.458,458.031
12,7,3,0.242209,115.456,291.714,615.114
12,8,3,1098.56,1444.77,91.5453,332.727
12,9,5,579.062,1367.5,431.514,1210.39
12,10,3,1554.39,1963.41,10.8078,198.898
12,11,3,299.352,904.67,1083.42,1643.62
12,12,3,2022.69,2374.23,3.31731,127.067
12,14,3,1486.63,1824.13,1.51442,135.793
12,15,0,2488.59,2556.62,1067.45,1689.38
13,1,3,2160.42,2507.98,132.057,379.713
13,2,3,251.358,656.409,354.8,687.986
13,3,3,160.474,568.901,178.932,464.234
13,4,3,702.094,1123.1,153.808,471.504
13,7,3,0.745196,82.9086,311.683,601.587
13,8,3,1050.49,1409.26,104.57,344.46
13,9,5,570,1370,432.136,1208.93
13,10,3,1554.91,1927.61,20.7506,222.518
13,11,3,298.995,905.497,1083.13,1643.14
13,12,3,1988.85,2306.54,0,153.894
13,14,3,1432.6,1782.79,0,144.483
13,15,0,2480.31,2557.24,1051.53,1669.82
13,18,3,1915.67,2152.02,0,87.4039
13,19,0,2392.72,2471.9,0,32.0012
14,1,3,2220.07,2549.94,122.585,357.469
14,2,3,218.537,637.877,366.093,704.031
14,3,3,134.049,539.991,190.628,480.282
14,4,3,668.555,1090.67,161.027,476.905
14,7,3,0.745196,82.9086,311.683,601.587
14,8,3,1047.63,1382.61,106.31,358.343
14,9,5,573.125,1370,431.169,1209.86
14,10,3,1525.66,1888.03,21.9065,232.944
14,11,3,297.988,906.863,1084.27,1643.93
14,12,3,1957.98,2300.48,2.30769,134.856
14,14,3,1432.6,1782.79,0,144.483
14,15,0,2484.53,2557.02,1011.36,1589.37
14,18,3,1879.13,2108.56,1.15385,91.2981
14,19,0,2392.72,2471.9,0,32.0012
15,1,3,2279.95,2557.49,111.412,337.596
15,2,3,186.578,610.861,375.949,720.72
15,3,3,100.579,502.968,197.589,490.228
15,4,3,634.668,1064.24,170.053,492.044
15,8,3,988.011,1356.45,109.336,364.417
15,9,5,577.5,1370,427.824,1212.04
15,10,3,1505.16,1872.62,24.5194,240.166
15,11,3,299.51,902.174,1079.29,1645.69
15,12,3,1924.23,2272.69,1.00961,152.74
15,15,0,2483.41,2558.63,984.714,1577.58
15,18,3,1833.37,2074.33,0.685097,95.3726
16,1,3,2336.83,2557.76,92.7856,321.244
16,2,3,157.108,580.045,397.185,730.127
16,3,3,59.1391,470.92,222.496,490.701
16,4,3,595.15,1035.55,182.242,502.312
16,8,3,943.142,1309.97,118.93,370.639
16,9,5,579.375,1370,431.5,1208.1
16,10,3,1471.51,1840.77,37.7944,260.07
16,11,3,301.266,900.702,1077.38,1645.23
16,12,3,1896.63,2226.44,0,157.933
16,15,0,2473.3,2557.97,953.701,1497.61
16,18,3,1833.37,2074.33,0.685097,95.3726
16,20,0,2406.73,2491.73,2.74038,81.1298
17,1,3,2385.45,2560,78.8621,321.64
17,2,3,120.313,551.146,403.096,747.194
17,3,3,27.9171,444.984,240.725,523.6
17,4,3,563.107,1004.13,194.868,520.972
17,8,3,947.784,1286.13,132.616,382.733
17,9,5,579.062,1367.5,432.771,1207.85
17,10,3,1445.11,1804.67,43.4393,259.745
17,11,3,302.362,903.263,1082.58,1638.98
17,12,3,1837.39,2214.2,0,174.307
17,14,3,1277.6,1735.8,0,171.057
17,15,0,2465.46,2559.68,932.041,1477.95
17,18,3,1754.42,2030.19,1.00961,109.688
17,20,0,2354.71,2439.13,0,85.8173
17,21,0,2078.76,2394.88,1352.33,1914.87
18,1,3,2451.54,2560,65.1923,318.173
18,2,3,82.9537,529.42,394.387,767.447
18,3,3,6.1064,419.979,245.108,521.768
18,4,3,521.588,976.971,201.897,525.581
18,8,3,898.606,1251.55,143.218,397.134
18,9,5,580.312,1367.5,427.908,1210.79
18,10,3,1416.65,1775.94,48.2713,267.154
18,11,3,304.141,900.076,1080.97,1639.61
18,12,3,1797.27,2179.17,0.0677419,180.291
18,14,3,1277.6,1735.8,0,171.057
18,15,0,2464.06,2558.37,876.166,1433.52
18,18,3,1719.42,1988.27,1.80288,116.611
18,20,0,2319.47,2397.45,0,89.6755
18,21,0,2062.3,2372.53,1278.65,1876.52
19,1,3,2518.81,2558.11,44.7837,291.851
19,2,3,51.8112,495.831,426.224,786.66
19,3,3,8.72211,352.568,249.193,543.948
19,4,3,490.032,935.844,213.332,542.315
19,8,3,881.218,1216.61,148.764,409.512
19,9,5,579.062,1368.75,428.899,1209.3
19,10,3,1373.99,1746.04,54.8956,278.559
19,11,3,302.532,900.799,1082.02,1637.8
19,12,3,1744.95,2151.43,1.1019,180.798
19,14,3,1197.17,1644.99,6.16535,172.155
19,15,0,2456.46,2560,843.893,1350.38
19,18,3,1686.54,2002.69,0.432694,123.173
19,20,0,2300.77,2373.08,0,83.3654
19,21,0,2064.38,2354.24,1209.42,1781.73
19,23,0,2153.34,2246.66,0,52.7524
20,1,3,2518.81,2558.11,44.7837,291.851
20,2,3,15.3675,471.543,435.888,800.751
20,3,3,0.0230122,302.387,256.859,572.344
20,4,3,468.507,915.491,224.376,552.877
20,8,3,828.756,1181.19,155.887,416.348
20,9,5,576.25,1368.75,431.35,1209.09
20,10,3,1346.81,1717.05,64.9742,283.403
20,11,3,300.052,902.717,1085.5,1637.49
20,12,3,1732.7,2109.79,3.18957,189.316
20,14,3,1167.38,1558.24,10.4837,188.521
20,15,0,2451.04,2558.17,820.489,1297.1
20,18,3,1686.54,2002.69,0.432694,123.173
20,20,0,2236.3,2317.55,0.144228,102.115
20,21,0,2071.32,2318.33,1144.51,1696.99
20,23,0,2115.19,2207.88,0,60.3786
21,2,3,5.46152,447.427,449.67,838.349
21,3,3,0,283.994,269.776,641.848
21,4,3,428.387,870.892,233.616,566.64
21,8,3,789.054,1143.21,160.887,440.398
21,9,5,573.75,1371.25,428.445,1212.47
21,10,3,1315.77,1689.1,67.7845,291.776
21,11,3,300.906,903.865,1084.9,1637.7
21,12,3,1697.65,2078.16,2.90422,195.643
21,14,3,1136.16,1576.9,7.26418,193.073
21,15,0,2447.92,2560,788.531,1256.73
21,20,0,2204.81,2284.42,1.33413,104.459
21,21,0,2069.7,2307.16,1083.61,1619.35
21,23,0,2078.63,2173.68,0,66.8329
22,2,3,0,383.621,467.391,840.815
22,3,3,0,258.047,263.419,587.332
22,4,3,400.973,840.195,248.814,573.528
22,8,3,753.997,1105.65,167.97,443.181
22,9,5,576.875,1370,426.79,1214.85
22,10,3,1273.48,1654.45,76.275,303.793
22,11,3,302.117,902.139,1084.07,1638.43
22,12,3,1643.73,2043.77,5.64674,200.801
22,14,3,1082.12,1557.44,17.2554,197.523
22,15,0,2452.02,2559.1,764.241,1218.14
22,20,0,2163.17,2249.13,2.30769,106.37
22,21,0,2062.35,2302.73,1023.03,1548.92
22,23,0,2050.75,2140.02,0,69.2488
23,2,3,1.18708,339.736,483.349,867.912
23,3,3,0,237.016,295.918,616.058
23,4,3,393.397,812.685,261.652,580.008
23,8,3,651.44,1076.01,177.546,453.7
23,9,5,580.938,1366.25,428.921,1216.79
23,10,3,1244.26,1620.43,87.9019,312.304
23,11,3,301.189,902.678,1083.51,1638.61
23,12,3,1613.71,1997.11,10.6268,209.824
23,14,3,1065.11,1453.51,8.10049,211.152
23,15,0,2448.97,2560,730.042,1175.6
23,18,3,1532.6,1882.79,1.11779,139.291
23,20,0,2125.34,2216.2,1.6226,109.002
23,21,0,2067.39,2292.93,969.189,1476.17
23,23,0,2013.12,2103.8,0,71.7188
23,24,3,610.101,1053.47,94.0743,291.143
24,2,3,0.0030899,321.005,495.965,892.107
24,3,3,0,208.391,312.713,609.372
24,4,3,391.772,770.89,271.55,629.793
24,8,3,648.024,1043.88,190.04,457.509
24,9,5,580.312,1365,428.399,1216.27
24,10,3,1211.31,1590.61,93.8914,323.839
24,11,3,301.045,901.067,1081.33,1639.22
24,12,3,1500.77,1987.51,4.46616,195.705
24,14,3,1025.35,1476.09,9.93706,219.383
24,15,0,2446.57,2558.62,705.914,1141.31
24,18,3,1532.6,1882.79,1.11779,139.291
24,20,0,2089.86,2177.84,1.22596,101.971
24,21,0,2064.39,2292.33,918.127,1414.82
24,23,0,1973.7,2078.61,0.162259,66.869
24,24,3,581.217,1018.75,110.44,295.931
25,2,3,0,304.025,510.805,908.302
25,3,3,0,208.391,312.713,609.372
25,4,3,287.274,736.775,286.445,647.233
25,8,3,634.958,1000.89,201.052,467.967
25,9,5,579.375,1367.5,425.965,1217.49
25,10,3,1173.12,1563.8,89.252,334.501
25,11,3,301.831,900.975,1080.71,1640.78
25,12,3,1516.37,1941.59,13.1605,225.153
25,14,3,979.982,1438.53,5.79749,224.6
25,15,0,2448.85,2560,677.934,1108.78
25,20,0,2036.68,2144.86,1.80289,127.861
25,21,0,2061.45,2297.49,863.835,1347.01
25,23,0,1935.53,2036.78,2.09135,78.3173
25,24,3,550.721,989.648,111.086,299.498
26,2,3,0,259.925,538.831,948.997
26,4,3,209.97,700.976,301.684,668.243
26,8,3,548.461,983.335,212.002,479.781
26,9,5,575,1368.75,424.619,1218.66
26,10,3,1140.96,1528.22,106.238,345.616
26,11,3,302.857,900.248,1082.08,1639.09
26,12,3,1493.27,1890.58,17.7927,239.742
26,14,3,954.236,1358.59,3.78859,241.325
26,15,0,2452.65,2560,652.097,1077.56
26,20,0,1990.14,2099.09,3.4976,130.781
26,21,0,2064.34,2287.87,827.449,1293.14
26,23,0,1900.24,1995.14,1.83894,86.7909
26,24,3,509.018,955.211,118.878,310.678
27,2,3,0,217.979,550.256,963.942
27,4,3,175.656,656.695,308.459,684.996
27,8,3,525.332,935.557,218.911,491.315
27,9,5,582.812,1363.75,430.013,1215.77
27,10,3,1102.04,1489.21,117.58,351.948
27,11,3,302.725,899.824,1083.57,1636.91
27,12,3,1445.25,1858.92,27.2176,242.47
27,14,3,915.709,1324.38,13.2465,250.841
27,15,0,2446.46,2559.55,630.585,1042.15
27,18,3,1387.98,1701.25,3.10096,165.361
27,20,0,1947.21,2049.71,0,137.163
27,21,0,2069.95,2284.08,787.777,1239.14
27,23,0,1862.6,1958.94,2.27163,94.363
27,24,3,489.86,911.124,144.551,311.027
28,2,3,1.14756,181.83,572.21,990.874
28,4,3,136.586,626.394,313.865,708.858
28,8,3,524.823,896.7,229.355,516.229
28,9,5,582.812,1363.75,431.156,1216.53
28,10,3,1067.44,1457.26,125.705,371.013
28,11,3,301.025,901.34,1084.14,1637.15
28,12,3,1434.68,1812.41,39.0237,262.496
28,14,3,879.45,1324.8,9.60789,254.214
28,15,0,2456.46,2560,606.092,1027.68
28,18,3,1345.19,1645.58,2.23557,161.034
28,20,0,1903.27,2013.65,1.875,152.596
28,21,0,2068.57,2299.37,753.076,1186.56
28,23,0,1826.25,1924.52,0.649037,97.5
28,24,3,454.189,868.213,143.975,322.752
29,2,3,0,145.141,579.702,1019.85
29,4,3,83.8845,591.591,346.513,718.39
29,8,3,445.627,872.819,247.177,529.052
29,9,5,580.938,1363.75,434.991,1213.87
29,10,3,1031.52,1421.63,130.889,387.281
29,11,3,302.404,904.186,1082.9,1633.81
29,12,3,1400.87,1776.49,46.6905,268.018
29,14,3,836.088,1274.75,10.1553,257.569
29,15,0,2449.25,2560,589.191,985.38
29,18,3,1322.02,1613.37,6.92308,167.308
29,20,0,1860.96,1969.81,1.875,166.298
29,21,0,2083,2296.17,710.493,1136.37
29,23,0,1790.77,1883.08,3.31731,102.115
29,24,3,424.842,823.078,146.618,348.361
29,25,0,0.232506,227.787,1618.38,1918.39
30,2,3,0,102.946,595.801,1106.01
30,4,3,55.5778,545.865,349.159,745.021
30,8,3,450.552,831.341,256.564,543.823
30,9,5,579.688,1362.5,436.455,1212.11
30,10,3,991.652,1388.58,140.272,404.964
30,11,3,302.255,902.277,1083.65,1633.42
30,12,3,1335.57,1740.32,55.3044,276.011
30,14,3,801.202,1226.11,34.0088,269.381
30,15,0,2447.02,2560,572.348,960.827
30,18,3,1322.02,1613.37,6.92308,167.308
30,20,0,1820.38,1930.38,6.20193,170.048
30,21,0,2089.84,2300.11,680.266,1098.83
30,23,0,1757.74,1842.26,3.46154,108.894
30,24,3,408.52,796.961,150.536,355.982
30,25,0,0,229.93,1610.41,1920
31,2,3,0,102.946,595.801,1106.01
31,4,3,7.57082,514.039,371.919,768.942
31,8,3,436.733,801.061,271.573,552.83
31,9,5,577.188,1368.75,433.74,1213.38
31,10,3,954.522,1355.54,147.328,422.539
31,11,3,303.617,900.134,1080.76,1635.32
31,12,3,1307.69,1694.85,60.2177,284.921
31,14,3,771.018,1172.62,49.6422,279.618
31,15,0,2447.92,2560,546.485,944.128
31,20,0,1783.61,1890.24,5.40865,169.976
31,21,0,2097.2,2301.28,646.848,1050.75
31,23,0,1723.53,1796.47,1.94712,110.913
31,24,3,299.159,765.484,152.913,374.538
31,25,0,0,232.836,1595.55,1919.86
32,4,3,1.07285,478.577,367.083,794.466
32,8,3,404.714,762.52,282.472,567.67
32,9,5,575.312,1370,432.436,1214.17
32,10,3,922.597,1313.18,162.247,441.758
32,11,3,302.928,900.027,1078.34,1635.89
32,12,3,1272.82,1657.91,71.3784,294.551
32,14,3,731.226,1138.46,50.0871,282.518
32,15,0,2443.9,2560,537.023,910.164
32,18,3,1222.98,1563.17,33.3894,174.736
32,20,0,1783.61,1890.24,5.40865,169.976
32,21,0,2101.71,2311.95,615.026,1002.87
32,23,0,1684.86,1758.22,0,134.207
32,24,3,300.164,725.068,169.073,375.298
32,25,0,0,240.135,1581.02,1920
33,4,3,4.41452,438.626,404.665,806.564
33,8,3,404.473,720.575,290.837,601.051
33,9,5,577.188,1367.5,433.29,1213.88
33,10,3,873.188,1282.81,167.038,445.834
33,11,3,302.671,900.062,1082.29,1633.41
33,12,3,1236.69,1616.65,79.3767,304.712
33,14,3,703.478,1104.98,31.6516,288.31
33,15,0,2452.68,2558.92,519.813,887.842
33,18,3,1222.98,1563.17,33.3894,174.736
33,20,0,1708.56,1808.37,23.0048,205.745
33,21,0,2112.19,2311,585.903,973.956
33,23,0,1648.65,1726.73,1.15384,137.596
33,24,3,217.983,713.747,179.536,390.367
33,25,0,0,251.162,1565.51,1920
34,4,3,0,429.596,405.426,837.53
34,8,3,378.158,683.638,300.491,604.483
34,9,5,582.5,1365,431.492,1217.44
34,10,3,842.554,1250.58,180.742,438.892
34,11,3,303.192,900.291,1082.42,1634.01
34,12,3,1201.74,1576.53,92.6173,317.293
34,14,3,669.612,1070.14,78.1794,303.129
34,15,0,2440.62,2559.72,511.415,865.356
34,19,0,2116.54,2172.69,1.08173,45.7212
34,20,0,1672.07,1780.24,9.30288,201.995
34,21,0,2117.27,2316.98,559.445,934.138
34,23,0,1610.48,1694.13,0.432694,136.731
34,24,3,232.774,675.428,186.763,380.588
34,25,0,1.50099,255.682,1547.84,1920
34,26,0,2199.25,2262.28,2.66827,76.9471
35,4,3,0.191708,376.685,419.155,861.506
35,8,3,220.837,655.393,315.233,621.467
35,9,5,585.625,1360,431.459,1218.36
35,10,3,811.497,1203.89,196.819,447.976
35,11,3,304.257,899.61,1083.15,1633.8
35,12,3,1166.99,1534.89,97.1267,327.777
35,14,3,637.537,1033.59,60.4926,317.872
35,15,0,2439.2,2559.7,490.972,848.18
35,18,3,1154.33,1471.83,52.0673,191.538
35,19,0,2116.54,2172.69,1.08173,45.7212
35,20,0,1639.9,1738.56,23.2212,213.894
35,21,0,2122.56,2314,534.334,898.731
35,23,0,1573.87,1659.98,0.46875,138.57
35,24,3,196.637,625.79,199.395,416.68
35,25,0,0.82304,256.81,1531.39,1918.11
35,26,0,2199.25,2262.28,2.66827,76.9471
36,4,3,3.28425,322.255,455.737,886.848
36,8,3,339.916,616.502,320.565,646.422
36,9,5,579.062,1362.5,428.407,1214.35
36,10,3,759.741,1193,209.611,462.769
36,11,3,302.455,902.477,1084.88,1631.84
36,12,3,1127.12,1496.37,100.616,335.443
36,14,3,595.342,996.652,68.9967,321.568
36,15,0,2431.92,2559.27,483.406,822.617
36,18,3,1127.69,1443.08,55.0601,192.007
36,20,0,1608.46,1705.38,27.3317,221.178
36,21,0,2140.31,2304.54,512.868,865.139
36,23,0,1533.49,1612.67,1.80289,151.226
36,24,3,173.155,585.237,198.045,430.987
36,25,0,0,256.677,1519.24,1918.93
36,30,0,2100.48,2173.37,0,90.1803
36,31,3,602.583,995.363,4.00082,185.151
37,4,3,0,294.818,473.735,912.652
37,8,3,100.231,590.338,337.834,670.045
37,9,5,580.938,1365,427.802,1218.75
37,10,3,728.271,1157.03,216.898,481.8
37,11,3,299.923,904.06,1083.36,1634.89
37,12,3,1079.93,1459.24,109.141,353.031
37,14,3,565.205,962.906,87.9787,332.495
37,15,0,2436.51,2558.67,467.266,805.133
37,18,3,1127.69,1443.08,55.0601,192.007
37,20,0,1572.36,1667.64,29.7837,221.466
37,21,0,2136.76,2299.04,488.731,831.898
37,23,0,1500.62,1599.38,0,162.548
37,24,3,113.854,546.821,214.092,450.184
37,25,0,0.35224,253.852,1505.74,1916.66
37,30,0,2059.47,2155.91,0,85.8534
37,31,3,558.037,945.247,5.65987,181.881
38,4,3,0,242.927,488.703,941.276
38,8,3,110.709,538.841,367.277,687.895
38,9,5,580,1366.25,430.067,1218.51
38,10,3,687.658,1105.77,227.034,492.957
38,11,3,300.448,903.112,1085.25,1635.63
38,12,3,1035.72,1419.97,126.77,366.126
38,14,3,523.953,934.629,116.052,336.113
38,15,0,2435.57,2558.27,454.526,787.155
38,20,0,1547.5,1646.35,12.8365,233.221
38,21,0,2143.98,2297.55,467.371,802.629
38,23,0,1461.92,1564.23,0,165.144
38,24,3,113.854,546.821,214.092,450.184
38,25,0,0.0139427,249.568,1478.45,1911.35
38,30,0,2023.8,2123.89,0,89.0986
38,31,3,511.387,912.208,4.64194,179.919
39,4,3,1.79481,201.414,511.195,983.063
39,8,3,101.203,515.353,363.277,707.627
39,9,5,583.438,1362.5,424.215,1214.39
39,10,3,647.046,1079.27,236.35,526.074
39,11,3,302.87,899.386,1083.23,1634.21
39,12,3,997.178,1384.91,128.125,383.144
39,14,3,493.197,900.23,115.887,341.855
39,15,0,2438.24,2557.99,446.29,771.233
39,20,0,1517.26,1618.12,33.8942,239.567
39,21,0,2143.16,2297.82,440.147,776.245
39,23,0,1428.27,1533.27,7.86058,168.245
39,24,3,21.5121,490.548,243.926,533.579
39,25,0,0.75017,247.97,1470.95,1916.62
39,30,0,1982.21,2085.48,0,104.531
39,31,3,460.364,874.009,4.88541,176.479
40,4,3,0,163.069,518.125,1032.09
40,8,3,48.6249,483.022,384.673,722.446
40,9,5,581.562,1366.25,427.621,1212.03
40,10,3,610.177,1031.7,257.246,532.055
40,11,3,302.962,899.77,1084.19,1634.57
40,12,3,947.311,1351.18,139.53,387.745
40,14,3,460.142,862.924,118.134,358.742
40,15,0,2440.47,2558.82,439.089,758.994
40,20,0,1492.02,1591.06,51.7788,249.663
40,21,0,2143.98,2304.99,423.895,749.275
40,23,0,1390.62,1503.22,6.05769,178.558
40,24,3,21.5121,490.548,243.926,533.579
40,25,0,2.73062,247.04,1460.24,1920
40,30,0,1944.13,2049.71,0.829328,114.411
40,31,3,420.592,836.312,4.59406,192.226
41,4,3,0.00566006,121.517,539.944,1044.21
41,8,3,14.3552,452.105,398.15,733.457
41,9,5,577.188,1367.5,426.535,1208.08
41,10,3,567.527,997.282,267.782,553.851
41,11,3,305.988,899.309,1081.98,1633.3
41,12,3,913.085,1318.68,150.236,400.429
41,14,3,439.463,827.572,132.129,367.702
41,15,0,2441.44,2560,422.285,747.784
41,20,0,1461.97,1568.8,47.4519,261.779
41,21,0,2160.22,2314.08,402.412,722.005
41,23,0,1354.13,1472.02,12.4039,187.788
41,25,0,3.84382,246.4,1441.17,1920
41,30,0,1908.08,2015,0.108172,117.44
41,31,3,390.918,805.776,9.38439,204.586
42,4,3,2.12842,83.6279,536.309,1052.03
42,8,3,13.774,425.957,421.146,775.475
42,9,5,580.312,1366.25,416.678,1212.08
42,10,3,525.14,985.188,276.134,576.702
42,11,3,306.658,897.954,1081.18,1629.55
42,12,3,865.559,1269.52,159.687,417.271
42,14,3,423.198,796.166,136.133,378.54
42,15,0,2454.5,2559,403.958,733.375
42,18,3,959.544,1296,81.0503,278.457
42,20,0,1434.66,1542.26,48.75,273.173
42,21,0,2174.27,2327.69,378.677,698.309
42,23,0,1323.85,1426.92,11.6106,191.899
42,25,0,4.73269,243.208,1427.1,1919.21
42,30,0,1868.51,1980.72,0,124.471
42,31,3,390.918,805.776,9.38439,204.586
42,38,0,2127.04,2377.18,1382.06,1915.58
43,4,3,2.12842,83.6279,536.309,1052.03
43,8,3,9.94272,334.094,427.396,791.827
43,9,5,580.312,1368.75,419.226,1208.44
43,10,3,481.279,932.649,293.046,606.581
43,11,3,303.815,901.789,1084.11,1634.56
43,12,3,823.752,1232.13,168.87,413.297
43,14,3,391.096,757.833,140.21,393.677
43,15,0,2468.56,2560,392.771,724.083
43,18,3,953.457,1266.99,89.9775,283.849
43,20,0,1409.81,1517.88,57.6923,283.846
43,21,0,2188.85,2348.89,363.391,676.956
43,23,0,1287.98,1396.63,6.5625,198.534
43,25,0,5.02421,239.63,1415.21,1920
43,30,0,1833.12,1936.11,0,127.752
43,38,0,2084.53,2322.31,1253.66,1802.1
44,8,3,5.84688,320.409,447.081,815.943
44,9,5,580.938,1366.25,428.445,1214.2
44,10,3,433.539,891.374,313.889,618.446
44,11,3,304.088,901.188,1083.31,1634.23
44,12,3,784.46,1197.25,176.255,438.359
44,14,3,374.561,730.45,149.979,403.895
44,15,0,2477.43,2558.93,379.627,724.494
44,18,3,912.85,1240.55,99.6869,307.326
44,20,0,1386.11,1496.97,63.9663,292.284
44,21,0,2208.43,2355.65,346.181,645.459
44,23,0,1255.1,1361.83,25.8173,212.163
44,25,0,3.00014,241.796,1407.32,1920
44,30,0,1796.06,1902.4,0,135.901
44,38,0,2046.47,2275.3,1149.69,1666.42
45,8,3,0,309.611,488.006,846.874
45,9,5,582.188,1365,426.631,1212.58
45,10,3,407.837,871.946,324.337,641.568
45,11,3,304.267,899.911,1083.95,1633.93
45,12,3,737.2,1164.42,190.726,444.325
45,14,3,349.799,701.026,162.885,396.539
45,15,0,2499.4,2559.06,377.308,710.769
45,18,3,901.912,1214,101.438,318.564
45,20,0,1360.19,1479.81,78.0288,305.337
45,21,0,2239.56,2386.17,326.284,621.427
45,23,0,1219.57,1323.51,7.35577,209.712
45,24,3,0,242.759,308.476,629.203
45,25,0,5.20227,239.065,1395.39,1920
45,30,0,1755.14,1863.32,0,137.38
45,38,0,2025.26,2242.5,1060.21,1545.99
46,8,3,0.916996,265.934,489.575,859.293
46,9,5,583.438,1365,422.817,1213.19
46,10,3,390.156,842.105,336.424,660.742
46,11,3,305.101,901.617,1080.69,1633.23
46,12,3,691.734,1112.97,199.453,451.363
46,14,3,263.574,675.053,170.853,402.491
46,15,0,2519.62,2560,335.458,732.035
46,18,3,872.238,1191.64,105.944,321.512
46,20,0,1342.93,1455.53,77.1635,318.606
46,21,0,2269.65,2419.36,310.608,598.773
46,23,0,1184.66,1296.88,33.0288,222.837
46,24,3,0,208.51,324.643,619.714
46,25,0,4.81369,236.432,1384.65,1920
46,30,0,1715.38,1820,6.02164,148.594
46,38,0,2001.7,2217.83,973.979,1438.42
47,8,3,0.503922,226.012,502.254,897.526
47,9,5,582.5,1365,427.471,1209.78
47,10,3,359.055,776.53,346.879,677.795
47,11,3,306.255,899.576,1081.16,1632.75
47,12,3,658.154,1073.57,213.074,460.187
47,14,3,238.046,637.791,177.518,438.783
47,15,0,2537.71,2560,350.966,750.799
47,18,3,849.158,1164.77,115.1,344.123
47,20,0,1322.5,1429.81,87.7644,328.774
47,21,0,2297.37,2457.05,295.225,574.866
47,23,0,1151.54,1257.69,19.399,232.428
47,24,3,0,152.892,348.822,630.312
47,25,0,4.99734,236.248,1376.47,1918.53
47,30,0,1674.13,1781.25,3.53365,158.438
47,38,0,1988.49,2198.35,893.736,1339.84
48,8,3,1.52365,179.404,530.513,919.23
48,9,5,575.938,1370,424.387,1212.64
48,10,3,266.616,739.792,370.843,702.244
48,11,3,305.237,899.137,1081.48,1633.82
48,12,3,611.666,1026.02,226.884,477.138
48,14,3,194.903,611.335,179.903,470.974
48,15,0,2537.71,2560,350.966,750.799
48,18,3,814.642,1141.62,125.712,363.655
48,20,0,1299.38,1411.39,110.048,340.24
48,21,0,2329.18,2493.78,275.945,556.817
48,23,0,1120.14,1227.55,20.8414,242.812
48,24,3,0,152.892,348.822,630.312
48,25,0,4.97552,230.677,1372.04,1919.15
48,30,0,1629.86,1739.37,4.25481,163.63
48,38,0,1980.71,2180.31,818.645,1242.61
49,8,3,0.319042,140.349,548.562,1005.58
49,9,5,575,1372.5,429.515,1210.87
49,10,3,204.291,701.57,384.481,722.007
49,11,3,305.358,902.165,1082.21,1632.86
49,12,3,565.124,994.774,229.628,500.573
49,14,3,163.26,573.636,197.958,473.203
49,18,3,780.178,1099.97,139.905,374.76
49,20,0,1267.31,1388.08,109.688,343.774
49,21,0,2374.08,2526.98,259.778,536.363
49,23,0,1085.48,1197.6,35.9135,248.365
49,25,0,5.48887,227.935,1355.7,1920
49,30,0,1589.76,1699.47,2.95672,164.062
49,38,0,1975.58,2176.03,754.199,1176.15
50,8,3,0,94.9567,559.649,1032.32
50,9,5,566.875,1375,431.79,1207.63
50,10,3,160.157,658.53,390.907,752.754
50,11,3,301.12,905.258,1084.71,1634.02
50,12,3,521.235,949.446,252.337,500.712
50,14,3,116.862,555.843,201.317,509.878
50,16,1,142.188,1276.25,4.25858,345.357
50,18,3,740.888,1075.54,144.154,395.418
50,20,0,1249.76,1370.24,118.197,363.245
50,21,0,2407.01,2557.38,245.784,519.815
50,23,0,1051.78,1162.07,51.7067,260.697
50,25,0,4.42218,225.083,1346.32,1920
50,30,0,1548.27,1657.88,1.22596,174.591
50,38,0,1979.37,2165.42,701.464,1085.98
51,8,3,0,94.9567,559.649,1032.32
51,9,5,572.188,1372.5,429.323,1210.3
51,10,3,114.84,614.614,393.46,773.971
51,11,3,302.647,902.084,1083.1,1633.68
51,12,3,483.698,910.056,260.746,544.797
51,14,3,86.4488,518.677,213.047,506.545
51,18,3,712.711,1050.73,156.405,407.486
51,20,0,1223.03,1349.28,124.543,376.803
51,21,0,2455.1,2557.21,222.404,503.942
51,23,0,1024.66,1132.26,62.8846,269.135
51,25,0,4.5013,226.026,1341.54,1918.7
51,30,0,1506.2,1616.87,1.29808,183.894
51,38,0,1985.65,2161.72,646.741,1017.68
51,47,3,0.288467,257.981,67.2115,251.538
52,9,5,575.312,1368.75,427.829,1211.09
52,10,3,67.1783,559.745,415.63,794.01
52,11,3,302.283,902.891,1085.01,1635.86
52,12,3,445.543,859.542,278.215,561.851
52,14,3,38.1731,488.388,241.957,515.828
52,18,3,684.469,1021.5,163.765,432.527
52,20,0,1197.16,1318.22,132.404,392.596
52,21,0,2494.54,2560,199.615,486.346
52,23,0,985.577,1109.81,71.9711,264.375
52,25,0,1.43405,220.138,1329.55,1912.66
52,30,0,1463.46,1573.46,1.22596,188.582
52,38,0,1993.7,2159.3,602.405,946.432
52,47,3,0.288467,257.981,67.2115,251.538
53,9,5,566.875,1370,423.97,1214.15
53,10,3,16.6693,532.371,443.725,822.567
53,11,3,308.759,898.326,1085.46,1636.52
53,12,3,410.213,825.198,295.366,569.605
53,14,3,16.6317,430.024,258.366,516.721
53,18,3,649.594,987.531,173.027,434.03
53,20,0,1162.21,1290.1,145.673,389.423
53,21,0,2536.57,2558.82,159.663,471.49
53,23,0,957.5,1077.88,66.2019,282.837
53,25,0,2.04909,212.118,1321.74,1908.85
53,30,0,1419.13,1528.56,5.12019,200.697
53,38,0,2003.77,2172.8,549.59,890.627
54,9,5,569.062,1370,423.89,1212.53
54,10,3,0.348988,486.642,471.656,844.078
54,11,3,306.452,899.484,1082.53,1635.6
54,12,3,384.506,778.487,302.73,608.181
54,14,3,0,291.302,255.52,530.355
54,18,3,607.364,957.308,181.052,456.162
54,20,0,1132.5,1262.88,152.019,394.904
54,21,0,2536.57,2558.82,159.663,471.49
54,23,0,921.298,1038.7,92.8125,289.976
54,25,0,1.96873,211.474,1312.16,1903.58
54,30,0,1379.42,1489.81,12.6923,202.356
54,38,0,2022.89,2178.08,517.153,837.527
55,9,5,579.062,1367.5,427.974,1210.47
55,10,3,4.71466,436.969,491.068,868.249
55,11,3,305.935,898.677,1081.43,1636.73
55,12,3,374.913,735.348,322.644,622.516
55,14,3,0,291.302,255.52,530.355
55,18,3,586.164,927.667,193.164,457.469
55,20,0,1099.57,1228.12,163.918,378.966
55,23,0,883.654,1007.12,84.6635,295.529
55,25,0,0.711832,209.757,1303.5,1898.69
55,30,0,1334.28,1445.72,23.0769,210.144
55,38,0,2038.51,2188.85,474.88,776.727
56,9,5,577.188,1367.5,428,1211.07
56,10,3,0,381.596,521.439,895.411
56,11,3,304.782,899.553,1081.78,1635.39
56,12,3,227.163,694.484,333.816,650.196
56,18,3,552.201,897.983,205.16,472.401
56,20,0,1068.37,1190.1,172.428,407.38
56,23,0,854.615,974.615,90.8654,308.365
56,25,0,0.543556,207.053,1295.42,1891.78
56,30,0,1292.69,1405.77,28.4135,224.567
56,38,0,2052.25,2208.16,441.439,719.649
57,9,5,572.5,1371.25,431.293,1206.38
57,10,3,0,331.544,537.083,924.355
57,11,3,304.084,899.437,1082.67,1635.88
57,12,3,192.708,657.639,359.688,664.766
57,14,3,0,279.303,278.539,575.344
57,15,0,2502.55,2555.91,480.721,809.279
57,18,3,506.318,865.261,216.971,482.699
57,20,0,1035.38,1161.54,184.399,420.793
57,23,0,820.096,938.365,103.846,317.308
57,25,0,1.70916,203.533,1293.34,1890.56
57,30,0,1250.05,1362.26,33.6058,234.087
57,38,0,2082.72,2226.63,401.426,685.678
58,9,5,575,1371.25,432.323,1206.84
58,10,3,0,312.418,546.683,963.257
58,11,3,302.685,900.951,1082.4,1635.34
58,12,3,109.351,610.469,362.128,694.907
58,14,3,0,256.966,294.595,571.315
58,15,0,2455.06,2558.43,434.976,813.993
58,18,3,483.424,835.854,228.651,501.687
58,20,0,999.808,1130.96,192.26,419.279
58,23,0,783.75,903.942,112.788,322.212
58,25,0,0.894308,203.632,1292.35,1886.67
58,30,0,1208.89,1317.26,37.4279,244.976
58,38,0,2117.5,2239.42,374.567,648.317
59,9,5,571.562,1372.5,433.224,1206.8
59,10,3,0,263.193,579.187,987.904
59,11,3,300.405,902.775,1084.03,1636.23
59,12,3,73.5639,560.927,370.4,716.605
59,14,3,0,240.838,314.675,597.888
59,15,0,2399.92,2560,455.307,813.781
59,18,3,452.571,803.97,239.207,518.513
59,20,0,962.933,1097.07,199.111,419.351
59,23,0,746.875,863.894,117.115,337.5
59,25,0,0,203.491,1291.4,1869.4
59,30,0,1160.38,1275,49.7596,252.26
59,38,0,2148.61,2272.93,336.851,606.995
60,9,5,572.812,1371.25,434.125,1206.19
60,10,3,0,212.945,600.756,1009.32
60,11,3,300.826,903.196,1084.46,1638.48
60,12,3,23.08,522.488,384.928,750.414
60,14,3,0,183.426,337.144,617.879
60,15,0,2327.46,2560,470.773,818.196
60,18,3,397.252,775.17,252.014,537.352
60,20,0,924.808,1067.5,207.62,420.649
60,23,0,706.346,825.962,119.856,344.567
60,25,0,1.07863,200.746,1284.12,1868.37
60,30,0,1114.95,1229.66,51.4904,260.048
60,38,0,2175.46,2323.43,310.751,583.847
61,9,5,577.188,1370,430.347,1207.14
61,10,3,0,170.918,609.765,1064.33
61,11,3,301.484,900.628,1080.3,1639.9
61,12,3,0,478.333,410.289,761.346
61,14,3,0,146.886,346.427,632.908
61,15,0,2256.4,2560,477.585,821.863
61,18,3,390.499,745.086,269.081,547.571
61,20,0,892.212,1032.4,220.745,423.101
61,23,0,662.788,795.673,128.51,352.644
61,25,0,0,184.852,1287.31,1863.06
61,30,0,1067.5,1186.35,60,269.712
61,38,0,2223.7,2348.61,280.817,541.298
62,9,5,575.312,1371.25,429.659,1207.02
62,10,3,0,131.461,648.754,1091.06
62,11,3,301.744,900.011,1083.16,1638.39
62,12,3,0.431805,440.97,436.403,790.04
62,14,3,0,146.886,346.427,632.908
62,15,0,2194.08,2548.18,473.664,816.663
62,18,3,398.355,710.165,278.235,575.475
62,20,0,856.346,995.962,229.183,425.048
62,23,0,617.74,749.183,140.048,359.856
62,25,0,0,185.258,1293.31,1870.47
62,30,0,1016.59,1141.88,68.3654,276.923
62,38,0,2261.59,2390.72,256.731,511.154
62,54,0,461.779,576.683,135.938,287.524
63,9,5,575.312,1370,427.752,1208.92
63,10,3,0,81.0753,690.791,1144.14
63,11,3,302.204,899.304,1081.54,1638.82
63,12,3,0,414.034,452.134,818.514
63,15,0,2121.5,2485.92,470.605,819.526
63,18,3,387.309,683.607,297.427,596.851
63,20,0,824.615,958.462,238.63,451.37
63,23,0,589.904,712.404,152.091,353.293
63,25,0,0.278893,202.571,1287.83,1872.64
63,30,0,974.663,1097.64,70.4567,289.543
63,38,0,2305.96,2435.58,225.649,481.082
63,54,0,398.894,521.106,147.26,308.798
64,9,5,575.312,1371.25,428.75,1209.34
64,10,3,0,81.0753,690.791,1144.14
64,11,3,303.362,899.296,1083.45,1639.3
64,12,3,0,317.753,475.237,839.534
64,15,0,2050.22,2421.73,474.797,812.404
64,18,3,372.532,653.748,301.938,602.498
64,20,0,783.317,927.452,248.87,452.668
64,23,0,545.481,676.058,157.5,387.404
64,25,0,0,205.337,1290.74,1871.57
64,30,0,928.173,1051.83,88.125,298.99
64,38,0,2363.61,2482.55,197.019,453.75
64,54,0,365.962,465.577,157.572,325.024
65,9,5,577.188,1371.25,428.516,1212.16
65,11,3,306.726,902.079,1082.62,1632.46
65,12,3,1.57871,310.132,499.803,868.192
65,15,0,1969.54,2353.69,471.486,814.829
65,18,3,265.805,625.977,319.355,622.872
65,20,0,747.5,889.423,258.966,487.572
65,23,0,510.817,637.644,166.298,389.279
65,25,0,0.49469,206.45,1286.67,1874.93
65,30,0,885.144,1001.01,95.5529,309.447
65,38,0,2421.63,2547.6,176.25,426.058
65,54,0,365.962,465.577,157.572,325.024
66,9,5,575,1371.25,429.486,1212.37
66,11,3,303.532,902.383,1083.51,1634.22
66,12,3,0,267.058,520.388,898.435
66,15,0,1914.23,2294,464.544,818.008
66,18,3,214.493,599.206,333.555,650.553
66,20,0,712.981,851.635,272.668,497.524
66,23,0,476.827,599.327,179.712,391.731
66,25,0,1.28259,206.736,1286.48,1873.59
66,30,0,835.529,956.779,101.106,323.51
66,38,0,2482.52,2560,152.957,393.389
67,9,5,581.25,1366.25,427.486,1214.78
67,11,3,304.325,901.424,1083.29,1631.79
67,12,3,0,220.749,538.833,924.901
67,15,0,1849.39,2227.49,469.231,816.367
67,18,3,191.361,569.925,348.332,672.65
67,20,0,673.51,816.49,281.538,515.192
67,23,0,445,571.923,189.663,413.221
67,25,0,1.77314,205.627,1287.68,1875.36
67,30,0,794.087,913.606,107.596,330.288
67,38,0,2482.52,2560,152.957,393.389
68,9,5,580.312,1366.25,429.692,1210.28
68,11,3,304.458,902.433,1081.78,1633.78
68,12,3,0,178.92,560.482,978.227
68,15,0,1774.3,2159.02,473.126,811.642
68,18,3,159.935,541.049,366.026,690.423
68,20,0,629.652,787.63,295.177,556.149
68,23,0,413.413,535.817,190.601,423.822
68,25,0,0,206.676,1289.38,1871.92
68,30,0,747.788,867.596,116.755,342.476
69,9,5,580.625,1367.5,428.731,1211.42
69,11,3,303.198,902.634,1082.69,1633.61
69,12,3,0,135.344,588.537,992.295
69,15,0,1717.61,2103.54,467.601,816.266
69,18,3,119.515,512.44,369.325,711.998
69,20,0,596.327,752.542,302.6,596.556
69,23,0,378.51,496.875,209.062,429.591
69,25,0,0,206.752,1290.24,1873.92
69,30,0,699.663,825.721,118.269,353.654
69,54,0,76.4904,198.317,220.457,486.851
69,55,0,2239.41,2529.42,1347.18,1916.56
70,9,5,582.812,1366.25,432.2,1209.94
70,11,3,306.613,899.934,1078.35,1633.12
70,12,3,0,93.2178,594.15,1080.28
70,15,0,1651.44,2036.62,470.148,815.088
70,18,3,81.5955,478.23,397.654,742.089
70,20,0,560.923,709.73,315.259,642.511
70,23,0,364.808,469.038,221.755,426.707
70,25,0,0,206.393,1289.51,1874.04
70,30,0,648.558,783.75,129.591,357.043
70,54,0,29.0385,145.577,237.476,519.447
70,55,0,2222.43,2476.86,1255.11,1817.25
71,9,5,582.5,1366.25,432.223,1211.29
71,11,3,303.774,899.709,1080.79,1634.67
71,12,3,0,93.2178,594.15,1080.28
71,15,0,1576.09,1963.92,472.308,811.651
71,18,3,37.8059,448.733,406.366,765.572
71,20,0,527.07,675.405,333.765,648.557
71,23,0,364.808,469.038,221.755,426.707
71,25,0,0,205.156,1290.72,1872.12
71,30,0,607.356,741.106,142.933,365.913
71,54,0,0.0961542,109.615,262.067,528.317
71,55,0,2205.84,2447.07,1161.84,1712.97
72,9,5,580,1366.25,433.514,1209.17
72,11,3,302.819,901.086,1081.38,1633.17
72,15,0,1542.82,1898.31,467.587,818.817
72,18,3,9.32022,425.142,434.101,786.79
72,20,0,484.962,640.948,349.173,663.543
72,25,0,0,205.388,1292.59,1875.41
72,30,0,560.865,699.135,152.885,389.135
72,54,0,0.0961542,109.615,262.067,528.317
72,55,0,2195.97,2419.94,1087,1611.1
73,9,5,580,1366.25,432.138,1207.22
73,11,3,302.217,900.776,1083.08,1633.33
73,15,0,1474.69,1851.96,472.463,813.717
73,18,3,0,327.724,451.637,815.756
73,20,0,445.968,605.848,358.906,687.599
73,25,0,0,205.604,1291.63,1874.74
73,30,0,522.933,652.452,159.736,397.572
73,55,0,2190.87,2412.23,1017.71,1514.03
73,59,3,2342.4,2556.06,0.847353,63.119
74,9,5,578.125,1365,429.77,1208.84
74,11,3,304.59,899.942,1084.23,1634.14
74,15,0,1429.72,1787.3,470.625,820.453
74,18,3,0,330.083,470.214,835.502
74,20,0,427.41,566.826,373.315,704.707
74,25,0,0,205.524,1291.73,1875.4
74,30,0,479.279,617.644,170.913,406.875
74,55,0,2188.02,2410.61,955.906,1432.17
74,59,3,2289.33,2510.67,0.216347,79.6154
75,9,5,572.812,1373.75,434.434,1204.24
75,11,3,305.748,901.1,1084.5,1634.74
75,15,0,1362.29,1738.46,476.075,819.586
75,18,3,0,316.564,490.262,865.23
75,20,0,393.52,531.952,404.288,724.936
75,25,0,0,205.524,1290.55,1875.36
75,30,0,446.298,573.702,181.659,423.534
75,55,0,2186.91,2401.73,887.967,1349.47
75,59,3,2247.31,2531.15,1.58654,83.4375
76,9,5,592.188,1397.5,418.625,1211.51
76,11,3,302.821,903.429,1083.24,1636.04
76,15,0,1310.09,1692.84,467.184,819.959
76,18,3,0,280.887,512.984,894.554
76,20,0,393.52,531.952,404.288,724.936
76,23,0,134.446,290.242,301.016,569.681
76,25,0,0,205.964,1291.26,1873.23
76,30,0,403.173,532.981,187.933,434.567
76,55,0,2187.33,2398.33,835.121,1275.76
76,59,3,2188.17,2513.37,0.576922,100.673
77,9,5,564.688,1385,428.922,1207.8
77,11,3,307.306,899.758,1083.87,1631.97
77,15,0,1303.58,1625.68,470.336,822.564
77,18,3,0,252.781,530.305,926.253
77,23,0,107.71,264.077,308.388,589.74
77,25,0,0.395603,206.024,1288.29,1875.4
77,30,0,374.567,490.048,203.077,423.462
77,55,0,2193.63,2403.88,779.606,1211.24
77,59,3,2142.12,2362.5,0.576925,101.106
78,9,5,560.312,1391.25,424.934,1208.96
78,11,3,304.888,900.531,1083.11,1632.14
78,15,0,1300.76,1568.96,469.463,819.334
78,18,3,1.66894,202.829,554.772,957.397
78,23,0,74.919,230.259,324.889,605.35
78,25,0,0.0559902,207.095,1286.56,1877.11
78,30,0,374.567,490.048,203.077,423.462
78,55,0,2197.29,2401.21,732.341,1146.13
78,59,3,2092.5,2399.81,0,105.216
79,9,5,563.125,1382.5,426.168,1208.29
79,11,3,303.842,900.65,1082.69,1633.81
79,15,0,1287.4,1512.51,473.662,820.662
79,18,3,0,166.425,571.505,981.27
79,23,0,37.2292,196.253,338.105,626.446
79,25,0,0.645075,206.374,1287.23,1877.21
79,55,0,2204.89,2398.59,688.93,1091.46
79,59,3,2043.65,2356.35,0.793269,112.139
80,9,5,576.875,1357.5,428.158,1206.47
80,11,3,303.756,900.855,1084.93,1632.03
80,15,0,1287.4,1512.51,473.662,820.662
80,18,3,0,125.371,594.571,1067.59
80,20,0,137.227,310.818,474.991,832.897
80,23,0,12.2684,163.973,353.661,634.944
80,25,0,0.193319,206.677,1287.9,1878.16
80,55,0,2222.16,2404.97,653.55,1035.77
80,59,3,2001.15,2275.77,2.70433,122.776
81,9,5,560.938,1393.75,427.58,1208.36
81,11,3,306.319,901.962,1085.68,1629.11
81,18,3,0,125.371,594.571,1067.59
81,20,0,83.9172,259.683,487,859.685
81,23,0,1.39423,112.74,368.149,654.736
81,25,0,0,207.317,1286.06,1878.35
81,55,0,2227.92,2411.58,613.399,982.981
81,59,3,1956.35,2265.19,1.37019,130.745
82,9,5,572.188,1373.75,429.522,1206.5
82,11,3,302.644,903.839,1086.07,1631.24
82,12,3,1.40031,49.8761,682.345,1132.49
82,20,0,41.7438,205.976,517.101,881.42
82,23,0,1.08173,78.8221,377.019,672.404
82,25,0,0.0696468,206.654,1286.57,1879.43
82,55,0,2239.41,2420.66,575.763,938.463
82,59,3,1912.69,2241.15,0.612981,136.262
83,9,5,574.375,1372.5,432.278,1205.66
83,11,3,301.478,904.731,1085.64,1631.6
83,12,3,1.40031,49.8761,682.345,1132.49
83,20,0,0,157.388,536.574,909.579
83,23,0,1.08173,78.8221,377.019,672.404
83,25,0,0.016737,206.854,1286.4,1879.85
83,55,0,2257,2428.61,543.647,890.923
83,59,3,1846.83,2177.79,0,153.75
83,72,0,605.419,847.887,254.816,523.678
84,9,5,576.562,1370,429.422,1207.73
84,11,3,302.372,904.154,1084.6,1632.43
84,20,0,0.609779,109.267,563.35,973.116
84,25,0,0,206.903,1287.39,1877.94
84,55,0,2272,2438.01,509.768,854.656
84,59,3,1809.81,2156.35,1.65865,158.726
84,72,0,545.482,803.288,252.89,524.391
84,30,0,94.0243,249.099,277.962,557.125
85,9,5,575.312,1368.75,430.932,1206.77
85,11,3,301.279,904.532,1084.61,1630.97
85,20,0,2.78825,59.0761,588.108,1001.29
85,25,0,0.188503,206.32,1287.08,1877.64
85,55,0,2284.05,2455.62,484.703,812.035
85,59,3,1760.65,2120.65,0.335619,178.895
85,72,0,484.583,750.963,248.089,529.923
85,30,0,59.9032,213.171,290.664,572.567
85,75,0,1356.83,1461.63,1.44231,169.76
86,9,5,579.062,1367.5,430.794,1206.63
86,11,3,303.015,902.159,1083.67,1630.43
86,20,0,2.78825,59.0761,588.108,1001.29
86,25,0,0.579977,205.858,1288.09,1879.23
86,55,0,2304.75,2462.15,458.704,772.959
86,59,3,1711.6,2057.81,1.10928,192.162
86,72,0,423.784,690.684,247.08,526.106
86,30,0,25.6733,179.353,305.024,574.28
86,75,0,1300.62,1411.68,6.5625,174.014
87,9,5,577.5,1368.75,429.581,1208.27
87,11,3,301.975,902.876,1084.4,1632.57
87,25,0,0.508833,206.288,1291.37,1876.19
87,55,0,2321.22,2477.86,433.319,738.724
87,59,3,1673.83,2026.43,2.24248,193.622
87,72,0,386.891,623.511,249.67,525.042
87,30,0,7.26189,147.771,312.98,600.724
87,75,0,1243.94,1359.13,1.875,187.933
88,9,5,577.188,1367.5,429.289,1210.07
88,11,3,302.529,903.137,1084.72,1633.62
88,25,0,0.450325,206.758,1288.26,1876.22
88,55,0,2345.77,2495.45,409.078,704.654
88,59,3,1624.95,1982.49,8.91903,203.312
88,72,0,283.511,549.111,247.288,515.691
88,30,0,0.384617,113.269,321.635,620.481
88,75,0,1188.7,1303.61,7.78846,196.01
89,9,5,559.375,1372.5,422.013,1209.69
89,11,3,306.2,900.391,1087.07,1628.72
89,25,0,0.242214,206.852,1288.3,1870.27
89,55,0,2363.08,2514.49,379.486,672.332
89,59,3,1586.4,1937.2,14.1399,211.402
89,72,0,178.674,487.121,271.828,505.397
89,30,0,0.504804,87.2836,337.356,634.183
89,75,0,1129.66,1250.34,7.86057,203.726
90,9,5,549.688,1377.5,421.708,1209.96
90,11,3,307.393,898.689,1086.86,1632.76
90,25,0,0,206.711,1288.45,1870.99
90,55,0,2386.74,2546.62,352.532,632.856
90,59,3,1544.35,1893.27,15.5126,222.064
90,72,0,94.2599,379.834,246.146,507.692
90,30,0,0,64.0144,351.346,651.346
90,75,0,1071.63,1203.75,28.4856,216.274
91,9,5,499.062,1378.75,419.193,1221.5
91,11,3,307.636,898.933,1087.03,1631.27
91,25,0,0.00401497,205.984,1289.36,1870.76
91,55,0,2412.53,2553.87,327.505,606.599
91,59,3,1503.44,1852.78,15.435,229.744
91,72,0,47.5328,289.704,248.371,509.088
91,30,0,1.32211,37.8125,376.587,677.452
91,75,0,1011.25,1141.06,44.2789,234.231
92,9,5,537.812,1375,423.205,1208.58
92,11,3,306.276,899.307,1086.43,1629.6
92,25,0,0,207.05,1289.36,1873.04
92,55,0,2439.33,2557.6,296.034,579.159
92,59,3,1458.83,1816.2,23.8698,235.397
92,72,0,1.43212,224.259,236.716,515.878
92,30,0,1.32211,37.8125,376.587,677.452
92,75,0,952.692,1084.23,28.9183,244.976
93,9,5,555,1375,423.353,1206.04
93,11,3,307.535,898.255,1085.21,1631.31
93,25,0,0.484915,205.813,1290.25,1873.35
93,55,0,2472.02,2558.75,275.553,553.486
93,59,3,1417.21,1771.54,26.383,250.483
93,72,0,0,130.913,252.26,512.74
93,75,0,892.163,1023.22,56.6106,256.659
94,9,5,565.938,1375,419.682,1210.44
94,11,3,308.175,896.879,1083.93,1635.32
94,25,0,0.735369,205.738,1290.36,1873.18
94,55,0,2497.84,2560,244.615,533.654
94,59,3,1376.24,1735.98,45.1036,258.212
94,72,0,0,130.913,252.26,512.74
94,75,0,831.49,959.279,51.7789,269.279
94,79,0,371.881,576.983,509.523,839.987
95,9,5,568.125,1372.5,424.862,1209.47
95,11,3,307.25,897.681,1084.29,1632.32
95,25,0,0.576658,206.331,1286.83,1873.37
95,55,0,2497.84,2560,244.615,533.654
95,59,3,1330.38,1690.64,52.4574,267.106
95,75,0,770.192,897.5,65.3365,282.548
95,79,0,223.13,515.548,536.72,880.138
96,9,5,570.312,1371.25,426.007,1206.03
96,11,3,305.823,897.698,1084.7,1636.09
96,25,0,0.459843,205.838,1288.33,1874.29
96,59,3,1242.55,1611.98,67.8169,289.09
96,75,0,661.25,782.596,119.207,311.466
96,79,2,98.8837,347.283,542.241,919.965
97,9,5,572.812,1371.25,429.096,1206.07
97,11,3,304.676,899.738,1084.8,1634.77
97,25,0,0.730133,205.958,1288.33,1872.58
97,59,3,1195.69,1570.48,75.5823,300.176
97,75,0,600.096,729.904,129.087,332.452
97,79,0,32.0803,279.934,559.651,937.791
98,9,5,571.562,1372.5,428.176,1204.4
98,11,3,304.167,900.684,1085.29,1634.2
98,25,0,0.148163,205.125,1289.83,1870.09
98,59,3,1144.06,1533.31,86.1409,312.579
98,75,0,552.788,678.75,127.5,345.865
98,79,0,4.65474,168.326,574.351,974.135
99,9,5,574.375,1372.5,425.471,1203.02
99,11,3,306.889,895.88,1081.2,1636.71
99,25,0,0.061264,205.514,1289.06,1869.9
99,59,3,1106.45,1489.01,90.766,326.944
99,75,0,496.442,627.404,131.034,357.043
99,79,4,6.02299,92.3561,585.478,976.455
100,9,5,582.188,1368.75,432.97,1202.21
100,11,3,304.636,903.488,1083.68,1635.68
100,25,0,0,206.098,1289.45,1875.98
100,59,3,1053.6,1447.15,101.379,347.242
100,75,0,445.433,579.952,143.654,379.327
100,79,4,6.02299,92.3561,585.478,976.455
100,82,1,1468.48,1950.55,0,160.861
101,9,5,580.938,1368.75,433.968,1202.46
101,11,3,305.098,904.827,1084.57,1636.56
101,25,0,0.15502,205.884,1290.16,1874.98
101,59,3,1011.83,1402.89,111.476,356.927
101,75,0,398.462,530.769,150.937,390.793
101,82,1,1403.9,1877.07,1.78506,158.634
102,9,5,580.625,1370,432.55,1202.92
102,11,3,303.08,905.451,1084.88,1637.28
102,25,0,0,206.776,1290.03,1874.28
102,59,3,966.156,1366.68,126.964,369.371
102,75,0,355.769,475,163.125,400.24
102,82,1,1403.9,1877.07,1.78506,158.634
103,9,5,580.938,1368.75,431.856,1205.81
103,11,3,304.085,904.4,1085.01,1636.39
103,25,0,0.1614,206.746,1291.24,1874.34
103,59,3,924.355,1323.47,141.577,383.289
103,75,0,355.769,475,163.125,400.24
103,82,1,1305.63,1752.98,0,180.746
104,9,5,575,1372.5,430.805,1204.19
104,11,3,301.792,905.93,1084.77,1639.06
104,25,0,0.121889,206.404,1289.77,1874.59
104,59,3,877.889,1280.47,146.91,403.897
104,82,1,1258.68,1729.46,0,184.903
105,9,5,575.312,1373.75,432.196,1204.07
105,11,3,302.255,904.037,1084.87,1639.43
105,25,0,0,206.27,1290.65,1876.61
105,59,3,835.685,1237.39,154.748,422.185
105,75,0,183.22,370.139,205.07,475.842
105,82,1,1200.92,1656.96,0,199.456
106,9,5,576.875,1375,432.258,1204.7
106,11,3,303.495,903.224,1083.23,1639.49
106,25,0,0,206.114,1290.02,1875.98
106,59,3,793.683,1197.3,165.176,443.427
106,75,0,124.915,289.468,229.229,488.296
106,82,1,1155.07,1661.23,0.95443,212.121
106,84,5,1867.06,2296.87,0,181.53
107,9,5,575.312,1376.25,432.644,1203.95
107,11,3,302.369,904.739,1084.43,1641.57
107,25,0,0.564957,205.767,1287.89,1876.43
107,59,3,747.116,1155.04,168.84,463.127
107,75,0,74.7829,236.706,242.845,516.274
107,82,1,1099.94,1570.29,0,224.621
107,84,5,1818.93,2252.64,4.32298,186.36
108,9,5,573.125,1375,433.301,1201.79
108,11,3,302.189,904.853,1083.04,1640.93
108,25,0,0.519829,206.425,1288.93,1875.46
108,59,3,707.159,1112.7,189.645,473.315
108,75,0,23.7048,192.737,260.56,542.05
108,82,1,1031.25,2270,14.8084,214.694
108,84,5,1765.72,2241.68,2.56175,202.612
109,9,5,573.438,1376.25,431.353,1201.34
109,11,3,303.158,902.302,1083.17,1639.49
109,25,0,0.29254,207.205,1287.77,1874.31
109,59,3,662.142,1073.72,207.836,482.644
109,75,0,0,140.004,277.706,562.653
109,82,1,985.217,1466.84,0.873485,255.775
109,84,3,1710.7,2163.81,1.42457,211.691
110,9,5,574.375,1375,428.185,1201.76
110,11,3,302.978,904.173,1081.91,1639.46
110,25,0,0,207.53,1288.15,1874.68
110,59,3,614.226,1037.73,218.237,492.543
110,75,0,0,74.7356,298.486,572.668
110,82,1,940.711,1477.84,0,271.523
110,84,5,1660.84,2097.01,0.267477,223.086
111,9,5,570.312,1378.75,431.362,1203.05
111,11,3,302.249,905.208,1083.78,1638.01
111,25,0,0,207.064,1288.34,1873.73
111,59,3,577.366,991.188,230.859,520.513
111,75,0,0,74.7356,298.486,572.668
111,82,1,895.887,1389.84,2.26925,281.269
111,84,5,1605.82,2048.76,2.04776,235.332
112,9,5,566.25,1373.75,430.328,1208.07
112,11,3,302.719,902.741,1085.29,1632.59
112,25,0,1.10303,206.105,1287.17,1875.42
112,59,3,530.032,957.642,244.09,522.988
112,82,1,847.855,1352.53,3.55524,299.644
112,84,5,1555.48,1997.5,0,252.922
112,85,3,1422.5,2220,1553.77,1913.6
113,9,5,569.375,1372.5,429.986,1206.4
113,11,3,304.41,900.927,1085.58,1630.35
113,25,0,0.818996,205.996,1288.01,1875.69
113,59,3,491.065,911.814,257.845,542.174
113,82,1,802.121,1297.52,1.52132,316.976
113,84,5,1502.46,1957.76,0.406752,262.559
113,85,3,1440,2192.5,1463.47,1920
114,9,5,567.188,1372.5,430.75,1204.7
114,11,3,305.35,899.541,1085.33,1630.76
114,25,0,0.902119,206.155,1287.7,1876.52
114,59,3,439.17,872.587,272.907,557.826
114,82,1,758.524,1266.73,5.42437,326.238
114,84,5,1449.18,1917.33,0,278.883
114,85,3,1457.5,2167.5,1379.06,1920
115,9,5,569.688,1370,431.126,1209.05
115,11,3,305.053,900.696,1084.5,1630.93
115,25,0,0.334415,205.963,1288.17,1875.56
115,59,3,414.559,833.233,283.992,569.643
115,82,1,733.271,1240.85,4.96187,350.07
115,84,5,1396.14,1875.66,5.53319,293.811
115,85,3,1470,2155,1301.83,1920
116,9,5,569.688,1367.5,434.002,1209.09
116,11,3,305.065,899.546,1085.94,1630.64
116,25,0,0.601254,206.381,1287.96,1875.64
116,59,3,410.064,791.131,302.375,605.301
116,82,1,660.041,1174.3,0.711293,366.109
116,84,5,1348.7,1796.42,2.04845,302.763
116,85,3,1486.25,2143.75,1236.49,1822.48
117,9,5,563.438,1371.25,428.588,1207.09
117,11,3,305.68,896.111,1085.61,1627.53
117,25,0,1.60036,205.704,1287.95,1875.63
117,59,3,378.11,743.596,317.368,620.886
117,82,1,637.438,1141.13,0,394.799
117,84,5,1295.75,1777.38,3.18625,312.426
117,85,3,1498.75,2137.5,1187.06,1718.9
118,9,5,570,1371.25,429.816,1215.19
118,11,3,303.015,900.698,1085.28,1629.85
118,25,0,1.39412,205.871,1288.02,1875.69
118,59,3,241.521,703.229,333.693,650.769
118,82,1,572.553,1098.3,2.58346,404.483
118,84,5,1242.07,1707.43,0,331.266
118,85,3,1525,2136.25,1112.89,1653.95
119,9,5,572.812,1370,429.476,1215.61
119,11,3,305.892,897.477,1084.68,1629.78
119,25,0,1.60464,205.509,1288.01,1875.41
119,59,3,186.695,668.674,348.492,670.325
119,82,1,546.203,1072.18,6.28228,423.153
119,84,5,1188.15,1682.52,0,340.006
119,85,3,1546.25,2143.75,1066.73,1572.5
119,94,3,2027.02,2286.83,2.45193,128.077
120,9,5,573.125,1370,429.314,1216.41
120,11,3,305.566,898.887,1082.77,1628.53
120,25,0,0.619831,206.475,1287.53,1875.78
120,59,3,143.803,615.739,359.559,697.002
120,82,1,484.342,1031.54,5.48012,447.076
120,84,5,1133.57,1617.88,0,355.401
120,85,3,1565,2150,1006.82,1501.1
120,94,3,1971.92,2280.38,0,142.175
121,9,5,572.812,1366.25,434.14,1215.88
121,11,3,304.054,899.697,1084.99,1629.09
121,25,0,0.883369,206.136,1287.51,1874.61
121,59,3,92.5617,568.577,370.102,714.958
121,82,1,434.637,1002.1,5.69332,468.368
121,84,5,1084.07,1582.51,0.313225,365.265
121,85,3,1581.25,2162.5,964.494,1442.97
121,94,3,1906.73,2207.12,0,157.861
122,9,5,581.875,1362.5,434.735,1214.75
122,11,3,303.724,900.532,1079.53,1630.58
122,25,0,0.676584,206.305,1287.14,1875.39
122,59,3,37.653,526.237,392.391,742.079
122,82,1,227.812,992.5,9.5938,469.994
122,84,5,1029.22,1522.93,0,388.592
122,85,3,1601.93,2162.1,909.306,1384
122,94,3,1838.08,2158.85,0.576925,172.212
123,9,5,580.625,1362.5,435.185,1214.25
123,11,3,304.325,901.424,1083.98,1630.34
123,25,0,0,205.976,1289.56,1873.81
123,59,3,0.949936,477.343,426.759,767.348
123,82,1,310.938,933.75,16.695,488.302
123,84,5,975.219,1494.56,0,414.896
123,85,3,1639.19,2177.64,856.872,1321.7
123,94,3,1775.19,2089.42,8.22115,186.202
124,9,5,573.75,1366.25,433.394,1219.72
124,11,3,304.664,900.307,1082.25,1628.48
124,25,0,1.40583,204.465,1289.29,1876.97
124,59,3,3.96891,447.935,438.378,791.411
124,82,1,74.375,924.375,7.77663,513.7
124,84,5,930.656,1441.47,30.1693,421.897
124,85,3,1658.65,2198.41,821.478,1273.66
124,94,3,1722.02,2025.67,9.30289,199.688
124,99,3,1707.63,2552.86,1652.44,1912.2
125,9,5,575,1366.25,434.666,1217.36
125,11,3,303.892,901.283,1085.45,1629.95
125,25,0,1.26896,205.098,1288.5,1877.33
125,59,3,0,381.101,462.31,810.72
125,82,1,166.562,862.5,14.5981,521.637
125,84,5,866.636,1399.59,9.09821,444.591
125,85,3,1687.9,2208.12,776.899,1217.85
125,94,3,1648.62,1966.16,11.1919,214.79
125,99,3,1710,2492.5,1553.77,1914.04
126,9,5,572.5,1368.75,432.283,1216.12
126,11,3,303.189,900.872,1083.56,1629.65
126,25,0,0.969944,205.397,1290.62,1875.44
126,59,3,14.9257,411.903,390.553,874.014
126,82,1,124.062,851.25,11.5709,546.167
126,84,5,834.664,1345.98,21.6558,438.342
126,85,3,1703.93,2224.03,744.609,1168.15
126,94,3,1578.32,1903.31,16.7612,223.843
126,99,3,1707.5,2462.5,1469.04,1919.49
127,9,5,570.625,1367.5,430.471,1218.72
127,11,3,302.965,902.108,1085.04,1630.87
127,25,0,0.386095,205.238,1293.09,1876.76
127,59,3,2.24084,311.624,493.936,874.507
127,82,1,105.938,832.5,49.3803,580.399
127,84,5,771.011,1311.57,30.3122,471.477
127,85,3,1738.87,2240.3,716.317,1119.49
127,94,3,1524.23,1841.3,24.4829,237.331
127,99,3,1715,2425,1383.66,1920
128,9,5,571.875,1367.5,434.125,1216.62
128,11,3,302.46,902.775,1084.51,1631.07
128,25,0,0.631523,205.009,1292.28,1877.1
128,59,3,0,260.045,514.155,907.886
128,82,1,82.1875,795,25.9494,601.135
128,84,5,733.921,1261.05,31.9193,496.405
128,85,3,1768.15,2257.54,683.347,1066.65
128,94,3,1458.72,1784.42,39.3977,259.083
128,99,3,1710,2400,1304.79,1920
129,9,5,577.188,1367.5,429.883,1218.52
129,11,3,304.325,901.424,1084.26,1633.1
129,25,0,0.653858,204.682,1292.81,1875.35
129,59,3,0,206.267,540.278,920.129
129,82,1,26.25,824.375,33.9578,619.165
129,84,5,690.42,1219.49,46.2371,501.184
129,85,3,1797.76,2271.35,645.687,1040.29
129,94,3,1392.61,1723.04,45.3834,262.934
129,99,3,1712.5,2376.25,1238.88,1829.18
129,108,0,2492.84,2556.56,917.916,1389.55
130,9,5,573.438,1367.5,430.75,1218.42
130,11,3,303.72,901.987,1083.62,1634
130,25,0,0.641394,204.695,1291.69,1874.8
130,59,3,0,157.483,541.234,1009.66
130,82,1,24.6875,680,53.6677,632.339
130,84,5,647.723,1176.53,51.401,508.574
130,85,3,1815.24,2288.27,614.127,1004.42
130,94,3,1333.07,1658.93,54.2644,273.762
130,99,3,1710,2358.75,1182.1,1727.5
130,108,0,2510.92,2558.65,889.923,1387.1
131,9,5,578.125,1367.5,429.182,1218.97
131,11,3,304.815,899.876,1083.05,1633.23
131,25,0,0.550938,204.754,1290.72,1875.54
131,59,3,1.45885,117.86,557.806,1019.08
131,82,1,0,663.279,18.1239,643.005
131,84,5,605.259,1138.73,79.6437,528.193
131,85,3,1850.99,2298.22,589.3,964.735
131,94,3,1264.42,1604.34,66.7501,290.851
131,99,3,1718.75,2335,1118.12,1652.98
131,108,0,2510.92,2558.65,889.923,1387.1
132,9,5,575.625,1367.5,431.152,1217.67
132,11,3,304.22,900.154,1085.17,1632.4
132,25,0,0.616207,205.769,1289.52,1874.33
132,59,3,1.43412,68.6704,623.4,1078.3
132,82,1,0,630.974,17.2865,671.518
132,84,5,554.076,1089.25,82.8184,536.545
132,85,3,1876.54,2314.29,563.843,928.083
132,94,3,1212.5,1548.96,70.6093,309.433
132,99,3,1725,2312.5,1061.16,1578.38
132,108,0,2503.91,2559.48,804.287,1332.24
133,9,5,572.812,1370,430.47,1218.34
133,11,3,303.111,900.794,1083.96,1633.13
133,25,0,0.843859,205.246,1288.85,1875.38
133,59,3,1.43412,68.6704,623.4,1078.3
133,82,1,7.70924,534.583,52.0859,734.042
133,84,5,526.617,1054.65,95.4839,547.221
133,85,3,1903.63,2334.91,540.865,890.894
133,94,3,1152.18,1488.8,85.8119,322.307
133,99,3,1733.92,2297.11,1007.42,1520.18
133,108,0,2503.51,2559.41,795.714,1303.69
134,9,5,572.5,1371.25,427.962,1219.49
134,11,3,303.996,900.221,1085.26,1632.42
134,25,0,1.37152,205.101,1289.98,1875.94
134,82,1,0.270596,507.579,38.6881,745.045
134,84,5,474.569,1004.28,96.5341,575.297
134,85,3,1924.74,2354.76,513.14,850.582
134,94,3,1083.15,1437.05,101.333,345.164
134,99,3,1732.4,2290.53,963.497,1448.02
134,108,0,2499.24,2559.39,770.544,1229.12
135,9,5,573.75,1368.75,428.015,1220.32
135,11,3,303.705,900.512,1085.09,1632.12
135,25,0,1.88071,205.139,1290.79,1876.18
135,82,1,4.99508,489.19,17.6745,771.61
135,84,5,429.348,967.27,106.585,586.987
135,85,3,1940.84,2371.64,489.417,822.359
135,94,3,1023.51,1382.63,110.645,355.072
135,99,3,1735.44,2284.91,915.661,1390.47
135,108,0,2504.79,2559.93,745.114,1223.36
136,9,5,577.812,1368.75,427.45,1221.69
136,11,3,305.985,902.501,1086.26,1635.29
136,25,0,0.175543,205.729,1288.36,1876.9
136,82,1,0,508.211,31.8286,779.532
136,84,5,397.634,938.453,141.327,608.542
136,85,3,1975.53,2392.3,467.083,794.623
136,94,3,963.124,1330.4,122.989,373.579
136,99,3,1740.37,2270.46,858.375,1329.83
136,108,0,2513.84,2559.16,728.844,1226.51
136,122,0,2083.62,2319.81,1324.17,1913.28
137,9,5,582.188,1365,428.428,1220.15
137,11,3,306.141,901.493,1085.8,1635.91
137,25,0,0,205.772,1290.17,1875.84
137,82,1,26.25,956.25,36.8643,713.73
137,84,5,386.462,892.904,119.582,602.335
137,85,3,2004.85,2410.74,449.06,767.96
137,94,3,904.761,1281.57,135.668,389.723
137,99,3,1746.11,2250.71,822.145,1280.32
137,108,0,2498.6,2556.39,716.32,1154.01
137,122,0,2072.43,2299.65,1256.79,1818.24
137,130,0,2049.88,2131.66,0.829327,46.6226
138,9,5,585.938,1358.75,427.917,1221.19
138,11,3,302.989,902.718,1083.03,1637.8
138,25,0,0.901451,205.379,1289.67,1876.48
138,82,1,0.626011,333.53,77.0651,871.05
138,84,5,373.664,861.062,138.845,634.497
138,85,3,2033.63,2428.72,423.663,732.713
138,94,3,852.462,1218.48,148.334,409.193
138,99,3,1755.83,2254.3,782.101,1227.59
138,108,2,2488.29,2556.39,698.737,1149
138,122,0,2073.53,2281.07,1188.93,1732.71
138,130,0,2015.5,2095.26,2.50601,52.9507
139,9,5,584.062,1360,423.311,1222.8
139,11,3,301.921,903.703,1083.51,1637.59
139,25,0,0.742731,205.695,1289.42,1875.95
139,82,1,8.13604,297.298,91.5866,861.895
139,84,5,270.221,835.337,148.83,666.748
139,85,3,2058.73,2448.17,405.721,712.217
139,94,3,811.258,1164.46,157.974,422.182
139,99,3,1776.08,2252.42,746.31,1189.31
139,108,2,2464.56,2558.05,693.389,1128.62
139,122,0,2054.66,2264.25,1123.45,1655.67
139,130,0,2015.5,2095.26,2.50601,52.9507
140,9,5,571.25,1363.75,424.975,1221.35
140,11,3,302.648,902.669,1082.34,1636.9
140,25,0,0.584612,205.337,1290.05,1874.29
140,82,1,2.67009,255.621,84.098,892.558
140,84,5,238.999,779.686,161.545,686.978
140,85,3,2093.79,2472.35,379.618,688.104
140,94,3,760.069,1105.51,177.173,434.568
140,99,3,1775.83,2248.93,709.801,1141.48
140,108,2,2446.64,2559.18,682.109,1102
140,122,0,2053.63,2249.94,1066.7,1581.29
141,9,5,567.812,1367.5,421.079,1221.35
141,11,3,300.649,903.607,1083.68,1637.3
141,25,0,0.50601,205.533,1289.87,1875.26
141,82,1,2.67009,255.621,84.098,892.558
141,84,5,150.158,755.772,187.375,716.024
141,85,3,2123.65,2504.54,364.883,656.595
141,94,3,706.481,1049.57,190.347,447.962
141,99,3,1789.16,2242.97,680.57,1107.22
141,108,2,2427.21,2557,660.245,1075.65
141,122,0,2050.46,2245.2,1008.75,1495.6
142,9,5,574.062,1367.5,421.656,1221.34
142,11,3,300.692,904.24,1082.29,1637.67
142,25,0,0.181131,206.363,1290.03,1875.42
142,84,5,141.654,702.372,190.805,726.143
142,85,3,2154.87,2518.85,342.055,628.544
142,94,3,671.768,997.076,208.09,473.932
142,99,3,1790.43,2259.49,651.173,1044.91
142,108,2,2416.77,2552.29,651.509,1051.05
142,122,0,2043.86,2230.77,966.047,1439.53
143,9,5,568.125,1370,424.339,1220.71
143,11,3,301.929,903.124,1082.55,1637.65
143,25,0,0.540075,206.094,1288.62,1876.3
143,84,5,35.4388,671.669,198.465,745.162
143,85,3,2175.24,2546.49,317.774,609.985
143,94,3,613.937,945.338,220.222,486.991
143,99,3,1795.56,2259.05,622.817,1014.64
143,108,2,2425.27,2552.93,627.619,1019.86
143,122,0,2034.59,2222.47,915.314,1381.11
144,9,5,575,1365,427.46,1218.99
144,11,3,302.41,901.846,1083.99,1636.93
144,25,0,1.50881,204.246,1288.93,1874.32
144,84,5,8.05635,614.558,193.326,778.559
144,85,3,2217.71,2559.21,308.549,587.276
144,94,3,586.89,885.367,233.55,518.218
144,99,3,1805.08,2256.71,598.404,979.844
144,108,2,2423.44,2548.51,615.967,995.031
144,122,0,2024.92,2204.94,865.989,1318.67
144,149,0,2281.94,2548.32,1419.39,1919.98
145,9,5,577.5,1363.75,427.311,1219.61
145,11,3,303.253,902.104,1082.4,1638.18
145,25,0,1.33138,204.391,1288.22,1874.75
145,84,5,9.65942,569.146,207.47,798.518
145,85,3,2245.91,2558.17,278.154,562.267
145,94,3,487.562,851.712,252.529,534.438
145,99,3,1819.17,2267.78,563.855,956.252
145,108,2,2416.78,2544.06,602.085,985.336
145,122,0,2029.14,2190.47,823.805,1264.06
145,149,0,2274.44,2521.12,1359.7,1919.78
146,9,5,578.125,1360,431.444,1216.24
146,11,3,303.539,900.639,1083.97,1638.19
146,25,0,0.7726,204.627,1290.37,1873.47
146,84,5,9.65942,569.146,207.47,798.518
146,85,3,2284.74,2557.37,252.588,540.402
146,94,3,481.66,789.536,263.095,553.202
146,99,3,1836.21,2272.95,544.066,909.821
146,108,2,2410.65,2540.82,581.741,975.905
146,122,0,2023.8,2193.08,785.846,1210.27
146,149,0,2257.53,2501.18,1287.84,1864.15
147,9,5,577.188,1363.75,428.387,1217.22
147,11,3,303.524,901.207,1082.36,1639.43
147,25,0,1.26103,204.494,1289.91,1875.87
147,84,5,0,521.073,234.82,853.252
147,85,3,2319.05,2555.7,244.468,517.897
147,94,3,352.585,730.134,270.792,574.828
147,99,3,1857.23,2291.73,521.372,879.178
147,108,2,2417.41,2546.76,575.518,950.806
147,122,0,2015.57,2187.69,742.162,1156.1
147,149,0,2233.52,2466.18,1227.36,1787.45
147,158,0,638.75,775.865,169.615,399.231
