2.0,8.0,3.0,716.841,1381.01,1041.46,1753.88
3.0,8.0,3.0,719.893,1380.82,1041.65,1754.16
4.0,8.0,3.0,718.185,1383.0,1041.57,1753.46
5.0,8.0,3.0,718.679,1382.84,1041.8,1753.7
6.0,8.0,3.0,719.889,1381.46,1041.64,1754.06
7.0,8.0,3.0,718.424,1382.59,1042.1,1753.21
8.0,8.0,3.0,718.461,1381.98,1041.61,1754.03
9.0,8.0,3.0,718.07,1382.56,1041.53,1753.86
10.0,8.0,3.0,716.901,1383.66,1041.54,1753.0
11.0,8.0,3.0,716.192,1382.96,1041.95,1752.29
12.0,8.0,3.0,716.485,1382.6,1041.47,1753.11
13.0,8.0,3.0,717.092,1381.26,1041.6,1753.06
14.0,8.0,3.0,718.516,1377.51,1040.9,1754.98
15.0,8.0,3.0,710.086,1382.74,1044.96,1769.48
16.0,8.0,3.0,708.545,1383.83,1044.75,1769.98
17.0,8.0,3.0,711.081,1381.76,1045.36,1769.7
18.0,8.0,3.0,711.976,1381.68,1046.3,1768.97
19.0,8.0,3.0,711.514,1381.87,1045.87,1769.68
20.0,8.0,3.0,712.663,1381.06,1046.51,1769.53
21.0,8.0,3.0,711.995,1382.35,1046.59,1768.37
22.0,8.0,3.0,714.048,1380.16,1047.45,1767.65
23.0,8.0,3.0,716.451,1379.64,1047.55,1768.01
24.0,8.0,3.0,720.109,1380.39,1040.54,1755.57
25.0,8.0,3.0,714.332,1382.4,1046.61,1767.69
26.0,8.0,3.0,719.798,1380.08,1040.44,1755.3
27.0,8.0,3.0,718.429,1381.94,1040.66,1754.04
28.0,8.0,3.0,716.811,1381.62,1041.12,1753.19
29.0,8.0,3.0,713.531,1378.34,1039.54,1754.22
30.0,8.0,3.0,712.714,1379.48,1039.58,1754.53
31.0,8.0,3.0,713.931,1378.42,1039.88,1755.09
32.0,8.0,3.0,715.323,1377.54,1040.16,1755.19
33.0,8.0,3.0,715.744,1376.67,1039.38,1756.51
34.0,8.0,3.0,715.942,1377.19,1039.83,1756.44
35.0,8.0,3.0,715.994,1378.22,1040.75,1755.78
36.0,8.0,3.0,715.782,1378.0,1040.71,1755.39
37.0,8.0,3.0,708.961,1381.28,1044.78,1770.89
38.0,8.0,3.0,707.696,1382.32,1044.76,1770.52
39.0,8.0,3.0,708.315,1383.27,1045.29,1770.7
40.0,8.0,3.0,708.49,1381.47,1045.66,1770.71
41.0,8.0,3.0,707.576,1380.88,1045.0,1770.23
42.0,8.0,3.0,707.732,1380.38,1045.24,1770.64
43.0,8.0,3.0,717.313,1375.67,1041.03,1755.11
44.0,8.0,3.0,712.76,1381.81,1045.62,1769.26
45.0,8.0,3.0,713.138,1381.2,1045.45,1769.35
46.0,8.0,3.0,713.315,1380.4,1045.64,1769.72
47.0,8.0,3.0,713.051,1380.47,1045.54,1770.24
48.0,8.0,3.0,713.212,1380.95,1044.94,1769.9
49.0,8.0,3.0,713.027,1381.09,1044.67,1770.07
50.0,8.0,3.0,712.989,1380.73,1044.44,1769.85
51.0,8.0,3.0,712.466,1382.17,1044.08,1770.38
52.0,8.0,3.0,721.085,1378.47,1041.18,1754.99
53.0,8.0,3.0,722.001,1377.15,1041.37,1754.66
54.0,8.0,3.0,713.975,1380.41,1044.84,1769.53
55.0,8.0,3.0,722.443,1375.99,1041.48,1754.33
56.0,8.0,3.0,722.224,1376.73,1042.4,1753.52
57.0,8.0,3.0,713.056,1380.8,1045.47,1768.84
58.0,8.0,3.0,712.645,1381.36,1045.5,1769.66
59.0,8.0,3.0,712.508,1378.62,1045.17,1769.08
60.0,8.0,3.0,723.26,1373.62,1041.17,1754.72
61.0,8.0,3.0,712.508,1378.62,1045.34,1769.51
62.0,8.0,3.0,722.728,1373.41,1041.18,1754.74
63.0,8.0,3.0,714.161,1377.35,1045.06,1769.31
64.0,8.0,3.0,714.877,1379.69,1045.95,1768.35
65.0,8.0,3.0,722.552,1375.14,1040.53,1756.0
66.0,8.0,3.0,722.716,1376.58,1041.05,1754.87
67.0,8.0,3.0,715.947,1379.46,1047.46,1767.14
68.0,8.0,3.0,715.961,1381.1,1047.29,1767.4
69.0,8.0,3.0,716.564,1380.08,1047.5,1768.23
70.0,8.0,3.0,715.283,1379.77,1047.39,1768.38
71.0,8.0,3.0,715.361,1379.85,1046.64,1768.07
72.0,8.0,3.0,714.334,1380.12,1047.26,1767.82
73.0,8.0,3.0,713.549,1380.64,1046.97,1768.32
74.0,8.0,3.0,710.986,1381.34,1045.58,1770.63
75.0,8.0,3.0,717.235,1377.2,1042.59,1752.14
76.0,8.0,3.0,717.069,1377.67,1042.21,1752.11
77.0,8.0,3.0,718.016,1379.59,1043.1,1749.89
78.0,8.0,3.0,717.89,1378.82,1043.11,1748.61
79.0,8.0,3.0,718.019,1378.62,1043.01,1749.45
80.0,8.0,3.0,718.462,1380.04,1043.24,1749.17
81.0,8.0,3.0,718.929,1378.57,1043.36,1749.37
82.0,8.0,3.0,718.991,1379.92,1043.45,1749.72
83.0,8.0,3.0,720.131,1379.45,1043.26,1750.05
84.0,8.0,3.0,720.045,1379.68,1043.38,1749.22
85.0,8.0,3.0,721.203,1378.91,1043.52,1749.7
86.0,8.0,3.0,721.63,1378.06,1044.04,1749.79
87.0,8.0,3.0,722.036,1377.82,1043.9,1751.03
88.0,8.0,3.0,723.349,1377.54,1043.75,1751.14
89.0,8.0,3.0,719.741,1378.74,1043.81,1749.39
90.0,8.0,3.0,719.945,1378.62,1044.08,1748.63
91.0,8.0,3.0,719.71,1379.03,1044.19,1748.22
92.0,8.0,3.0,719.493,1378.81,1043.89,1748.01
93.0,8.0,3.0,720.503,1378.21,1043.94,1748.57
94.0,8.0,3.0,719.423,1377.13,1043.18,1749.71
95.0,8.0,3.0,720.815,1374.68,1043.8,1749.21
96.0,8.0,3.0,720.888,1375.07,1044.08,1748.63
97.0,8.0,3.0,721.499,1374.73,1044.01,1748.48
98.0,8.0,3.0,720.562,1375.07,1043.67,1748.65
99.0,8.0,3.0,719.724,1376.15,1043.57,1748.63
100.0,8.0,3.0,720.397,1375.54,1043.92,1748.3
101.0,8.0,3.0,719.722,1376.79,1044.05,1748.51
102.0,8.0,3.0,718.85,1376.56,1043.67,1749.08
103.0,8.0,3.0,720.38,1375.85,1043.56,1750.09
104.0,8.0,3.0,721.005,1376.47,1044.11,1747.89
105.0,8.0,3.0,719.616,1377.97,1044.68,1745.88
106.0,8.0,3.0,720.466,1377.53,1044.68,1746.31
107.0,8.0,3.0,719.744,1379.38,1044.43,1744.86
108.0,8.0,3.0,718.797,1380.05,1044.29,1743.44
109.0,8.0,3.0,723.403,1377.59,1044.69,1746.49
110.0,8.0,3.0,723.359,1378.18,1044.78,1746.84
111.0,8.0,3.0,724.349,1377.26,1044.57,1747.4
112.0,8.0,3.0,720.687,1378.4,1044.66,1745.18
113.0,8.0,3.0,724.593,1377.18,1044.45,1748.06
114.0,8.0,3.0,725.726,1376.73,1044.37,1748.83
115.0,8.0,3.0,725.174,1377.45,1045.01,1747.84
116.0,8.0,3.0,726.129,1376.18,1045.22,1748.39
117.0,8.0,3.0,725.643,1376.32,1044.72,1749.27
118.0,8.0,3.0,724.761,1375.76,1044.66,1749.81
119.0,8.0,3.0,725.668,1377.62,1045.28,1748.79
120.0,8.0,3.0,725.898,1377.85,1045.04,1748.81
121.0,8.0,3.0,725.336,1379.84,1045.01,1748.53
122.0,8.0,3.0,724.733,1378.6,1045.06,1748.75
123.0,8.0,3.0,723.286,1379.71,1045.16,1748.33
124.0,8.0,3.0,722.42,1379.17,1044.96,1748.65
125.0,8.0,3.0,723.211,1377.72,1044.33,1749.83
126.0,8.0,3.0,723.443,1378.59,1044.63,1749.35
127.0,8.0,3.0,724.885,1378.11,1044.28,1749.69
128.0,8.0,3.0,724.971,1377.88,1044.8,1749.18
129.0,8.0,3.0,725.679,1377.63,1044.02,1750.54
130.0,8.0,3.0,725.258,1377.53,1044.38,1750.14
131.0,8.0,3.0,725.786,1377.42,1044.19,1750.46
132.0,8.0,3.0,725.957,1376.96,1044.28,1750.63
133.0,8.0,3.0,725.371,1377.96,1044.14,1750.42
134.0,8.0,3.0,718.116,1375.83,1048.65,1766.74
135.0,8.0,3.0,717.044,1376.36,1048.12,1767.36
136.0,8.0,3.0,717.511,1376.18,1047.99,1767.22
137.0,8.0,3.0,717.296,1376.94,1048.13,1766.93
138.0,8.0,3.0,716.874,1377.16,1047.53,1767.91
139.0,8.0,3.0,716.2,1377.45,1047.2,1768.11
140.0,8.0,3.0,716.453,1376.41,1047.32,1767.69
141.0,8.0,3.0,716.69,1377.3,1047.53,1767.73
142.0,8.0,3.0,719.497,1375.6,1048.11,1767.7
143.0,8.0,3.0,719.082,1374.55,1048.94,1766.94
144.0,8.0,3.0,718.445,1374.87,1049.36,1767.45
145.0,8.0,3.0,718.44,1374.22,1049.56,1766.78
146.0,8.0,3.0,718.927,1375.99,1050.23,1765.7
147.0,8.0,3.0,717.841,1377.48,1051.07,1765.23
148.0,8.0,3.0,717.119,1377.4,1051.06,1765.48
