2,1,3,1897.12,2198.27,3.53366,163.63
2,2,0,679.802,953.9,168.239,417.503
2,3,3,649.202,1186.07,760.81,1203.59
2,5,3,2.3872,457.562,149.44,390.718
2,6,0,1603.56,1734.9,1.875,167.163
2,7,3,1666.25,2004.52,0,123.173
3,1,3,1895.67,2196.63,4.39904,163.197
3,2,0,779.979,1051.61,168.21,417.475
3,3,3,650.246,1184.63,760.89,1204.21
3,5,3,21.966,578.586,161.701,383.597
3,6,0,1603.17,1735.29,0.504806,170.553
3,7,3,1667.5,2006.35,0,121.983
3,8,0,1268.99,1374.09,0,142.788
4,1,3,1897.5,2194.81,5.55288,162.909
4,2,0,878.633,1149.08,165.384,417.033
4,3,3,648.857,1184.94,762.049,1204.83
4,5,3,146.831,676.699,150.999,367.622
4,6,0,1610.82,1746.11,4.32693,169.615
4,7,3,1665.29,2008.56,0,121.695
4,8,0,1267.74,1378.41,8.61779,148.738
5,1,3,1896.73,2195.58,4.83173,163.053
5,2,0,973.418,1239.28,166.036,415.544
5,3,3,648.709,1185.71,763.158,1205.08
5,5,3,217.535,783.335,141.528,369.158
5,6,0,1611.35,1745.58,5.04807,169.327
5,7,3,1662.02,2011.83,0,120.974
5,8,0,1266.06,1380.1,5.55288,150.793
6,1,3,1896.06,2196.25,3.60577,163.99
6,2,0,1067.89,1332.71,164.088,414.023
6,3,3,648.225,1184.18,762.069,1206.8
6,5,3,359.306,888.657,137.164,368.604
6,6,0,1612.88,1747.12,4.83173,169.543
6,7,3,1663.75,2007.02,0,120.397
6,8,0,1265.67,1380.48,3.31731,152.452
6,12,1,941.25,2150,1409.75,1920
7,1,3,1897.02,2195.29,3.60577,162.548
7,2,0,1160.81,1417.8,161.838,413.119
7,3,3,649.067,1184.24,761.38,1206.11
7,5,3,458.417,997.122,127.012,363.825
7,6,0,1610.62,1746.3,4.03846,168.173
7,7,3,1664.04,2006.73,0,121.911
7,8,0,1268.41,1382.36,3.82212,151.659
7,12,1,998.125,2100,1309.51,1920
8,1,3,1895.77,2196.54,3.75,162.837
8,2,0,1246.44,1504.12,162.702,406.311
8,3,3,648.869,1186.13,761.22,1205.09
8,5,3,572.168,1112.32,115.844,358.844
8,6,0,1605,1733.46,3.24519,165.216
8,7,3,1616.44,1989.71,0,121.839
8,8,0,1263.61,1410.24,0,156.418
8,12,1,1025,2060,1227.98,1919.38
9,1,3,1896.63,2198.75,3.17307,162.404
9,2,0,1335.43,1594.5,158.328,392.948
9,3,3,648.274,1185.67,761.019,1205.75
9,5,3,678.855,1221.78,107.858,356.438
9,6,0,1604.04,1731.35,2.37981,166.082
9,7,3,1665,2002.69,0,123.498
9,8,0,1270.29,1377.4,3.4976,150.829
9,12,1,1038.75,2055,1104.36,1920
9,13,0,1356.73,1470.96,1.29807,164.423
10,1,3,1896.25,2199.13,3.38943,162.188
10,2,0,1425.59,1668.86,152.513,387.937
10,3,3,649.066,1185.94,761.182,1207.55
10,5,3,792.716,1336.18,104.658,353.344
10,6,0,1611.88,1748.12,5.12019,167.524
10,7,3,1666.15,2004.62,0,120.433
10,8,0,1270.29,1377.4,3.4976,150.829
10,12,1,1070,2015,1030.3,1920
10,13,0,1356.73,1470.96,1.29807,164.423
11,1,3,1894.23,2198.08,3.96634,163.918
11,2,0,1511.84,1752.72,163.758,386.218
11,3,3,650.605,1186.04,762.663,1205.45
11,5,3,900.337,1443.8,103.182,349
11,6,0,1613.37,1746.63,4.11057,168.678
11,7,3,1672.98,2013.17,0,122.272
11,12,1,1098.75,2015,983.759,1920
12,1,3,1893.46,2198.85,3.46154,163.558
12,2,0,1591.37,1830.75,152.797,383.78
12,3,3,650.523,1185.82,761.387,1206.88
12,5,3,1018.96,1554.51,106.059,343.842
12,6,0,1606.92,1750,6.41827,169.832
12,7,3,1676.06,2007.02,0,119.062
12,12,1,1126.25,2000,931.284,1920
13,1,3,1892.88,2199.42,3.67789,161.899
13,2,0,1677.83,1904.22,155.129,380.321
13,3,3,650.097,1183.31,760.479,1207.17
13,5,3,1131.89,1656.36,110.184,339.039
13,6,0,1609.09,1747.84,6.41827,171.418
13,7,3,1670.58,2006.35,0,119.243
13,12,1,1168.75,2025,888.987,1916.41
14,1,3,1890.58,2201.73,1.875,162.26
14,2,0,1751.1,1980.6,148.11,380.847
14,3,3,653.002,1183.62,762.382,1207.55
14,5,3,1244.34,1761.68,110.262,341.787
14,6,0,1617.88,1745.19,14.2067,164.784
14,7,3,1661.54,2012.31,0.829325,111.094
14,12,1,1191.88,2020,826.555,1917.44
15,1,3,1887.69,2201.54,1.51443,165.072
15,2,0,1838.48,2051.15,151.288,375.164
15,3,3,650.9,1187.51,761.64,1206.37
15,5,3,1353.93,1868.38,90.3544,333.725
15,6,0,1617.88,1745.19,14.2067,164.784
15,7,3,1661.54,2012.31,0.829325,111.094
15,12,1,1235,2020,765.953,1920
16,1,3,1888.27,2200.96,2.59615,164.712
16,2,0,1912.86,2131.41,148.941,372.053
16,3,3,649.465,1188.18,759.702,1203.68
16,5,3,1459.64,1972.2,83.436,331.137
16,12,1,1251.25,2022.5,719.627,1913.06
17,1,3,1894.81,2197.5,2.59616,155.481
17,2,0,1981.9,2198.08,143.185,368.927
17,3,3,648.635,1188.14,761.617,1203.1
17,5,3,1571.94,2066.92,82.4246,321.693
17,8,0,1269.13,1375.48,1.11779,139.363
17,12,1,1274.38,2022.5,687.539,1841.29
18,1,3,1888.08,2198.08,4.6875,163.341
18,2,0,2051.01,2273.65,137.464,369.974
18,3,3,649.915,1187.7,762.077,1206.16
18,5,3,1674.65,2181.74,73.8869,315.666
18,8,0,1268.08,1371.92,0,139.796
18,12,1,1311.25,2015,639.151,1760.55
19,1,3,1904.23,2194.23,4.57932,109.507
19,2,0,2125.29,2345.26,137.649,363.391
19,3,3,650.225,1187.1,761.081,1205.49
19,5,3,1760.97,2272.41,78.2747,306.099
19,6,0,1603.94,1731.44,1.08173,163.774
19,7,3,1606.54,1996.54,2.19952,119.964
19,8,0,1266.3,1366.01,0,141.31
19,12,1,1333.75,2030,611.903,1690.34
19,13,0,1355.48,1475.29,3.38942,165.505
19,15,3,1771.25,2540,1525.95,1915.88
20,1,3,1889.71,2196.44,1.98318,124.507
20,2,0,2196.46,2415.14,136.582,364.818
20,3,3,650.374,1188.16,761.148,1206.53
20,5,3,1871.44,2358.87,77.7388,297.934
20,6,0,1605.24,1733.22,1.08173,163.63
20,7,3,1659.81,2017.12,1.47837,115.637
20,8,0,1268.05,1362.72,0,142.103
20,12,1,1357.5,2041.25,573.18,1620.23
20,13,0,1355.48,1475.29,3.38942,165.505
20,15,3,1780,2512.5,1456.17,1918.55
21,1,3,1893.27,2205.19,3.53366,156.418
21,2,0,2269.97,2482.77,126.628,361.936
21,3,3,651.776,1187.86,760.841,1204.71
21,5,3,1957.9,2423.74,66.6703,293.191
21,6,0,1604.62,1724.62,3.31731,160.385
21,7,3,1664.71,2009.13,0,118.197
21,8,0,1269.38,1369.09,0.649037,140.841
21,12,1,1376.25,2048.75,553.852,1548.39
21,15,3,1786.25,2493.75,1378.39,1920
21,16,0,664.338,836.452,620.478,979.401
22,1,3,1895.87,2199.52,4.11057,159.014
22,2,0,2331.5,2552.14,130.563,360.702
22,3,3,648.929,1187.38,761.972,1202.6
22,5,3,2043.64,2468.59,60.1879,288.04
22,6,0,1605.82,1729.57,2.74038,161.683
22,7,3,1665.29,2011.63,0,121.983
22,8,0,1266.39,1368.99,0,140.661
22,12,1,1404.63,2053.41,519.844,1470.12
22,15,3,1825,2467.5,1316.15,1906.09
22,16,0,662.911,839.321,619.591,986.835
23,1,3,1890.58,2192.5,3.10096,165.216
23,2,0,2402.98,2560,126.595,365.609
23,3,3,651.103,1184.97,761.008,1201.85
23,5,3,2120.83,2545.84,58.3726,284.065
23,6,0,1605.58,1729.81,2.23557,164.062
23,7,3,1671.63,2002.21,0,121.875
23,8,0,1266.39,1368.99,0,140.661
23,12,1,1452.09,2044.26,481.057,1412.04
23,15,3,1841.25,2463.75,1242.18,1833.49
23,16,0,662.911,839.321,619.591,986.835
24,1,3,1896.25,2196.06,2.88462,167.019
24,2,0,2475.84,2560,123.894,358.125
24,3,3,650.687,1184.94,760.705,1203.38
24,5,3,2210.81,2552.23,56.0497,271.828
24,6,0,1606.25,1719.9,3.31731,161.25
24,7,3,1625.29,1980.87,0,119.495
24,12,1,1456.18,2062.98,450.683,1378.04
24,15,3,1822.5,2450,1197.14,1745.52
25,1,3,1894.62,2194.62,2.95673,166.37
25,2,0,2475.84,2560,123.894,358.125
25,3,3,650.01,1186.36,763.549,1201.81
25,5,3,2284.54,2554.59,46.7034,268.62
25,6,0,1604.42,1721.73,3.10096,162.188
25,7,3,1665.77,2005,0,120.144
25,12,1,1480.68,2078.95,401.839,1321.98
25,15,3,1828.75,2436.25,1156.8,1668.03
25,17,3,1044.38,2047.5,1654.89,1914.19
26,1,3,1892.88,2193.27,3.53366,164.495
26,3,3,650.384,1185.16,761.652,1204.22
26,5,3,2352.28,2559.93,36.2741,278.815
26,6,0,1604.71,1730.67,1.94711,165.938
26,7,3,1670.58,2003.27,0,122.632
26,12,1,1498.45,2073.8,372.247,1287.46
26,15,3,1860.78,2423.55,1089.26,1623.62
26,17,3,1101.88,2017.5,1568.41,1920
27,1,3,1894.81,2191.35,4.11057,164.062
27,3,3,649.448,1186.06,761.916,1204.59
27,5,3,2417.26,2560,33.2452,253.63
27,6,0,1607.79,1721.44,2.95673,164.928
27,7,3,1669.23,2001.54,0,122.452
27,12,1,1528.9,2081.73,365.549,1229.31
27,15,3,1859.62,2429.66,1041.16,1561.74
27,17,3,1130,2000,1478.18,1920
28,1,3,1895.19,2190.96,4.11057,163.053
28,3,3,650.741,1186.3,761.607,1204.71
28,5,3,2478.25,2560,35.4087,245.553
28,6,0,1606.39,1722.84,2.23557,164.639
28,7,3,1672.5,2001.35,0,123.534
28,8,0,1270.72,1372.36,0,142.861
28,12,1,1545.65,2089.38,329.655,1200.83
28,15,3,1875.3,2402.43,994.72,1497.56
28,17,3,1178.75,1997.5,1406.88,1920
29,1,3,1895.19,2190.96,4.11057,163.053
29,3,3,649.519,1185.74,762.084,1204
29,5,3,2478.25,2560,35.4087,245.553
29,6,0,1605.82,1726.49,1.51442,165.505
29,7,3,1675,1998.85,0,124.038
29,8,0,1270.43,1374.18,0.216351,142.212
29,12,1,1568.68,2096.84,321.257,1135.66
29,15,3,1874.75,2401.11,949.019,1440.21
29,17,3,1196.88,1977.5,1329.71,1911.43
30,1,3,1893.56,2189.52,4.6875,161.755
30,3,3,649.02,1185.63,761.034,1205.22
30,6,0,1606.59,1722.64,1.875,165.433
30,7,3,1676.92,1996.92,0,123.822
30,8,0,1264.71,1379.9,4.18269,152.452
30,12,1,1584,2105.37,307.704,1105.57
30,15,3,1879.2,2400.45,911.658,1395.47
30,17,3,1211.88,1982.5,1261.14,1917.18
31,1,3,1894.81,2191.35,4.03846,162.692
31,3,3,648.693,1186.35,761.144,1204.14
31,6,0,1606.44,1719.71,1.15384,160.817
31,7,3,1670.19,2000.58,0,123.137
31,8,0,1263.85,1373.08,3.10096,155.264
31,12,1,1598.45,2124.55,290.009,1073.4
31,15,3,1884.17,2391.6,875.646,1330.26
31,17,3,1246.25,1971.25,1183.17,1920
32,1,3,1892.98,2193.17,3.82211,161.611
32,3,3,648.268,1185.14,761.73,1204.51
32,6,0,1604.28,1718.8,0.793269,162.909
32,7,3,1680.29,1999.71,0,120.397
32,8,0,1259.71,1375.67,1.37019,156.418
32,12,1,1616.55,2142.01,264.224,1028.17
32,15,3,1888.4,2391.02,837.539,1286.86
32,17,3,1276.11,1974.88,1100.77,1895.34
32,19,0,2519.55,2560,1307.5,1906.77
33,1,3,1891.92,2191.15,3.31731,161.538
33,3,3,649.536,1184.97,760.69,1204.23
33,6,0,1605.38,1705.38,1.80288,161.755
33,7,3,1680.96,1995.96,0,121.118
33,8,0,1257.64,1366.97,1.37019,156.851
33,12,1,1643.34,2150.52,257.031,1001.09
33,13,0,1356.49,1475.82,4.75962,170.192
33,15,3,1893.21,2388.52,806.613,1239.98
33,17,3,1299.33,1983.9,1050.44,1774.43
33,19,0,2519.55,2560,1307.5,1906.77
34,1,3,1889.33,2196.83,3.17307,164.423
34,3,3,648.747,1188.51,761.062,1208.08
34,6,0,1603.56,1728.75,0,161.611
34,7,3,1675.38,2001.54,0,121.514
34,8,0,1254.86,1375.91,2.66827,154.832
34,12,1,1663.88,2170.57,256.301,964.817
34,13,0,1356.49,1475.82,4.75962,170.192
34,15,3,1892.61,2384.31,767.156,1197.16
34,17,3,1321.55,1990.27,992.813,1685.17
34,20,3,1700.42,2509.31,1669.38,1919.1
35,1,3,1887.21,2192.79,2.8125,163.197
35,3,3,650.388,1186.21,761.88,1208.24
35,6,0,1627.12,1739.04,7.06731,169.76
35,7,3,1626.54,1976.54,0,119.423
35,8,0,1250.24,1362.07,5.73317,150.613
35,12,1,1677.27,2179.04,227.421,924.357
35,13,0,1349.18,1470.82,3.46154,174.808
35,15,3,1909.48,2383.73,735.092,1161.43
35,17,3,1346.16,1990.21,950.654,1578.63
35,20,3,1682.5,2490,1584.39,1917.5
36,1,3,1887.88,2192.12,2.8125,163.341
36,3,3,649.972,1186.71,761.59,1206
36,6,0,1606.35,1725.96,3.10096,167.236
36,7,3,1665.87,2007.98,0,114.014
36,8,0,1246.92,1353.08,4.90384,152.308
36,12,1,1696.43,2188.49,211.549,914.551
36,13,0,1354.28,1473.41,3.60577,176.971
36,15,3,1910.18,2381.57,713.098,1114.8
36,17,3,1369.16,1996.75,896.877,1511.4
36,20,3,1678.75,2451.25,1504.9,1915.59
37,1,3,1885.96,2190.96,4.54327,168.678
37,3,3,650.165,1186.77,762.049,1204.83
37,6,0,1609.33,1722.98,3.10096,164.495
37,7,3,1668.27,2005.58,1.1899,115.06
37,8,0,1246.92,1353.08,4.90384,152.308
37,12,1,1716.07,2208.01,188.589,877.825
37,13,0,1354.28,1473.41,3.60577,176.971
37,15,3,1916.88,2378.7,687.767,1066.05
37,17,3,1402.52,1999.33,844.011,1455.72
37,20,3,1681.25,2425,1433.66,1917.97
38,1,3,1882.12,2191.73,1.44231,170.481
38,3,3,647.738,1186.19,760.438,1205.39
38,6,0,1608.85,1720.38,3.10096,163.774
38,7,3,1670.58,2003.27,0.865384,118.269
38,8,0,1243.27,1342.88,5.12019,154.399
38,12,1,1739.86,2224.65,175.115,830.385
38,15,3,1930.61,2377.11,661.841,1039.39
38,17,3,1414.78,1989.01,803.983,1379.23
38,20,3,1686.25,2391.25,1361.62,1919.85
39,1,3,1879.04,2182.5,0.865381,173.221
39,3,3,648.636,1185.25,761.206,1204.1
39,6,0,1607.93,1721.3,3.31731,163.99
39,7,3,1674.62,1996.15,0,122.596
39,8,0,1239.45,1335.94,6.92307,159.952
39,12,1,1759.47,2249.85,165.877,798.742
39,15,3,1928.41,2381.42,629.282,1015.6
39,17,3,1422.42,1994.41,760.259,1335.22
39,20,3,1694.68,2356.9,1290.06,1920
40,1,3,1878.17,2180.29,1.51443,165.361
40,3,3,646.866,1186.89,760.463,1204.76
40,6,0,1610.67,1718.56,3.02884,162.26
40,7,3,1624.71,1981.44,0,122.957
40,8,0,1221.9,1318.1,4.32693,158.51
40,12,1,1785.01,2263.68,152.154,797.344
40,15,3,1934.2,2382.37,613.978,976.532
40,17,3,1435.61,1994.69,720.554,1278.99
40,20,3,1687.5,2342.5,1233.35,1827.05
41,1,3,1872.5,2179.81,1.08173,166.082
41,3,3,647.257,1186.63,761.422,1205.18
41,6,0,1611.01,1721.3,3.38943,163.341
41,7,3,1664.04,2003.65,0.144231,119.279
41,8,0,1203.7,1310.14,3.31731,159.087
41,12,1,1812.98,2279.77,126.163,744.934
41,15,3,1959.33,2383.56,587.098,954.284
41,17,3,1440.39,1982.53,686.593,1201.99
41,20,3,1682.5,2315,1178.72,1728.17
42,1,3,1874.42,2184.04,2.16346,159.231
42,3,3,649.243,1186.12,761.902,1205.98
42,6,0,1610.14,1719.09,4.11057,165.938
42,7,3,1605,1899.62,2.12741,128.401
42,8,0,1181.15,1286.54,3.02884,163.558
42,12,1,1835.42,2291.95,112.553,745.187
42,13,0,1306.8,1402.43,3.17308,187.933
42,15,3,1965.15,2384.34,566.326,921
42,17,3,1428.28,1967.78,648.408,1164.43
42,20,3,1682.5,2291.25,1118.9,1652.24
42,19,0,2455.87,2558.39,873.649,1358.72
43,1,3,1867.4,2181.83,3.75,162.981
43,3,3,647.376,1185.56,761.919,1207.74
43,6,0,1609.25,1698.44,5.33654,160.962
43,7,3,1633.56,1963.37,0,121.947
43,8,0,1155.19,1266.35,4.03846,165.865
43,12,1,1866,2319.31,106.853,709.669
43,13,0,1303.53,1382.62,9.44712,185.841
43,15,3,1968.87,2391.96,545.621,887.459
43,17,3,1419.44,1954.74,617.567,1098.44
43,20,3,1686.25,2280,1065.32,1578.11
43,19,0,2453.34,2557.32,842.161,1299.18
44,1,3,1856.73,2158.65,4.83173,160.024
44,3,3,648.343,1184.43,760.69,1209.68
44,6,0,1609.38,1713.7,3.02884,162.26
44,7,3,1633.85,1966.15,0.685097,118.017
44,8,0,1136.54,1241.92,3.31731,165.865
44,12,1,1888.83,2341.64,93.5043,669.594
44,13,0,1298.61,1386.01,36.9952,201.562
44,15,3,1986.96,2388.22,520.517,847.898
44,17,3,1400.92,1937.79,579.655,1061
44,20,3,1704.26,2259.94,1011.38,1516.43
44,19,0,2442.64,2559.67,810.483,1266.83
45,1,3,1853.75,2158.56,5.33654,167.452
45,3,3,646.661,1186.03,762.005,1207.72
45,6,0,1610.14,1716.01,3.89422,161.25
45,7,3,1630.58,1963.27,0.50481,120.361
45,8,0,1111.49,1220.82,2.01923,172.212
45,12,1,1911.97,2358.08,81.0693,631.046
45,13,0,1269.69,1362.62,37.1394,207.188
45,15,3,1995.93,2396.85,505.194,835.465
45,17,3,1401.31,1918.88,553.425,1028.23
45,20,3,1696.28,2250.19,954.367,1452.93
45,19,0,2438.22,2558.55,783.283,1222.36
45,22,0,2274.6,2548.7,1493.78,1919.15
46,1,3,1844.81,2142.88,4.97596,171.274
46,3,3,648.384,1185.91,762.17,1207.66
46,6,0,1605.82,1732.64,4.39904,168.966
46,7,3,1638.46,1949.23,0.685093,121.55
46,8,0,1092.31,1195.38,2.74039,172.5
46,12,1,1941.01,2379.09,70.7724,600.585
46,13,0,1258.15,1351.08,27.1875,211.082
46,15,3,2002.94,2402.88,489.662,801.25
46,17,3,1393.3,1895.68,524.593,983.219
46,20,3,1710.55,2238.45,909.205,1389.14
46,19,0,2432.33,2558.86,755.315,1188.59
46,22,0,2260.28,2533.64,1415.62,1920
47,1,3,1839.13,2148.56,5.04807,169.615
47,3,3,649.021,1186.02,761.388,1206.99
47,6,0,1608.22,1727.16,4.61539,167.163
47,7,3,1642.02,1951.83,1.58654,122.019
47,8,0,1071.35,1168.65,1.15385,180.288
47,12,1,1969.66,2406.56,68.227,580.737
47,13,0,1241.13,1335.79,33.5337,228.822
47,15,3,2011.94,2409.98,465.132,778.781
47,17,3,1387.77,1880.08,493.988,961.431
47,20,3,1688.4,2224.88,854.524,1323.91
47,19,0,2425.56,2558.1,726.132,1148.75
47,22,0,2228.9,2517.08,1344.27,1917.13
48,1,3,1833.65,2138.65,4.83173,172.572
48,3,3,648.364,1185.5,762.46,1204.7
48,6,0,1603.32,1728.99,3.53366,171.13
48,7,3,1650.77,1949.23,1.37019,123.245
48,8,0,1044.16,1140.46,9.59135,182.524
48,12,1,1999.8,2432.25,58.1396,556.947
48,13,0,1222.28,1310.02,46.4423,229.038
48,15,3,2025.79,2416.46,450.87,756.097
48,17,3,1384.74,1858.99,465.453,916.969
48,20,3,1702.23,2212.27,816.062,1281.23
48,19,0,2418.61,2557.56,703.225,1117.11
48,22,0,2223.02,2463.33,1281.44,1849.65
49,1,3,1826.25,2136.83,4.11057,177.188
49,3,3,649.308,1183.96,762.796,1206.88
49,6,0,1597.5,1719.42,4.97596,168.678
49,7,3,1650.96,1949.04,2.09135,117.909
49,8,0,1022.98,1117.02,0.721149,188.077
49,12,1,2022.07,2451.2,37.5809,611.005
49,13,2,1206.06,1295.48,70.5289,235.529
49,15,3,2034.44,2426.46,409.912,737.213
49,17,3,1388.11,1833.14,436.866,871.828
49,20,3,1694.03,2197.02,773.67,1226.95
49,19,0,2409.82,2559.25,682.791,1076.23
49,22,0,2199.9,2453.53,1223.62,1771.26
50,1,3,1824.42,2135.58,8.4375,178.486
50,3,3,650.184,1185.62,762.513,1206.49
50,6,0,1598.32,1709.38,4.61539,168.462
50,7,3,1653.65,1946.35,1.51443,116.899
50,8,0,996.995,1092.24,4.03846,194.135
50,12,1,2046.97,2472.76,27.4763,522.644
50,13,2,1193.97,1281.42,62.9567,247.139
50,15,3,2056.38,2423.12,414.598,717.412
50,17,3,1385.67,1826.45,416.924,812.013
50,20,3,1724.98,2186.44,736.929,1165.25
50,19,0,2414.78,2557.74,653.208,1048.33
50,22,0,2189.76,2432.05,1158.28,1706.19
51,1,3,1813.65,2112.5,6.05769,182.885
51,3,3,649.537,1185.89,763.068,1205.85
51,6,0,1585.1,1701.06,0,173.942
51,7,3,1688.85,1988.08,3.10096,119.495
51,8,0,975.625,1068.99,1.94711,201.851
51,12,1,2078.22,2511.93,19.166,501.684
51,13,0,1174.76,1266.78,37.4279,245.986
51,15,3,2074.52,2429.72,394.416,694.801
51,17,3,1389.28,1813.88,384.556,816.871
51,20,3,1733.07,2178.94,705.866,1105.71
51,19,0,2402.44,2555.71,634.931,1022.23
51,22,0,2181.01,2418.64,1104.02,1639.76
52,1,3,1809.62,2113.46,6.49038,183.606
52,3,3,648.557,1185.04,762.755,1205.86
52,6,0,1571.73,1689.81,1.94712,177.332
52,7,3,1701.83,1987.4,3.71394,117.296
52,8,0,952.788,1037.98,20.0481,211.875
52,12,1,2105.58,2547.96,8.20418,487.435
52,13,0,1159.59,1257.33,61.5865,255.144
52,15,3,2087.23,2435.3,375.762,669.762
52,17,3,1396.95,1820.79,370.53,759.304
52,20,3,1734.48,2175.8,671.436,1051.76
52,19,0,2407.63,2553.63,609.519,989.045
52,22,0,2176.17,2409.14,1060.72,1577.57
53,1,3,1798.85,2111.92,7.86057,182.812
53,3,3,645.488,1186.31,761.846,1206.58
53,6,0,1561.54,1675.38,2.88462,182.308
53,7,3,1707.88,2070.58,1.80288,104.495
53,8,2,931.466,1014.69,6.5625,235.889
53,12,1,2134.66,2560,0,489.837
53,13,0,1135.7,1233.53,61.226,266.755
53,15,3,2105.01,2449.7,360.533,644.584
53,17,3,1415.74,1826.97,340.137,726.451
53,20,3,1722.3,2171.3,630.117,1019.18
53,19,0,2405.5,2551.54,589.871,959.521
53,22,0,2177.21,2400.93,1015.01,1517.55
54,1,3,1790.38,2105,8.4375,181.514
54,3,3,646.791,1186.56,762.914,1207.97
54,6,0,1551.83,1657.4,7.93269,180.144
54,7,3,1707.88,2070.58,1.80288,104.495
54,8,0,907.308,997.308,16.3702,237.476
54,12,1,2150.38,2560,0,465.839
54,13,2,1116.51,1206.56,75,269.423
54,15,3,2125.86,2459.86,340.078,622.332
54,17,3,1429.12,1843.12,315.289,678.109
54,20,3,1717.58,2157.27,602.13,977.657
54,19,0,2396.78,2549.6,568.993,928.431
54,22,0,2174.68,2395.61,968.83,1461.78
55,1,3,1783.85,2093.08,8.00481,183.822
55,3,3,647.487,1185.41,762.709,1207.66
55,6,0,1532.93,1642.45,5.33654,186.202
55,8,0,881.779,965.913,19.4712,254.712
55,12,1,2210.32,2559.12,0,466.724
55,13,0,1085.87,1189.52,79.399,277.716
55,15,3,2142.65,2473.16,325.105,597.675
55,17,3,1458.22,1866.99,291.362,666.614
55,20,3,1748.31,2152.27,566.321,928.344
55,19,0,2393.91,2550.73,548.752,907.27
55,22,0,2175.64,2389.43,938.622,1401.7
56,1,3,1777.31,2087.31,8.50962,186.779
56,3,3,647.491,1185.28,763.08,1206.51
56,6,0,1515.34,1621.59,3.38943,194.639
56,8,0,851.082,935.072,16.4423,250.673
56,12,1,2240.93,2560,7.54553,443.792
56,13,0,1064.81,1164.42,77.1635,284.856
56,15,3,2167.42,2491.62,309.311,585.734
56,17,3,1481.2,1900.34,266.702,610.297
56,20,3,1742.19,2149.28,542.51,890.75
56,19,0,2401.26,2548.44,535.604,876.87
56,22,0,2178.28,2385.19,885.533,1355.45
57,1,3,1772.69,2076.54,7.06731,191.971
57,3,3,648.2,1187.31,761.902,1206.64
57,6,0,1489.9,1603.94,2.74038,196.154
57,8,0,824.447,914.015,33.2452,243.678
57,12,1,2279.91,2560,0,359.435
57,13,0,1039.04,1140.96,90.7211,295.817
57,15,3,2179.91,2528.66,291.161,567.179
57,17,3,1519.3,1931.18,246.726,596.927
57,20,3,1753.03,2152.24,508.038,850.126
57,19,0,2405.23,2546.19,516.771,853.383
57,22,0,2174.92,2391.1,855.279,1298.83
57,25,0,1205.99,1290.94,1.44231,169.183
58,1,3,1748.65,2060.58,11.7548,195.361
58,3,3,646.776,1185.49,763.151,1209.08
58,6,0,1464.52,1580.1,5.69711,195.361
58,8,0,795.529,886.01,63.3894,274.111
58,12,1,2321.52,2560,0,382.347
58,13,0,1015.24,1109.37,89.8558,306.49
58,15,3,2205.47,2546.39,279.549,547.59
58,17,3,1554.07,1969.64,227.082,570.844
58,20,3,1769.85,2145.74,482.375,812.001
58,19,0,2409.35,2551.79,498.302,838.487
58,22,0,2185.58,2386.74,819.625,1262.58
58,25,0,1188.22,1281.01,5.76923,173.077
58,26,0,1902,2161.77,1481.07,1920
59,1,3,1743.17,2041.44,12.476,198.822
59,3,3,650.244,1185.81,761.309,1203.44
59,6,0,1443.03,1552.36,12.9087,193.197
59,8,0,763.702,859.375,51.4183,291.851
59,12,1,2355.68,2559.96,9.43522,346.746
59,13,2,985.673,1077.4,93.6779,314.207
59,15,3,2232.24,2557.79,265.882,526.773
59,17,3,1599.17,2015.93,199.994,530.507
59,20,3,1777.1,2154.92,446.471,774.972
59,19,0,2419.31,2554.71,476.487,807.839
59,22,0,2186.83,2385.79,782.852,1215.54
59,25,0,1166.63,1261.06,1.29807,176.971
59,26,0,1896.58,2149.89,1410.85,1919.2
60,1,3,1726.15,2036.92,13.7019,192.26
60,3,3,649.002,1184.3,760.485,1203.92
60,6,0,1413.99,1526.01,33.2452,206.322
60,8,0,734.567,829.279,61.6587,298.341
60,12,1,2396.04,2560,2.16046,320.275
60,13,0,972.163,1075.53,102.404,327.115
60,15,3,2261.68,2558.7,251.127,509.31
60,17,3,1650.5,2061.98,181.575,492.139
60,20,3,1795.44,2179.59,420.991,741.726
60,19,0,2429.25,2554.44,459.521,781.621
60,22,0,2195.81,2394.56,751.95,1175.5
60,25,0,1144.86,1241.3,5.76923,179.135
60,26,0,1905.35,2140.99,1325.66,1909.91
61,1,3,1733.17,2017.6,18.4615,180.721
61,3,3,649.397,1184.18,761.652,1204
61,6,0,1388.22,1496.39,39.5914,201.995
61,8,0,702.644,799.664,97.8606,305.12
61,12,1,2430.34,2555.22,0,350.165
61,13,0,945.673,1052.79,113.293,339.303
61,15,3,2292.93,2556.46,239.418,504.953
61,17,3,1700.11,2108.93,162.655,461.03
61,20,3,1819.43,2183.22,397.62,707.464
61,19,0,2436.82,2554.65,435.615,767.392
61,22,0,2199.27,2392.93,721.707,1131.87
61,25,0,1126.3,1219.86,3.46154,183.462
61,26,0,1914.56,2147.09,1261.44,1815
62,1,3,1691.25,2010.29,20.3365,206.827
62,3,3,648.494,1184.32,762.253,1203.2
62,6,0,1356.15,1468.46,34.7596,213.75
62,8,0,667.26,762.74,96.7067,322.428
62,12,1,2480,2560,17.2356,307.861
62,13,0,923.245,1019.83,114.375,350.913
62,15,3,2320.53,2557.82,225.511,477.836
62,17,3,1750.02,2159.7,146.066,429.909
62,20,3,1844.43,2205.66,371.441,675.292
62,19,0,2447.07,2559.18,421.55,750.766
62,22,0,2216.39,2394.62,691.153,1093.43
62,25,0,1096.49,1201.97,5.91346,191.25
62,26,0,1933.91,2155.93,1200,1728.08
62,7,3,1537.98,1865.1,1.47836,127.031
63,1,3,1682.12,1991.73,19.4712,191.971
63,3,3,648.813,1185.82,761.109,1202.7
63,6,0,1322.4,1442.21,37.9327,221.683
63,8,0,627.115,730.577,111.418,323.87
63,12,1,2514.31,2559.53,2.52404,257.236
63,13,0,899.087,1002.45,130.096,366.346
63,15,3,2356.01,2556.82,210.106,472.291
63,17,3,1816.01,2215.85,124.176,417.209
63,20,3,1860.69,2227.25,346.139,640.497
63,19,0,2464.94,2557.97,400.647,729.661
63,22,0,2231.47,2402.12,663.052,1054.63
63,25,0,1078.51,1179.95,10.3125,192.043
63,26,0,1951.54,2173.04,1130.85,1659.96
63,7,3,1521.15,1872.69,0.396638,129.555
64,1,3,1659.99,1987.45,11.1589,215.604
64,3,3,649.274,1185.23,761.654,1205.09
64,6,0,1289.9,1403.94,32.2356,236.899
64,8,0,585.817,691.106,126.995,353.293
64,12,1,2514.31,2559.53,2.52404,257.236
64,13,0,871.154,971.923,131.25,381.346
64,15,3,2395.3,2560,193.469,451.526
64,17,3,1875.13,2272.73,96.0018,405.468
64,20,3,1889.73,2235.52,321.172,613.169
64,19,0,2480.38,2559.62,398.942,715.673
64,22,0,2233.83,2411.49,634.694,1014.8
64,25,0,1050.19,1159.04,0.9375,202.572
64,26,0,1975.2,2186.24,1074.21,1578.11
64,7,3,1513.27,1877.5,0.0360632,128.906
65,1,3,1648.1,1968.99,10.8591,219.387
65,3,3,647.573,1185.36,761.745,1203.77
65,6,0,1258.46,1370.77,30.0721,248.005
65,8,0,552.788,659.519,130.673,362.308
65,13,0,835.577,949.038,150,395.769
65,15,3,2433.56,2560,178.125,425.337
65,17,3,1934.32,2330.96,92.3016,363.411
65,20,3,1921.2,2271.23,296.953,575.918
65,19,0,2489.42,2559.81,370.529,701.394
65,22,0,2247.79,2418.15,606.968,987.91
65,25,0,1024.13,1129.71,4.75962,208.269
65,26,0,2001.93,2199.8,1020.19,1512.3
65,7,3,1495,1895.77,1.65866,129.159
66,1,3,1631.08,1970.84,12.3628,226.855
66,3,3,647.707,1186.55,762.699,1202.25
66,6,0,1222.64,1329.66,58.7019,250.817
66,8,0,514.952,618.894,138.101,373.341
66,13,2,812.644,916.587,163.774,407.38
66,15,3,2473.46,2557.31,145.817,410.337
66,17,3,1999.85,2390.72,71.2262,348.528
66,20,3,1957.01,2297.26,279.616,550.098
66,19,0,2498.61,2559.86,360.721,692.163
66,22,0,2256.26,2428.33,581.819,954.05
66,25,0,997.885,1102.12,1.37019,209.495
66,26,0,2017.05,2218.31,974.68,1442.3
66,7,3,1477.88,1835.96,0,133.63
66,30,0,2350.67,2557.94,1434.59,1911.2
67,1,3,1623.58,1958.56,14.0902,229.606
67,3,3,650.187,1186.01,761.662,1202.18
67,6,0,1191.39,1302.45,57.1154,259.327
67,8,0,473.99,578.317,149.423,393.75
67,13,2,789.76,901.01,179.279,425.913
67,15,3,2506.56,2558.05,133.918,415.889
67,17,3,2056.91,2452.1,56.6805,329.018
67,20,3,1993.75,2319.21,250.703,519.564
67,19,0,2518.82,2558.1,335.481,659.711
67,22,0,2272.36,2426.11,558.166,912.399
67,25,0,975.096,1072.6,6.41827,226.082
67,26,0,2035.52,2225.06,919.055,1379.43
67,7,3,1477.88,1835.96,0,133.63
67,30,0,2334.26,2555.43,1368.79,1917.23
68,1,3,1543.96,1947.14,8.00193,211.153
68,3,3,648.512,1185.52,762.615,1202.38
68,6,0,1157.6,1263.94,60.4327,273.029
68,8,0,433.269,539.038,158.798,397.067
68,13,2,753.702,857.067,186.707,437.524
68,15,3,2506.56,2558.05,133.918,415.889
68,17,3,2123.42,2536.61,37.6699,322.52
68,20,3,2030.52,2360.31,229.347,493.684
68,19,0,2530.44,2558.79,309.808,626.539
68,22,0,2292.52,2444.63,536.191,891.876
68,25,0,940.192,1047.5,14.9279,229.976
68,26,0,2053.7,2235.35,879.428,1313.39
68,30,0,2317.36,2544.93,1300.77,1913.06
69,1,3,1548.97,1936.04,18.7006,218.971
69,3,3,647.96,1185.88,762.732,1203.57
69,6,0,1122.4,1231.44,61.4423,283.558
69,8,0,379.952,496.971,165.216,399.303
69,13,0,715.096,829.519,198.606,452.163
69,17,3,2165.89,2547.23,31.5954,276.47
69,20,3,2069.42,2395.69,209.872,468.464
69,19,0,2530.44,2558.79,309.808,626.539
69,22,0,2281.15,2433.64,512.255,858.304
69,25,0,909.712,1014.9,16.8029,239.784
69,26,0,2070.52,2241.25,826.749,1254.61
69,30,0,2296.14,2531.29,1240.46,1833.33
69,31,1,1925.79,2504.3,0,127.014
70,1,3,1539.55,1913.06,21.6049,228.738
70,3,3,650.336,1186.82,762.199,1203.26
70,6,0,1086.15,1198.46,64.3269,293.077
70,8,0,379.952,496.971,165.216,399.303
70,13,2,677.74,791.49,210.216,468.822
70,17,3,2268.01,2560,21.2642,280.395
70,20,3,2107.69,2432.52,184.567,445.952
70,22,0,2295.65,2454.55,488.251,832.089
70,25,0,878.462,983.077,21.9952,240.938
70,26,0,2082.69,2258.55,784.813,1201.34
70,30,0,2281.56,2513.21,1185.64,1759.99
70,31,1,1945.72,2510.83,0,133.836
71,1,3,1542.16,1896.32,26.3771,242.129
71,3,3,648.802,1186.72,761.692,1203.61
71,6,0,1051.11,1164.28,91.875,304.76
71,13,0,625.77,775.964,221.647,489.526
71,17,3,2338.69,2559.81,10.8275,251.716
71,20,3,2148.8,2469.15,174.997,427.345
71,22,0,2297.99,2457.68,467.064,804.127
71,25,0,843.702,954.76,24.8077,250.385
71,26,0,2083.05,2266.13,747.391,1151.99
71,30,0,2261.73,2494.79,1130.17,1696.3
71,31,1,1945.72,2510.83,0,133.836
72,1,3,1545.17,1864.34,38.2538,260.583
72,3,3,648.118,1184.86,762.2,1203.58
72,6,0,1012.69,1130.38,95.9135,315.721
72,13,2,608.462,720.769,240.072,505.312
72,17,1,2399.04,2560,26.1784,332.48
72,20,3,2189.94,2521.83,150.912,404.27
72,22,0,2316.77,2456.8,453.81,777.289
72,25,0,808.606,914.471,40.024,264.591
72,26,0,2091.37,2265.09,711.944,1101.9
72,30,0,2248.46,2468.1,1091.91,1634.1
72,32,3,1377.5,2292.5,1497.62,1913.96
73,1,3,1525.48,1853.82,40.3335,259.965
73,3,3,648.344,1185.08,761.522,1204.85
73,6,0,974.904,1088.17,91.5865,333.029
73,13,2,562.5,683.654,246.562,519.591
73,17,1,2399.04,2560,26.1784,332.48
73,20,3,2239.68,2543.82,126.593,382.892
73,22,0,2324.47,2471.97,430.28,744.573
73,25,0,770.529,884.856,36.3462,271.731
73,26,0,2100.65,2270.26,675.214,1053.75
73,7,3,1311.16,1944.98,0,151.611
73,30,0,2241.35,2460.32,1048.04,1572.13
73,32,3,1396.25,2255,1412.09,1919.91
74,1,3,1489.85,1840.39,35.1071,269.333
74,3,3,648.378,1185.38,762.642,1205.64
74,6,0,931.587,1054.57,104.784,346.37
74,8,0,152.74,273.798,239.928,512.957
74,13,2,523.029,641.587,259.327,543.75
74,20,3,2285.47,2550.94,122.383,356.545
74,22,0,2330.08,2480.97,414.466,719.909
74,25,0,736.731,857.115,38.6539,285.577
74,26,0,2107.4,2279.14,641.681,1008.61
74,7,3,1310.53,1761.98,0,177.356
74,30,0,2234.82,2447.08,997.357,1520.05
74,32,3,1398.75,2217.5,1338.51,1904.91
75,1,3,1475.94,1819.62,43.9708,266.925
75,3,3,648.069,1185.07,762.965,1205.75
75,6,0,895.481,1018.37,119.135,357.692
75,8,0,95.8654,215.865,251.178,543.245
75,13,2,481.202,593.413,274.76,558.894
75,20,3,2333.74,2556.35,106.382,347.212
75,22,0,2345.15,2493.63,394.255,696.397
75,25,0,701.827,819.711,62.9567,289.832
75,26,0,2118.83,2278.87,605.005,969.502
75,7,3,1278.01,1749.23,0,175.198
75,30,0,2225.28,2430.26,954.797,1468.01
75,32,3,1390,2187.5,1276.01,1920
76,1,3,1460.07,1797.76,51.6392,270.495
76,3,3,648.668,1186.06,761.343,1206.4
76,6,0,856.442,982.019,128.51,375.144
76,8,0,44.3269,165.096,278.365,555.289
76,13,2,436.43,575.914,291.15,577.352
76,20,3,2379.67,2560,64.0929,332.43
76,22,0,2361.04,2496.6,372.69,675.718
76,25,0,664.952,787.356,94.6154,314.135
76,26,0,2126.56,2287.58,581.135,921.548
76,7,3,1246.19,1796.86,2.31311,168.952
76,30,0,2221.44,2421.5,920.824,1408.86
76,32,3,1412.5,2162.5,1180.05,1920
77,1,3,1442.34,1773.82,56.788,277.36
77,3,3,649.511,1186.12,761.531,1205.4
77,6,0,814.952,937.356,136.298,396.779
77,8,0,1.875,111.683,285,578.077
77,13,2,417.163,518.99,307.933,604.76
77,20,3,2430.77,2560,63.8942,322.356
77,22,0,2377.05,2524.31,352.125,641.63
77,25,0,629.038,737.885,96.4904,316.875
77,26,0,2135.69,2295.34,547.765,887.887
77,7,3,1226.56,1686.3,4.96729,175.892
77,30,0,2215.52,2414.48,879.672,1350.85
77,32,3,1410,2151.25,1123.73,1904.13
78,1,3,1406.36,1739.46,62.6515,281
78,3,3,648.157,1185.68,762.212,1206.29
78,6,0,774.038,895.192,158.221,415.817
78,8,0,1.44231,53.7019,307.356,612.836
78,13,0,325.772,495.88,332.157,624.146
78,20,3,2486.51,2559.64,47.524,288.822
78,22,0,2397.09,2548.43,337.793,625.185
78,25,0,587.644,706.971,96.851,328.341
78,26,0,2149.41,2299.78,521.275,851.739
78,7,3,1194.12,1699.1,0.882204,183.275
78,30,0,2213.14,2410.84,845.257,1311.29
78,32,3,1408.75,2116.25,1086.78,1783.6
79,1,3,1386.4,1728.16,70.7696,289.145
79,3,3,648.768,1185.9,763.252,1205.06
79,6,0,732.356,858.413,168.029,430.817
79,8,0,1.44231,53.7019,307.356,612.836
79,13,0,325.772,495.88,332.157,624.146
79,20,3,2486.51,2559.64,47.524,288.822
79,22,0,2434.28,2553.41,313.63,601.37
79,25,0,550.096,664.519,123.822,338.293
79,26,0,2170.53,2311.11,497.21,808.487
79,7,3,1161.13,1711,5.36038,185.189
79,30,0,2218.68,2403.24,808.172,1267.87
79,32,3,1415.4,2108.39,1022.19,1714.8
80,1,3,1360.6,1703.36,75.5818,295.482
80,3,3,650.232,1186.58,763.397,1206.18
80,6,0,684.327,813.365,179.856,447.26
80,22,0,2453.46,2558.85,297.115,582.115
80,25,0,512.404,629.135,132.981,350.192
80,26,0,2186.76,2322.29,467.17,779.36
80,7,3,1131.15,1581.55,4.5117,199.237
80,30,0,2214.02,2406.64,774.439,1232.01
80,32,3,1434.08,2098.89,968.045,1637.95
81,1,3,1333.19,1666.95,78.9324,308.656
81,3,3,648.577,1186.76,763.306,1208.04
81,6,0,639.856,767.836,197.38,472.428
81,22,0,2491.15,2558.08,273.101,557.091
81,25,0,469.038,589.423,138.534,362.236
81,26,0,2204.31,2336.79,449.924,752.657
81,7,3,1093.36,1615.52,0.189149,204.335
81,30,0,2218.38,2407.96,748.667,1180.31
81,32,3,1447.5,2085.6,916.655,1607.49
82,1,3,1295.68,1645.62,90.0346,316.39
82,3,3,648.482,1184.7,762.06,1207.23
82,6,0,581.09,728.234,212.961,488.334
82,22,0,2519.22,2557.7,254.784,532.139
82,25,0,426.923,546.154,150.288,382.788
82,26,0,2222.22,2356.75,421.953,720.429
82,7,3,1060.97,1611.38,1.6451,209.259
82,30,0,2222.25,2407.36,717.531,1143.1
82,32,3,1459.1,2093.47,886.333,1517.19
83,1,3,1271.3,1616.83,93.5675,319.564
83,3,3,650.736,1187.74,761.07,1206.56
83,6,0,536.669,685.548,227.99,503.698
83,22,0,2519.22,2557.7,254.784,532.139
83,25,0,393.221,509.087,146.899,392.236
83,26,0,2248.37,2367.02,394.904,679.904
83,7,3,1017,1473.01,2.80734,216.959
83,30,0,2223.03,2410.41,691.985,1102.7
83,32,3,1464.06,2096.26,834.885,1448.62
83,13,2,93.2875,238.611,415.649,742.701
84,1,3,1235.24,1578.41,98.3595,326.072
84,3,3,649.618,1186.1,762.748,1205.42
84,6,0,484.383,631.887,252.597,529.858
84,25,0,393.221,509.087,146.899,392.236
84,26,0,2274.28,2393.41,382.716,656.322
84,7,3,977.831,1439.91,0.0931978,223.675
84,30,0,2231.73,2412.37,664.409,1069.3
84,32,3,1499.69,2079.27,808.129,1389.02
84,13,2,41.3359,187.407,432.489,766.929
84,44,3,68.8376,934.956,1706.07,1920
85,1,3,1192.14,1554.78,106.501,341.013
85,3,3,650.359,1185.4,763.302,1205.76
85,6,0,431.827,583.605,261.014,552.291
85,26,0,2300.05,2416.88,347.812,629.495
85,7,3,938.548,1387.91,2.28319,226.493
85,30,0,2239.48,2411.3,638.432,1033.9
85,32,3,1506.63,2082.54,764.723,1351.32
85,13,0,1.40493,141.127,467.917,791.83
85,44,3,109.534,912.521,1643.74,1914.69
85,46,3,1535,1941.92,0.108175,134.531
86,1,3,1159.31,1522.31,112.849,348.308
86,3,3,650.158,1185.85,761.184,1205.92
86,6,0,392.085,526.192,281.61,572.248
86,26,0,2333.17,2451.44,328.918,597.62
86,7,3,897.656,1349.69,0.427165,242.346
86,30,0,2249.47,2413.9,615.857,999.365
86,32,3,1515.06,2085.38,732.935,1289.53
86,13,2,0,98.1365,485.885,861.012
86,44,3,135,938.75,1574.82,1916.08
86,46,3,1518.85,1890.38,1.91106,134.82
86,47,3,2340.67,2560,0,86.6106
87,1,3,1119.61,1486.35,116.881,358.962
87,3,3,649.928,1184.58,759.706,1206.51
87,6,0,392.085,526.192,281.61,572.248
87,26,0,2361.01,2482.07,309.736,582.188
87,7,3,858.292,1376.52,0,252.659
87,30,0,2253.81,2420.47,585.949,960.413
87,32,3,1528.05,2091.23,697.481,1251.77
87,13,2,0,98.1365,485.885,861.012
87,44,3,162.812,948.75,1515.03,1918.03
87,46,3,1476.13,1929.64,0,155.595
87,47,3,2327.21,2558.94,0,90.5409
88,1,3,1077.25,1451.22,127.856,372.223
88,3,3,649.301,1181.61,763.36,1210.82
88,26,0,2396.83,2513.94,287.74,558.606
88,7,3,814.982,1258.23,0,257.103
88,30,0,2257.3,2424.93,565.483,939.719
88,32,3,1546.18,2091.77,668.531,1201.46
88,44,3,190.938,958.75,1461.41,1918.62
88,46,3,1440.16,1994.34,1.92131,153.204
88,47,3,2318.75,2560,0.180291,89.3149
89,1,3,1045.52,1413.07,132.937,383.115
89,3,3,649.4,1183,762.098,1207.59
89,25,0,106.059,268.576,224.173,492.838
89,26,0,2440.48,2550.29,269.207,536.178
89,7,3,769.605,1259.23,1.13706,266.412
89,30,0,2269.94,2432.78,540.776,905.496
89,32,3,1559.88,2096.49,634.151,1161.77
89,44,3,235,973.125,1408.79,1920
89,46,3,1435.67,1785.87,4.25481,155.12
89,47,3,2307.79,2556.83,0,91.875
90,1,3,1004.52,1377.94,144.448,394.748
90,3,3,649.753,1184.79,758.754,1205.66
90,25,0,68.4815,230.246,238.312,514.357
90,26,0,2479.06,2557.86,250.673,517.789
90,7,3,735.545,1180.18,4.01698,277.654
90,30,0,2283.58,2433.3,519.378,874.011
90,32,3,1578.71,2104.43,611.307,1107.44
90,44,3,269.688,976.25,1361.61,1916.49
90,46,3,1415.34,1829.44,1.21337,165.029
90,47,3,2309.62,2558.08,0,95.7332
91,1,3,960.974,1342.41,150.021,411.518
91,3,3,649.498,1183.23,758.995,1205.47
91,25,0,22.5307,187.889,258.652,538.565
91,26,0,2516.5,2557.34,224.135,498.75
91,7,3,687.507,1234.7,6.46721,279.104
91,30,0,2292.57,2446.7,501.953,851.397
91,32,3,1589.7,2119.02,582.987,1080.34
91,44,3,292.188,1000,1307.24,1920
91,46,3,1383.9,1813.97,0.245433,166.316
91,47,3,2309.62,2558.08,0,95.7332
92,1,3,926.088,1301.89,162.257,418.946
92,3,3,650.683,1183.12,760.351,1206.17
92,25,0,0.797739,140.418,272.972,559.174
92,26,0,2516.5,2557.34,224.135,498.75
92,7,3,660.849,1185.38,4.83265,301.319
92,30,0,2304.96,2454.28,479.458,830.645
92,32,3,1603.18,2133.54,559.699,1029.78
92,44,3,325,1012.5,1270.22,1893.24
92,46,3,1359.59,1746.38,2.07733,166.976
92,47,3,2252.02,2551.06,0,103.413
92,6,0,32.2372,188.261,402.206,756.353
93,1,3,883.407,1271.61,174.09,433.806
93,3,3,650.097,1184.61,760.54,1204.84
93,25,0,0.797739,140.418,272.972,559.174
93,7,3,611.067,1068.75,15.9288,310.036
93,30,0,2319.27,2464.45,461.72,799.691
93,32,3,1630.73,2144.52,533.869,1003.37
93,44,3,342.812,1021.25,1244.4,1817.66
93,46,3,1328.75,1668.17,3.67789,169.688
93,47,3,2252.02,2551.06,0,103.413
93,6,0,1.11206,123.04,439.991,798.421
93,31,1,1641.06,2151.31,0,213.513
93,51,1,1395,2235,1430.77,1919.19
94,1,3,842.618,1233.49,186.234,449.075
94,3,3,649.7,1182.13,762.301,1212.5
94,7,3,568.16,1103.59,7.63983,332.512
94,30,0,2330.51,2477.01,442.512,768.051
94,32,3,1647.29,2157.83,512.203,978.507
94,44,3,374.688,1036.25,1212.17,1783.48
94,46,3,1290.11,1724.98,0,175.258
94,47,3,2213.08,2560,0.90144,103.954
94,6,0,0,59.3806,451.484,845.648
94,31,1,1595.47,2112.68,0,216.228
94,51,1,1423.75,2213.75,1312.42,1920
95,1,3,804.834,1193.89,192.153,462.049
95,3,3,651.92,1183.96,758.353,1197.26
95,7,3,528.329,961.429,33.5072,343.162
95,30,0,2347.88,2484.63,424.551,745.905
95,32,3,1669.03,2166.89,490.64,938.206
95,44,3,396.562,1062.5,1179.56,1745.11
95,46,3,1259.09,1621.11,2.93351,188.018
95,47,3,2213.08,2560,0.90144,103.954
95,6,0,0,59.3806,451.484,845.648
95,31,1,1607.28,2095.8,0,221.012
95,51,1,1458.75,2197.5,1211.68,1920
96,1,3,767.897,1154.97,202.793,473.672
96,3,3,651.716,1184.8,759.917,1195.2
96,7,3,483.619,1020.36,21.2384,359.341
96,30,0,2361.24,2496.23,405.844,719.179
96,32,3,1699.42,2183.38,465.147,905.558
96,44,3,414.062,1065,1158.01,1702.82
96,46,3,1222.25,1569.64,2.6897,193.556
96,47,3,2189.42,2512.12,0,105.793
96,31,1,1595.37,2084.7,0,213.479
96,51,1,1505.65,2185.24,1114.59,1812.38
97,1,3,723.646,1118.35,215.276,489.08
97,3,3,652.63,1182.73,761.076,1196.99
97,7,3,453.322,873.455,50.3565,362.021
97,30,0,2371.19,2502.77,390.782,698.282
97,32,3,1721.21,2198.44,444.553,851.587
97,44,3,431.875,1073.12,1137.35,1671.29
97,46,3,1192.52,1535.44,0.574343,200.21
97,47,3,2176.44,2497.4,0.685097,108.498
97,31,1,1572.13,2069.77,2.67743,222.068
97,51,1,1527.32,2181.5,1016.98,1696.85
98,1,3,675.725,1085.65,226.704,500.575
98,3,3,654.068,1182.62,758.899,1204.28
98,7,3,412.094,902.98,34.263,381.569
98,30,0,2381.71,2516.87,368.176,676.955
98,32,3,1741.62,2211.17,425.267,815.563
98,44,3,453.125,1072.5,1109.04,1645.8
98,46,3,1148.4,1518.2,6.3653,202.762
98,47,3,2147.98,2433.56,0,110.697
98,31,1,1559.43,2048.13,0.117002,229.364
98,51,1,1556.3,2175.37,965.177,1585.73
99,1,3,636.838,1043.72,235.13,519.563
99,3,3,658.425,1180.18,759.26,1202.48
99,7,3,374.063,855.101,56.7484,400.511
99,30,0,2394.88,2539.01,349.252,649.922
99,32,3,1768.49,2232.15,406.077,791.637
99,44,3,465,1077.5,1080.39,1624.03
99,46,3,1114.87,1457.63,3.59457,214.606
99,47,3,2138.65,2421.35,0,110.264
99,31,1,1538.98,2029.15,0,234.653
99,51,1,1577.95,2186.82,888.176,1494.76
100,1,3,596.172,1002.81,243.301,538.884
100,3,3,659.21,1182.37,758.519,1187.78
100,7,3,344.11,775.626,76.27,409.131
100,30,0,2414.48,2549.47,333.028,628.784
100,32,3,1792.2,2252.42,387.858,777.392
100,44,3,478.75,1087.5,1061.33,1586.88
100,46,3,1069.18,1412.86,4.05672,222.966
100,47,3,2105.1,2377.98,0.829325,116.719
100,31,1,1500.87,2018.91,0.289271,230.743
100,51,1,1606.15,2191.41,829.829,1408.1
101,1,3,553.584,956.957,258.97,551.466
101,3,3,663.759,1179.56,755.533,1187.64
101,7,3,351.81,846.727,43.9235,423.136
101,30,0,2440.14,2553.7,313.125,607.644
101,32,3,1812.26,2275.35,365.277,760.366
101,44,3,479.062,1112.5,1046.97,1578.51
101,46,3,1028.76,1368.85,11.1702,228.827
101,47,3,2093.08,2371.54,0.829332,124.075
101,31,1,1482.21,2029.26,2.49691,234.9
101,51,1,1627.19,2190.51,770.519,1337.19
102,1,3,508.911,920.642,275.812,565.147
102,3,3,669.562,1181.22,759.312,1189.94
102,55,3,467.275,792.742,56.1463,294.322
102,30,0,2455.62,2556.68,289.76,586.586
102,32,3,1849.86,2291.8,345.048,741.393
102,44,3,495.312,1118.75,1040.74,1549.67
102,46,3,988.986,1327.58,13.6806,237.316
102,47,3,2060.87,2397.6,0.504806,125.12
102,31,1,1443.07,2013.72,3.1829,240.546
102,51,1,1647.7,2191.03,722.233,1267.93
103,1,3,460.903,882.346,288.894,584.188
103,3,3,667.685,1182.61,759.267,1195.72
103,55,3,467.275,792.742,56.1463,294.322
103,30,0,2471.73,2559.04,285.865,564.519
103,32,3,1871.19,2317.61,325.75,698.992
103,44,3,506.875,1127.5,1028.5,1522.38
103,46,3,951.61,1282.53,24.6952,248.55
103,47,3,2044.81,2352.12,1.44231,130.962
103,31,1,1423.82,1980.98,0,249.956
103,51,1,1663.48,2190.23,678.723,1191.23
104,1,3,426.304,837.733,297.323,605.432
104,3,3,660.555,1186.81,762.815,1135.97
104,30,0,2498.27,2560,260.986,542.668
104,32,3,1897.29,2332.06,316.315,683.143
104,44,3,520,1127.5,1011.86,1512.02
104,46,3,894.058,1243.06,37.8939,263.614
104,47,3,2018.56,2298.37,0,133.305
104,31,1,1413.82,1954.77,0.287275,260.399
104,51,1,1675.36,2184.66,640.229,1142.83
104,7,3,125.021,701.981,117.899,456.497
105,1,3,401.138,793.726,313.6,624.505
105,3,3,658.731,1188.08,763.215,1129.86
105,22,0,2526.88,2559.28,248.654,532.5
105,30,0,2498.27,2560,260.986,542.668
105,32,3,1926.43,2360.98,299.294,672.081
105,44,3,528.75,1137.5,1004.15,1496.57
105,46,3,863.807,1198.05,46.1782,266.481
105,47,3,1995.87,2284.13,0.0721121,133.053
105,31,1,1385.34,1927.48,4.32667,260.359
105,51,1,1686.61,2194.17,599.005,1084.83
105,7,3,71.3877,656.289,138.426,480.18
106,1,3,364.058,747.178,328.999,642.534
106,3,3,665.47,1187.63,764.453,1119.91
106,22,0,2526.88,2559.28,248.654,532.5
106,32,3,1956.95,2383.12,277.348,645.972
106,44,3,537.5,1140,995.775,1490.07
106,46,3,815.788,1159.63,63.8511,274.837
106,47,3,1980.67,2296.25,2.52404,135.505
106,31,1,1370.43,1902.73,3.92465,267.36
106,51,1,1701.68,2199.05,563.613,1024.48
106,7,3,19.0337,518.015,155.488,511.898
107,1,3,291.895,707.26,347.31,667.732
107,3,3,662.188,1186.52,765.884,1119.52
107,55,3,280.619,568.153,124.375,373.214
107,32,3,1981.64,2410.64,260.93,615.951
107,44,3,540.938,1143.75,983.217,1484.03
107,46,3,763.396,1122.16,69.2573,283.095
107,47,3,1942.02,2279.52,0,156.274
107,31,1,1351.43,1885.95,5.81949,264.443
107,51,1,1727.4,2194.98,526.699,978.105
107,7,3,7.12503,504.404,156.953,540.917
107,58,0,2493.36,2558.53,869.356,1378.82
108,1,3,226.659,670.192,360.996,690.622
108,3,3,659.52,1187.45,765.482,1118
108,55,3,249.895,518.037,140.277,399.344
108,32,3,2013.91,2427.86,250.835,589.847
108,44,3,545.312,1151.25,974.599,1471.83
108,46,3,728.788,1076.77,65.5788,299.034
108,47,3,1923.85,2257.69,0,160.312
108,31,1,1322.51,1869.57,0.464301,278.886
108,51,1,1739.03,2208.56,494.686,939.854
108,7,3,4.37712,501.049,153.576,566.113
108,58,0,2485.79,2557.15,820.247,1301.42
109,1,3,180.819,619.934,361.597,712.311
109,3,3,660.888,1184.77,765.431,1114.52
109,55,3,249.895,518.037,140.277,399.344
109,32,3,2053.14,2452.98,231.151,571.406
109,44,3,551.25,1148.75,970.332,1471.68
109,46,3,691.673,1046.87,41.3327,315.504
109,47,3,1894.45,2251.99,0,187.505
109,31,1,1307.32,1914.77,0,288.102
109,51,1,1769.46,2196.13,466.081,902.531
109,7,3,6.50097,445.723,201.575,576.735
109,58,0,2481.32,2558.94,788.325,1247.46
110,1,3,120.309,566.652,375.373,736.161
110,3,3,661.459,1185.6,764.317,1106.15
110,32,3,2079.77,2480.79,215.116,555.371
110,44,3,555,1145,965.841,1465.6
110,46,3,649.626,992.549,84.2725,327.628
110,47,3,1872.29,2218.33,0,188.932
110,31,1,1282.63,1801.11,11.5199,293.877
110,51,1,1785.18,2219.79,449.176,840.235
110,7,3,1.56327,265.354,217.34,608.078
110,58,0,2469.88,2558.87,753.241,1203.17
111,1,3,76.3034,525.338,423.903,773.42
111,3,3,661.625,1185.64,764.023,1107.87
111,32,3,2111.63,2512.16,205.242,544.834
111,44,3,555.938,1150,968.858,1452.27
111,46,3,597.399,947.599,107.107,342.795
111,47,3,1836.65,2195.68,2.11941,185.45
111,31,1,1263.16,1790.57,9.69418,297.41
111,51,1,1809.49,2227.4,415.604,815.35
111,7,3,0,183.318,247.886,614.984
111,58,0,2459.47,2559.86,723.58,1146.71
112,1,3,16.4989,476.631,438.888,792.18
112,3,3,660.031,1185.07,765.008,1110.45
112,32,3,2140.03,2539.97,196.31,515.911
112,44,3,560.625,1158.75,969.321,1441.88
112,46,3,561.267,905.113,112.433,353.909
112,47,3,1817.4,2171.56,3.63798,192.926
112,31,1,1235.12,1760.29,7.10838,299.319
112,51,1,1827.18,2245.63,389.194,779.014
112,7,3,0,131.306,279.949,635.297
112,58,0,2459.27,2558.15,688.776,1114.4
113,1,3,3.06154,431.717,450.378,834.435
113,3,3,661.694,1184.62,759.961,1097.32
113,32,3,2174.21,2558.64,173.79,508.198
113,44,3,565.938,1156.25,965.257,1433.79
113,46,3,523.545,863.634,120.543,371.087
113,47,3,1794.82,2153.94,2.08509,194.495
113,31,1,1212.45,1759.78,3.38795,305.759
113,51,1,1852.26,2259,366.697,737.487
113,7,3,0,131.306,279.949,635.297
113,58,0,2456.22,2559.75,658.919,1069.49
114,1,3,2.9509,334.385,475.984,841.819
114,3,3,660.913,1185.31,762.352,1111.19
114,32,3,2208.05,2557.23,158.235,485.775
114,44,3,564.375,1162.5,966.119,1427.93
114,46,3,485.077,826.831,131.298,383.7
114,47,3,1775.54,2122.68,1.9619,197.88
114,31,1,1191.18,1706.06,4.91086,310.958
114,51,1,1873,2285.54,347.011,711.073
114,58,0,2449.6,2558.36,628.053,1029.35
114,66,3,2167.21,2414.33,0,53.7079
115,1,3,1.17587,321.082,508.862,890.828
115,3,3,659.64,1183.02,762.217,1098.67
115,32,3,2240.55,2560,151.016,476.595
115,44,3,568.125,1170,940.854,1397.31
115,46,3,446.75,789.506,145.119,399.454
115,47,3,1755.09,2107.52,4.94117,200.524
115,31,1,1165.8,1693.28,7.74902,317.442
115,51,1,1899.4,2288.08,323.604,679.233
115,58,0,2454.97,2559.87,607.52,992.976
115,66,3,2094.52,2299.33,2.1274,57.4038
115,55,3,1.99506,172.561,242.597,535.443
116,1,3,0,276.256,536.99,922.023
116,3,3,655.886,1185.62,763.301,1103.81
116,32,3,2265.07,2558.64,145.588,457.549
116,44,3,577.351,1149.96,948.789,1342.43
116,46,3,393.739,754.439,161.37,417.23
116,47,3,1731.66,2082.89,11.3741,205.91
116,31,1,1141.46,1679.77,5.14054,320.518
116,51,1,1920.64,2311.6,299.594,650.479
116,58,0,2460.24,2558.59,576.954,958.897
116,66,3,2104.23,2357.31,0,66.3101
116,55,3,1.99506,172.561,242.597,535.443
117,1,3,0,218.864,561.755,987.168
117,3,3,658.121,1183.61,764.746,1112.56
117,32,3,2305.08,2560,123.801,437.022
117,44,3,572.731,1151.24,936.796,1302.55
117,46,3,364.81,709.665,173.594,438.626
117,47,3,1714.81,2070.78,10.4239,211.92
117,31,1,1109.01,1669.04,0.810699,328.271
117,51,1,1942.86,2328.04,265.827,611.188
117,58,0,2457.53,2559.85,552.271,934.61
117,66,3,2064.04,2317.5,1.22596,75.7933
118,1,3,0,164.534,585.876,1070.35
118,3,3,656.756,1183.27,765.976,1114.9
118,32,3,2335.13,2560,116.506,411.721
118,44,3,578.684,1147.67,928.85,1313.85
118,46,3,335.312,676.732,182.991,456.427
118,47,3,1676.57,2040.63,9.72382,221.432
118,31,1,1079.24,1697.17,0,331.155
118,51,1,1970.96,2354.93,256.084,596.423
118,58,0,2470.75,2559,532.684,896.415
118,66,3,2024.81,2289.04,0,79.1827
119,1,3,0,109.502,611.806,1066.15
119,3,3,656.939,1184.42,766.899,1108.49
119,32,3,2380.29,2557.35,94.4526,402.968
119,44,3,586.406,1128.54,947.83,1337.17
119,46,3,287.682,650.945,204.421,467.744
119,47,3,1653.77,2020.78,9.14824,214.493
119,31,1,1029.83,1612.88,2.16276,335.105
119,51,1,2004.89,2376.22,233.588,565.556
119,58,0,2480.07,2558.22,506.497,862.398
119,66,3,2004.23,2272.69,0.252403,84.1226
119,70,5,75,1543.75,1142.98,1920
120,1,3,0.100887,63.2019,691.445,1147.12
120,3,3,654.393,1183.1,762.446,1113.85
120,32,3,2407.58,2557.29,96.6293,387.125
120,44,3,576.978,1152.53,953.006,1296.43
120,46,3,316.226,605.943,209.17,487.788
120,47,3,1636.79,1995.04,13.9996,222.171
120,31,1,1012.09,1596.85,1.76499,341.523
120,51,1,2033.95,2404.83,218.143,536.382
120,58,0,2484.14,2559.37,468.438,831.403
120,66,3,1965.58,2234.42,0,84.6995
120,70,5,113.125,1517.5,1113.21,1920
121,1,3,0.100887,63.2019,691.445,1147.12
121,3,3,652.504,1183.51,759.955,1112.3
121,32,3,2444.86,2560,80.625,377.163
121,44,3,576.978,1152.53,953.006,1296.43
121,46,3,221.708,577.162,229.42,498.313
121,47,3,1601.35,1977.89,16.1835,229.865
121,31,1,1018.61,1557.85,3.48681,348.005
121,51,1,2057.87,2431.65,195.502,509.918
121,58,0,2490.84,2558.41,438.724,810.501
121,66,3,1896.06,2208.56,0.793269,88.9183
121,70,5,135.625,1515,1076.59,1920
122,3,3,640.578,1179.81,763.856,1221.03
122,32,3,2478.12,2558.8,66.5625,352.284
122,46,3,179.189,545.389,241.02,534.554
122,47,3,1563.42,1959.28,18.7958,229.19
122,31,1,989.576,1544.7,0,362.674
122,51,1,2089.89,2456.99,171.026,491.331
122,58,0,2509.91,2560,399.643,803.943
122,66,3,1892.02,2178.75,0.108172,99.3389
122,70,5,146.25,1515,1041.08,1920
123,3,3,645.482,1191.2,757.463,1114.4
123,32,3,2521.48,2558.52,54.2308,356.25
123,46,3,154.532,506.188,261.531,554.384
123,47,3,1555.87,1939.55,27.3795,245.196
123,49,0,88.6538,217.308,192.837,419.856
123,31,1,967.42,1506.26,0.658064,364.898
123,51,1,2118.34,2480.36,158.581,472.307
123,58,0,2533.85,2559.2,355.454,774.527
123,66,3,1823.94,2157.6,0.252403,99.1947
123,70,5,160,1521.25,1024.14,1920
124,3,3,652.642,1189.9,757.201,1111.36
124,32,3,2521.48,2558.52,54.2308,356.25
124,46,3,107.722,493.564,270.363,577.721
124,47,3,1548.85,1907.97,42.598,254.953
124,49,0,13.8942,138.798,213.245,430.024
124,31,1,944.916,1489.97,3.27816,375.792
124,51,1,2139.79,2525.45,143.037,460.345
124,58,0,2533.85,2559.2,355.454,774.527
124,66,3,1763.75,2119.33,3.10096,104.423
124,70,5,189.375,1502.5,1016.16,1920
125,3,3,662.827,1186.65,749.611,1097.43
125,46,3,66.9451,459.15,280.887,594.46
125,47,3,1509.73,1891.55,19.9135,256.842
125,49,0,13.8942,138.798,213.245,430.024
125,31,1,927.411,1465.85,1.59508,386.685
125,51,1,2175.25,2540.29,117.574,435.153
125,66,3,1702.02,2085.67,3.75,109.038
125,70,5,219.375,1520,953.539,1915.19
125,74,3,724.59,1118.33,5.71093,309.228
126,3,3,666.562,1181.89,747.4,1106.61
126,46,3,23.389,460.926,313.718,624.585
126,47,3,1507.56,1869.58,38.4952,265.044
126,31,1,890.791,1437.05,9.88818,388.36
126,51,1,2204.88,2556.8,107.782,417.929
126,66,3,1702.02,2085.67,3.75,109.038
126,70,5,228.75,1511.25,945.176,1920
126,74,3,687.845,1049.87,35.6324,318.369
127,3,3,666.562,1181.89,747.4,1106.61
127,46,3,0.28738,448.528,336.84,655.896
127,47,3,1471.8,1858.49,37.4376,274.178
127,31,1,871.305,1412.65,10.1217,396.624
127,51,1,2232.63,2560,84.2181,408.211
127,70,5,245.625,1517.5,916.643,1920
127,74,3,633.328,1029.09,48.8981,322.535
128,46,3,0,426.578,343.844,682.36
128,47,3,1459.48,1830.18,46.7318,277.974
128,31,1,854.047,1406.74,10.8338,404.671
128,51,1,2260.26,2560,69.5975,397.149
128,66,3,1669.23,1992.31,0.540869,127.536
128,70,5,277.188,1503.75,901.748,1911.09
128,74,3,586.538,955.971,65.0752,345.235
129,46,3,0,292.082,378.661,707.796
129,47,3,1435.07,1811.88,56.3687,284.165
129,31,1,827.98,1382.43,9.87828,409.039
129,51,1,2300.83,2553.53,80.7831,379.332
129,66,3,1619.9,1958.56,1.51443,129.447
129,70,5,294.688,1500,893.694,1902.42
129,74,3,542.649,912.534,115.248,349.387
130,46,3,0,247.379,402.902,737.915
130,47,3,1415.26,1784.06,60.2743,287.904
130,31,1,789.005,1341.57,0,426.549
130,51,1,2328.43,2554.93,76.5696,376.214
130,66,3,1592.6,1924.33,1.51442,128.005
130,70,5,306.562,1495,863.178,1911.57
130,74,3,494.109,832.294,125.197,360.425
131,46,3,0.940981,204.224,417.828,773.741
131,47,3,1398.09,1763.57,58.5908,296.476
131,31,1,769.97,1307.5,0,435.073
131,51,1,2365.69,2560,37.5734,337.437
131,66,3,1562.5,1899.04,1.00961,134.135
131,70,5,319.688,1506.25,830.749,1915.79
131,74,3,452.434,802.976,139.934,375.478
132,46,3,0,162.565,438.756,792.071
132,47,3,1371.26,1743.41,67.5773,301.089
132,31,1,729.433,1300.3,12.8033,448.935
132,51,1,2392.69,2560,27.2668,319.185
132,66,3,1533.85,1866.15,2.48798,131.214
132,70,5,334.688,1507.5,804.057,1915.85
132,74,3,408.226,786.883,146.169,385.897
133,46,3,0,115.862,465.764,840.411
133,47,3,1340.81,1725.9,73.3805,310.569
133,31,1,709.552,1273.15,15.5451,454.132
133,51,1,2406.85,2559.75,28.9334,318.403
133,66,3,1475.87,1825.67,2.88461,131.827
133,70,5,346.25,1503.75,792.351,1911.43
133,74,3,379.645,722.653,156.698,401.947
134,46,3,0,115.862,465.764,840.411
134,47,3,1320.5,1692.11,71.7047,320.907
134,31,1,625.625,1282.5,11.3222,446.052
134,51,1,2443.75,2560,7.62455,339.22
134,66,3,1415.96,1811.73,10.8173,149.423
134,70,5,350,1503.75,794.603,1914.02
134,74,3,344.817,697.936,163.885,411.481
135,47,3,1303.29,1670.92,86.5019,322.161
135,31,1,636.562,1251.25,15.9679,465.073
135,51,1,2478,2558.92,7.71634,300.649
135,66,3,1410.29,1752.79,5.69711,156.851
135,70,5,362.188,1496.25,771.927,1920
135,74,3,277.382,654.102,172.908,434.149
136,47,3,1272.19,1655.69,96.7414,329.031
136,31,1,608.125,1210,28.1227,482.466
136,51,1,2478,2558.92,7.71634,300.649
136,66,3,1358.65,1716.73,8.22116,160.529
136,70,5,369.062,1498.75,768.359,1920
136,74,3,216.359,617.081,181.644,440.063
137,51,1,2515.64,2558.21,0,263.87
137,47,3,1244.14,1635.11,101.553,332.485
137,31,1,588.75,1185,27.3449,497.142
137,66,3,1314.33,1677.98,8.65385,160.673
137,70,5,375.625,1495,756.057,1920
137,74,3,175.901,552.162,194.391,455.696
138,47,3,1221.93,1614.8,96.1068,339.633
138,31,1,537.812,1146.25,39.1096,504.397
138,66,3,1267.15,1630.24,4.89516,182.802
138,70,5,377.812,1498.75,751.676,1920
138,74,3,131.588,503.102,192.639,462.058
138,82,0,2521.29,2560,856.058,1447.19
139,47,3,1190.73,1583.9,105.801,346.248
139,31,1,483.438,1128.75,51.1646,501.834
139,58,0,1735.14,1861.78,0.793269,102.188
139,66,3,1233.73,1586.94,11.3507,194.726
139,70,5,375.938,1496.25,750.124,1920
139,74,3,81.9493,453.463,219.146,479.623
139,82,0,2521.81,2560,830.917,1437.84
139,84,3,2075,2405,0.540869,125.95
140,47,3,1160.72,1561.64,110.308,354.363
140,31,1,405,1101.25,30.9625,525.73
140,58,0,1653.61,1767.93,0.43269,114.952
140,66,3,1191.75,1542.38,9.24043,212.193
140,70,5,394.375,1500,753.392,1920
140,74,3,22.6269,435.893,240.7,510.951
140,82,0,2512.1,2558.99,792.194,1316.29
140,84,3,2026.83,2336.25,0.793269,135.793
141,47,3,1129.01,1538.14,124.17,359.628
141,31,1,412.188,1067.5,73.7868,534.665
141,58,0,1653.61,1767.93,0.43269,114.952
141,66,3,1144.84,1507.66,17.1266,220.476
141,70,5,392.188,1488.75,737.117,1907.9
141,74,3,4.01432,461.598,246.597,533.295
141,82,0,2501.35,2556.12,756.625,1268.83
141,84,3,1980.19,2309.04,0,154.327
141,86,0,2181.38,2488.59,1392.19,1919.03
142,47,3,1108.51,1508.26,133.828,368.082
142,31,1,364.375,1034.38,73.4931,549.234
142,66,3,1107.17,1467.43,19.2138,231.829
142,70,5,407.812,1503.75,749.937,1920
142,74,3,6.19392,435.844,258.951,545.125
142,82,0,2489.78,2558.28,732.689,1231.08
142,84,3,1937.4,2259.52,0,157.933
142,86,0,2185.13,2468.77,1343.54,1918.93
143,47,3,1080.66,1488.59,136.324,383.406
143,31,1,352.812,1016.25,57.6059,566.195
143,66,3,1057.69,1483.27,12.7235,238.968
143,70,5,407.812,1491.25,728.349,1915.68
143,74,3,0.85885,264.328,273.262,571.592
143,82,0,2481.14,2559.82,721.045,1234.25
143,84,3,1894.04,2213.65,4.75962,163.846
143,86,0,2185.07,2453.81,1306.12,1905.15
144,47,3,1043.69,1463.21,142.687,385.382
144,31,1,340,1000,85.3342,578.15
144,66,3,1019.98,1378.4,34.414,243.426
144,70,5,408.75,1492.5,751.646,1920
144,74,3,2.39182,213.077,286.902,585.269
144,82,0,2469.7,2560,712.11,1154.63
144,84,3,1847.5,2170.96,3.67789,171.274
144,86,0,2189.72,2431.71,1259.96,1833.47
145,47,3,1019.44,1436.69,147.369,395.434
145,31,1,297.5,963.125,119.925,578.895
145,66,3,982.04,1348.96,47.507,255.577
145,70,5,410.312,1486.25,738.737,1920
145,74,3,0,164.729,304.883,613.813
145,82,0,2460.44,2559.8,680.919,1120.64
145,84,3,1797.27,2132.41,0.181253,195.288
145,86,0,2196.42,2429.15,1225.12,1782.75
146,47,3,995.671,1404.2,154.71,405.668
146,31,1,256.25,956.25,117.029,597.908
146,66,3,934.808,1313,46.6466,271.927
146,70,5,409.688,1485,725.331,1910.92
146,74,3,0,117.958,320.009,645.349
146,82,0,2456.22,2560,663.073,1062.32
146,84,3,1760.6,2096.16,1.63284,196.168
146,86,0,2187.05,2426.87,1188.56,1738.48
147,47,3,968.241,1367.89,160.279,424.085
147,31,1,213.438,897.5,151.191,600.79
147,66,3,884.907,1251.56,49.9204,281.502
147,70,5,414.375,1490,722.997,1912.07
147,74,3,0.817308,56.6827,331.587,657.837
147,82,0,2449.75,2559.15,645.642,1041.25
147,84,3,1713.32,2046.83,6.8689,207.066
147,86,0,2188.33,2421.11,1153.03,1689.29
147,90,0,2507.42,2557.88,911.477,1405.99
148,47,3,935.833,1350.59,168.178,432.604
148,31,1,179.375,863.125,156.434,628.789
148,66,3,834.492,1199.26,70.33,279.751
148,70,5,417.812,1482.5,728.442,1920
148,74,3,0.817308,56.6827,331.587,657.837
148,82,0,2442.39,2559.42,621.419,1014.96
148,84,3,1668.59,2006.11,14.3353,213.654
148,86,0,2182.09,2418.48,1123.63,1641.63
148,90,0,2498.42,2559.46,899.796,1351.71
148,91,3,1748.75,2557.5,1618.78,1920
