2,1,0,2353.07,2499.18,510.582,829.474
2,2,3,1766.94,2267.6,550.951,985.064
2,3,3,2216.55,2559.56,265.139,530.787
2,4,3,1593.75,2380,1486.51,1919.91
2,5,3,1806.32,2202.76,4.60776,176.453
2,6,3,1675.35,2203.64,848.875,1316.55
2,7,0,1571.35,1687.12,8.79808,164.567
2,8,3,2346.56,2556.86,53.5994,274.651
2,9,3,610.938,1281.25,588.033,969.672
3,1,0,2351.55,2496.1,485.785,789.035
3,2,3,1785.07,2271.04,532.747,968.772
3,3,3,2245.02,2557.71,252.774,509.338
3,4,3,1606.25,2367.5,1437.56,1920
3,5,3,1808.87,2212.34,5.19698,174.791
3,6,3,1692.21,2202.13,817.022,1285.84
3,7,0,1574.38,1687.16,6.20193,163.125
3,8,3,2386.97,2560,46.4423,256.731
3,9,3,555,1260,581.102,961.903
4,1,0,2350.78,2489.48,462.197,760.236
4,2,3,1802.23,2287.81,515.136,908.877
4,3,3,2272.98,2556.68,243.11,502.621
4,4,3,1606.25,2357.5,1384.24,1920
4,5,3,1810.34,2199.31,5.39076,172.764
4,6,3,1691.73,2205.39,786.375,1252.45
4,7,0,1573.46,1688.08,7.93269,160.096
4,8,3,2429.23,2558.46,33.4615,249.808
4,9,3,500.625,1226.88,569.847,949.905
5,1,0,2342.43,2483.8,436.336,738.404
5,2,3,1814.07,2292.21,490.432,890.373
5,3,3,2303.7,2558.56,225.663,475.903
5,4,3,1617.5,2336.25,1342.28,1920
5,5,3,1808.85,2195.73,5.23249,173.302
5,6,3,1694.73,2195.4,764.045,1209.43
5,7,0,1569.9,1688.56,7.13942,160.168
5,8,3,2477.91,2559.01,27.9808,239.135
5,9,3,429.375,1200.62,565.547,933.462
5,13,0,2486.12,2556.1,1197.82,1828.93
5,14,0,1282.12,1385.58,0,142.861
6,1,0,2345.66,2486.17,418.971,708.476
6,2,3,1833.23,2290.12,462.847,854.192
6,3,3,2333.09,2560,208.633,472.424
6,4,3,1623.75,2326.25,1293.62,1920
6,5,3,1808.52,2201.35,5.35472,172.564
6,6,3,1703.75,2198.22,736.091,1171.16
6,7,0,1570.29,1688.17,6.63462,161.394
6,8,3,2477.91,2559.01,27.9808,239.135
6,9,3,393.125,1148.12,557.445,931.611
6,13,0,2468.29,2555.17,1141.41,1737.76
6,14,0,1282.21,1383.94,0,144.05
6,15,0,1465.41,1559.21,0,154.255
6,16,5,0,1065.62,1107.12,1913.36
7,1,0,2347.7,2484.02,393.911,677.401
7,2,3,1855.85,2292.64,446.139,828.698
7,3,3,2373.07,2560,198.967,450.186
7,4,3,1637.5,2315,1248.39,1898.22
7,5,3,1810.56,2209.92,5.59811,171.831
7,6,3,1721.33,2200.35,705.619,1144.42
7,7,0,1570.58,1687.88,6.63462,160.817
7,9,3,381.562,1118.75,547.821,937.082
7,13,0,2446.85,2557.16,1091.24,1659.03
7,14,0,1284.81,1384.42,0,142.969
7,15,0,1464.59,1547.72,0.432694,154.471
7,16,5,2.1875,1055,1051.22,1919.99
8,1,0,2348.11,2486.14,369.118,655.739
8,2,3,1871.2,2295.64,428.503,804.397
8,3,3,2406.46,2559.13,182.183,446.877
8,4,3,1636.25,2290,1215.67,1827.92
8,5,3,1808.74,2202.14,5.28088,174.461
8,6,3,1729.43,2198.38,686.818,1116.19
8,7,0,1571.01,1687.45,7.35577,161.394
8,9,3,215.312,1111.25,550.58,914.831
8,13,0,2428.97,2558.76,1035.91,1571.39
8,14,0,1284.9,1385.87,0,143.906
8,15,0,1464.59,1547.72,0.432694,154.471
8,16,5,0,1076.25,975.412,1920
9,1,0,2362.16,2480.91,344.423,632.308
9,2,3,1886.12,2312.71,408.04,764.625
9,3,3,2440.38,2559.62,168.101,446.322
9,4,3,1645,2283.75,1185.48,1751.54
9,5,3,1808.25,2198.93,5.25805,176.182
9,6,3,1746.61,2206.44,666.675,1067.2
9,7,0,1571.35,1687.12,6.05769,163.413
9,9,3,171.562,1066.25,545.6,916.402
9,13,0,2415.97,2557.2,990.589,1508.08
9,14,0,1284.9,1385.87,0,143.906
9,16,5,0,1090,917.745,1920
10,1,0,2368.17,2484.13,323.726,605.12
10,2,3,1909.62,2320.5,391.827,743.313
10,3,3,2477.79,2559.13,146.25,417.115
10,4,3,1655,2290,1152.36,1712.71
10,5,3,1810.92,2206.68,6.4247,174.535
10,6,3,1757.26,2210.4,641.177,1030.81
10,7,0,1571.92,1686.54,7.57212,162.909
10,9,3,127.812,1001.25,543.144,901.486
10,13,0,2402.51,2557.66,940.752,1455.47
10,16,5,4.6875,1098.75,863.426,1920
11,1,0,2382.31,2488.46,304.976,586.947
11,2,3,1923.26,2336.07,373.651,708.304
11,3,3,2517.82,2559.1,115.312,379.976
11,4,3,1667.5,2281.25,1118.03,1660.38
11,5,3,1807.32,2194.2,3.91095,176.176
11,6,3,1762.12,2223.44,616.622,996.019
11,7,0,1570.96,1687.5,5.55289,161.899
11,9,3,50.3125,960,544.972,888.074
11,13,0,2392.81,2553.98,898.828,1382.36
11,16,5,0.9375,1107.5,788.532,1920
11,18,0,2412.17,2559.71,1415.67,1920
12,1,0,2391.54,2503.85,290.481,555.865
12,2,3,1945.68,2350.24,349.865,672.367
12,3,3,2517.82,2559.1,115.312,379.976
12,4,3,1668.75,2276.25,1083.29,1616.59
12,5,3,1805.54,2204.11,4.24343,175.084
12,6,3,1777.51,2221.58,593.636,976.569
12,7,0,1571.44,1687.02,7.13943,161.322
12,9,3,11.875,923.125,532.799,883.011
12,13,0,2363.46,2552.12,855.725,1323.01
12,16,5,4.0625,1118.75,771.094,1920
12,18,0,2414.33,2556.98,1370.92,1915.37
13,1,0,2408.17,2524.13,268.341,530.12
13,2,3,1967.49,2374.92,331.423,666.73
13,4,3,1665,2283.75,1044.79,1574.27
13,5,3,1807.02,2206.76,4.98073,173.009
13,6,3,1792.36,2222.59,567.107,934.293
13,7,0,1573.46,1688.08,3.67789,160.601
13,9,3,4.375,843.75,538.346,878.779
13,13,0,2360.71,2554.5,811.822,1269.06
13,16,5,7.8125,1122.5,734.091,1920
13,18,0,2409.24,2554.64,1298.57,1895.51
14,1,0,2428.32,2531.68,251.971,517.067
14,2,3,1992.96,2389.93,312.978,642.202
14,4,3,1676.25,2276.25,1017.66,1532.66
14,5,3,1807.16,2206.81,5.38372,171.86
14,6,3,1799.7,2226.01,546.956,896.473
14,7,0,1572.36,1689.18,3.02884,161.106
14,9,3,0.625,766.25,536.392,889.178
14,13,0,2358.4,2550.08,776.424,1214
14,16,5,10.625,1141.25,693.538,1916.17
14,18,0,2414.71,2554.33,1252.31,1820.66
15,1,0,2447.88,2549.04,239.135,488.365
15,2,3,2015.94,2411.32,300.564,617.911
15,4,3,1683.75,2276.25,988.56,1501.22
15,5,3,1804.75,2202.45,6.36463,173.574
15,6,3,1809.94,2236.87,527.47,871.316
15,7,0,1571.68,1686.78,6.20193,162.548
15,9,3,6.875,710.625,529.236,900.309
15,13,0,2353.97,2543.28,737.84,1167.95
15,16,5,24.6875,1140,660.045,1920
15,18,0,2431.32,2557.92,1204.5,1758.06
16,1,0,2462.62,2552.76,223.558,472.788
16,2,3,2044.61,2432.72,279.104,593.214
16,4,3,1686.25,2273.75,961.028,1465.61
16,5,3,1805.28,2196.72,5.4955,175.338
16,6,3,1826.22,2245.71,503.476,845.982
16,7,0,1574.13,1684.33,5.91346,162.981
16,9,3,5.9375,673.75,529.861,918.647
16,13,0,2350.12,2534.86,706.655,1117.57
16,16,5,29.375,1136.25,630.953,1920
16,18,0,2438.39,2559.08,1147.86,1701.42
17,1,0,2499.95,2558.51,210.361,465.793
17,2,3,2066.05,2458.16,267.601,581.059
17,4,3,1697.81,2267.29,944.063,1431.32
17,5,3,1808.6,2195.39,6.01323,178.278
17,6,3,1847.8,2258.23,485.998,817.804
17,7,0,1571.63,1686.83,6.5625,162.764
17,9,3,5.55815,563.266,534.847,888.485
17,13,0,2350.82,2534.93,671.067,1072.76
17,16,5,117.812,1185,613.068,1917.26
17,18,0,2453.63,2559.51,1095.32,1635.26
18,1,0,2499.95,2558.51,210.361,465.793
18,2,3,2102.49,2485.8,246.826,555.386
18,4,3,1703.34,2259.56,912.111,1386.57
18,5,3,1807.57,2196.06,5.29423,178.064
18,6,3,1866.35,2274.97,463.92,797.594
18,7,0,1571.15,1687.31,5.26442,163.918
18,9,3,0,517.417,534.83,894.914
18,13,0,2349.92,2518.71,644.589,1032.36
18,14,0,1283.94,1386.83,2.66827,154.543
18,16,5,150.625,1198.12,567.984,1905.06
18,18,0,2459.95,2560,1060.11,1580.38
19,2,3,2131.93,2516.46,232.595,533.09
19,4,3,1697.31,2263.95,876.663,1360.48
19,5,3,1808.59,2196.6,5.79838,172.356
19,6,3,1888.94,2287.47,445.115,768.326
19,7,0,1570.14,1688.32,7.21154,162.404
19,9,3,0,445.613,534.039,901.046
19,13,0,2352.98,2514.31,607.274,993.672
19,14,0,1283.94,1386.83,2.66827,154.543
19,16,5,165,1216.25,524.408,1828.91
19,18,0,2472.53,2560,1019.55,1529.26
20,2,3,2162.95,2547.85,216.659,511.305
20,4,3,1711.4,2259.8,854.36,1327.43
20,5,3,1809.18,2192.86,5.2947,174.228
20,6,3,1911.6,2310.18,421.719,746.274
20,7,0,1572.36,1689.18,6.27404,162.188
20,9,3,0,385.049,541.879,891.994
20,13,0,2356.59,2506.9,580.504,961.33
20,14,0,1284.04,1385.19,0,142.284
20,16,5,208.438,1216.25,533.079,1801.93
20,18,0,2488.89,2559.49,987.868,1474.71
21,2,3,2192.02,2556.7,207.096,501.419
21,4,3,1722.49,2260.02,834.576,1302.82
21,5,3,1805.53,2187.53,4.99382,174.092
21,6,3,1933.87,2323.78,408.22,724.638
21,7,0,1570.29,1688.17,5.98557,161.322
21,9,3,0,319.395,529.572,903.808
21,13,0,2350.87,2497.12,547.817,921.505
21,14,0,1284.42,1384.81,0.108175,142.103
21,16,5,242.812,1228.75,514.807,1732.23
21,18,0,2496.31,2559.48,943.889,1446.07
22,2,3,2233.85,2554.5,190.514,475.781
22,4,3,1728.48,2258.32,807.595,1274.35
22,5,3,1806.03,2187.98,4.54538,176.013
22,6,3,1962.5,2339.77,386.03,699.374
22,7,0,1568.27,1687.12,3.10096,161.034
22,9,3,0,285.416,532.093,897.258
22,13,0,2355.25,2496.62,523.03,885.011
22,14,0,1282.12,1385.58,0,142.933
22,16,5,267.5,1238.75,500.392,1702.6
22,18,0,2506.53,2558.54,894.755,1406.71
23,2,3,2267.79,2560,172.336,456.31
23,4,3,1727.41,2263.63,783.897,1224.95
23,5,3,1803.95,2201.46,4.47407,171.52
23,6,3,1990.89,2372.52,366.654,662.165
23,7,0,1574.38,1687.16,6.63461,160.24
23,9,3,0,285.416,532.093,897.258
23,13,0,2355.02,2495.98,500.179,848.856
23,14,0,1282.12,1385.58,0,142.933
23,16,5,292.812,1245,491.634,1662.13
23,18,0,2514.89,2560,871.31,1383.77
24,2,3,2310.5,2555.17,164.176,447.32
24,4,3,1738.67,2262.09,764.485,1204.47
24,5,3,1802.08,2209.31,4.53383,174.335
24,6,3,2014.21,2393.6,353.276,648.643
24,7,0,1572.84,1688.7,4.54327,162.043
24,13,0,2357.69,2497.65,477.245,820.81
24,16,5,318.75,1283.75,487.422,1616.93
24,18,0,2519.93,2560,842.105,1304.17
25,2,3,2339.55,2559.83,137.449,435.925
25,4,3,1747.72,2255.16,739.557,1168.4
25,5,3,1804.86,2201.21,4.95599,175.131
25,6,3,2041.72,2413.87,334.085,622.047
25,7,0,1569.95,1688.51,3.17308,163.558
25,13,0,2363.25,2497.92,448.963,793.389
25,16,5,337.5,1283.75,454.126,1588.61
25,18,0,2525.44,2560,764.693,1252.37
26,2,3,2379.74,2560,135.031,412.09
26,4,3,1759.47,2254.06,713.33,1148.4
26,5,3,1807.26,2208.62,4.37229,174.713
26,6,3,2082.57,2464.43,314.659,596.637
26,7,0,1572.79,1688.75,5.48077,162.981
26,13,0,2364.46,2500.78,433.066,759.859
26,16,5,357.5,1302.5,445.926,1547.92
26,18,0,2526.1,2560,750.046,1220.53
27,2,3,2416.05,2560,126.396,405.151
27,4,3,1764.15,2254.17,692.632,1117.83
27,5,3,1802.72,2218.67,4.07357,172.348
27,6,3,2111.15,2472.82,299.215,574.594
27,7,0,1572.07,1686.39,7.06731,160.673
27,13,0,2378.19,2507.54,412.962,729.449
27,16,5,379.375,1305,434.518,1510.99
27,18,0,2534.13,2560,713.625,1160.27
27,19,0,1720.22,1818.25,0,129.375
28,2,3,2456.35,2560,124.183,401.106
28,4,3,1770.74,2256.74,679.701,1074.31
28,5,3,1797.31,2218.49,3.53432,174.667
28,6,3,2145.65,2503.89,282.759,556.028
28,7,0,1571.78,1683.61,8.65385,159.087
28,13,0,2387.48,2518.04,384.757,698.859
28,16,5,407.188,1306.25,420.391,1487.44
28,18,0,2531.14,2560,688.935,1145.95
28,19,0,1704.13,1812.79,1.80288,128.582
28,20,0,2065.29,2373.7,1356.86,1911.96
29,2,3,2505.7,2558.92,100.962,364.615
29,4,3,1782.3,2264.1,654.547,1055.37
29,5,3,1807.56,2212.27,4.57764,170.973
29,6,3,2181.41,2534.01,258.599,538.178
29,7,0,1571.59,1686.88,2.45193,159.087
29,13,0,2415.48,2526.06,373.125,669.952
29,16,5,426.875,1322.5,397.66,1442.6
29,18,0,2533.17,2560,643.332,1102.25
29,19,0,1687.02,1799.13,3.78606,125.733
29,20,0,2059.8,2349.95,1282,1872.61
30,2,3,2505.7,2558.92,100.962,364.615
30,4,3,1787.74,2258,632.493,1026.33
30,5,3,1805.92,2212.16,5.34375,169.921
30,6,3,2225.87,2556.7,249.403,516.326
30,7,0,1573.27,1691.35,5.26443,159.303
30,13,0,2426.92,2539.23,339.231,641.538
30,16,5,442.812,1342.5,386.52,1422.63
30,18,0,2534.53,2560,631.622,1084.08
30,19,0,1687.02,1799.13,3.78606,125.733
30,20,0,2075.94,2326.96,1215.24,1778.61
31,4,3,1792.64,2265.5,610.613,1002.82
31,5,3,1805.25,2216.78,6.30022,172.858
31,6,3,2260.85,2560,235.246,492.737
31,7,0,1573.17,1685.29,1.22596,163.63
31,13,0,2448.65,2557.5,331.01,613.99
31,16,5,467.5,1345,386.434,1409.1
31,18,0,2534.53,2560,631.622,1084.08
31,20,0,2060.37,2308.56,1146.17,1703.25
32,4,3,1801.79,2265.61,594.876,978.933
32,5,3,1807.35,2225.49,3.94721,173.459
32,6,3,2302.31,2560,213.803,479.922
32,7,0,1573.99,1684.47,0,162.981
32,13,0,2481.78,2558.22,297.548,597.836
32,16,5,472.5,1351.25,368.111,1373.82
32,20,0,2058.39,2296.99,1086.68,1629
33,4,3,1817.9,2270.84,567.204,955.978
33,5,3,1805.1,2234.91,3.7427,170.871
33,6,3,2354.4,2556.94,201.964,456.517
33,7,0,1576.63,1687.98,0,160.745
33,13,0,2501.9,2559.64,282.764,564.159
33,16,5,485.312,1355,353.059,1367.52
33,18,0,2535.99,2558.23,498.78,932.318
33,20,0,2061.06,2287.68,1028.42,1555.73
34,4,3,1819.77,2273.46,545.685,925.546
34,5,3,1803.73,2222.14,3.71957,175.439
34,6,3,2402.42,2558.52,180.524,450.966
34,7,0,1575.67,1682.79,0,163.63
34,13,0,2531.45,2557.78,272.74,563.798
34,16,5,496.875,1352.5,342.838,1354.21
34,18,0,2535.99,2558.23,498.78,932.318
34,20,0,2040.55,2275.12,984.897,1483.05
35,4,3,1833.49,2274.95,539.684,893.666
35,5,3,1799.57,2203.93,4.72517,178.978
35,6,3,2438.46,2560,165.216,415.457
35,7,0,1572.93,1688.61,0,162.332
35,13,0,2531.45,2557.78,272.74,563.798
35,16,5,515,1355,336.401,1333.67
35,18,0,2532.51,2559.8,504.231,848.077
35,20,0,2049.99,2299.88,928.865,1418.09
36,4,3,1841.17,2279.3,518.154,868.782
36,5,3,1802.5,2197.78,4.89152,176.778
36,6,3,2486.66,2559.5,142.572,414.159
36,7,0,1578.65,1682.88,0,160.962
36,16,5,519.062,1358.75,329.764,1306.91
36,18,0,2524.44,2560,470.873,903.354
36,20,0,2062.74,2291.32,881.388,1353.6
37,4,3,1857.58,2285.74,498.063,852.565
37,5,3,1797.95,2193.32,5.04014,176.299
37,6,3,2534.11,2560,146.106,389.567
37,7,0,1576.68,1687.93,0.360575,161.466
37,16,5,546.562,1360,325.037,1295.05
37,18,0,2525.56,2560,475.817,814.183
37,20,0,2070.86,2288.23,837.502,1306.73
38,4,3,1872.63,2287.53,484.265,820.885
38,5,3,1803.98,2195.71,5.04752,179.513
38,6,3,2534.11,2560,146.106,389.567
38,7,0,1575.72,1691.97,4.90384,166.731
38,16,5,546.562,1365,327.41,1274.84
38,18,0,2524.46,2558.62,468.317,813.606
38,20,0,2082.41,2292.6,801.139,1248.66
39,4,3,1884.09,2297.28,463.623,802.387
39,5,3,1804.95,2193.49,4.38975,174.648
39,7,0,1576.63,1687.98,4.83173,162.764
39,14,0,1284.62,1386.15,3.75,153.75
39,16,5,554.688,1365,319.425,1272.89
39,18,0,2526,2560,417.837,735.433
39,20,0,2095.16,2315.42,765.14,1193.68
40,4,3,1898.58,2305.51,451,775.397
40,5,3,1808.75,2199.14,3.93341,175.443
40,7,0,1581.15,1683.46,4.90384,164.279
40,14,0,1283.12,1386.11,3.96634,155.553
40,16,5,563.125,1367.5,319.36,1277.73
40,18,0,2529.76,2559.47,413.942,737.019
40,19,0,1663.32,1742.84,7.68029,150.974
40,20,0,2096.37,2313.24,732.007,1150.77
41,4,3,1912.29,2312.42,431.937,759.798
41,5,3,1808.71,2197.67,4.63537,181.849
41,7,0,1581.15,1683.46,4.90384,164.279
41,14,0,1283.12,1386.11,3.96634,155.553
41,16,5,565.625,1367.5,317.448,1271.96
41,18,0,2535.46,2559.92,406.731,732.115
41,19,0,1663.32,1742.84,7.68029,150.974
41,20,0,2119.31,2316.31,694.946,1109.34
41,22,0,1736.32,1826.75,0,123.065
42,4,3,1929.51,2323.83,416.558,731.512
42,5,3,1806.41,2199.86,4.60797,173.665
42,16,5,568.125,1372.5,313.207,1269.24
42,18,0,2537,2558.39,377.019,701.25
42,20,0,2131.59,2316.76,664.119,1062.98
42,22,0,1731.35,1831.73,0,118.017
43,4,3,1946.33,2326.65,393.68,705.802
43,5,3,1805.76,2190.94,5.14451,172.354
43,7,0,1578.99,1682.55,4.61539,160.962
43,16,5,574.062,1366.25,305.432,1268.72
43,18,0,2537,2558.39,377.019,701.25
43,19,0,1661.2,1744.95,6.41827,153.822
43,20,0,2143.79,2335.09,633.427,1016.86
43,22,0,1731.15,1801.15,0,112.644
44,4,3,1959.19,2342.12,381.682,679.802
44,5,3,1806.22,2195.65,4.69201,171.82
44,7,0,1577.79,1683.75,4.03846,162.837
44,14,0,1284.13,1385.1,0,143.582
44,16,5,570.312,1371.25,307.208,1270.97
44,19,0,1661.2,1744.95,6.41827,153.822
44,20,0,2152.13,2334.5,598.451,981.351
44,22,0,1731.15,1801.15,0,112.644
45,4,3,1978.1,2347.72,365.233,659.772
45,5,3,1805.4,2198.66,4.97523,171.696
45,7,0,1577.79,1683.75,4.03846,162.837
45,14,0,1284.13,1385.1,0,143.582
45,16,5,571.25,1367.5,306.604,1272.49
45,20,0,2172.96,2345.03,574.994,942.664
46,4,3,1999.15,2368.4,348.162,642.664
46,5,3,1808.58,2200.5,4.77088,172.635
46,7,0,1572.79,1664.13,3.31731,160.096
46,16,5,573.75,1368.75,305.499,1271.03
46,20,0,2191.77,2347.68,550.765,914.119
47,4,3,2018.03,2377.85,334.863,616.256
47,5,3,1804.69,2201.32,5.42112,180.313
47,7,0,1579.23,1682.31,0,165
47,16,5,569.062,1372.5,308.487,1273.43
47,20,0,2200.24,2367.87,527.577,881.302
48,4,3,2034.9,2398.61,316.615,600.285
48,5,3,1803.86,2195.21,5.62809,180.051
48,7,0,1578.22,1683.32,0.865381,166.442
48,14,0,1287.07,1386.78,2.45193,154.904
48,16,5,568.75,1371.25,308.306,1274.07
48,20,0,2224.71,2376.64,499.36,847.176
49,4,3,2053.45,2422.44,299.602,577.073
49,5,3,1805.84,2200.06,5.76283,173.955
49,7,0,1584.11,1674.35,0,161.394
49,14,0,1287.07,1386.78,2.45193,154.904
49,16,5,570.312,1370,304.857,1273.81
49,20,0,2251.68,2384.55,482.187,805.745
49,22,0,1730.87,1801.44,0,112.825
50,4,3,2082.11,2438.69,284.561,563.936
50,5,3,1805.67,2211.11,5.26808,172.886
50,7,0,1579.42,1679.04,0,160.457
50,16,5,571.25,1371.25,305.681,1270.62
50,20,0,2259.81,2401.52,450.231,780.291
50,22,0,1730.87,1801.44,0,112.825
51,4,3,2113.48,2480.93,270.1,541.409
51,5,3,1803.95,2207.08,5.77284,172.006
51,7,0,1576.59,1681.88,2.95673,160.745
51,16,5,569.375,1372.5,305.895,1269.89
51,20,0,2272.23,2407.42,437.851,751.416
52,4,3,2134.54,2504.42,248.47,529.007
52,5,3,1809.45,2206.57,5.09342,173.656
52,7,0,1582.69,1678.85,0.793269,157.428
52,16,5,573.438,1370,305.645,1268.7
52,20,0,2286.44,2429.1,412.799,725.256
53,4,3,2161.92,2518.24,238.967,515.39
53,5,3,1808.12,2212.57,5.68709,171.029
53,7,0,1574.23,1665.77,0.721157,160.096
53,16,5,574.688,1366.25,305.445,1270.15
53,20,0,2305.79,2451.47,392.732,695.76
53,22,0,1744.71,1824.52,2.77644,111.31
54,4,3,2189.9,2551.04,233.006,486.906
54,5,3,1804.46,2208.13,5.01097,174.026
54,7,0,1583.94,1680.67,0,162.981
54,16,5,569.688,1372.5,306.343,1275.77
54,20,0,2322.16,2470.17,378.68,665.721
54,22,0,1744.71,1824.52,2.77644,111.31
55,4,3,2226.5,2555.64,218.501,476.132
55,5,3,1802.97,2206.68,4.02458,172.669
55,7,0,1584.95,1679.66,0.793269,160.889
55,16,5,570.938,1371.25,304.277,1275.6
55,20,0,2348.55,2496.13,364.734,639.166
56,4,3,2257.29,2560,186.855,464.929
56,5,3,1806.95,2215.77,4.78442,170.612
56,7,0,1581.49,1680.05,4.03846,162.115
56,16,5,573.438,1366.25,302.519,1277.88
56,20,0,2368.91,2511.5,333.301,624.081
57,4,3,2296.43,2560,183.762,449.686
57,5,3,1803.48,2208.13,5.21436,174.065
57,7,0,1578.85,1682.69,0.504806,164.207
57,16,5,571.562,1370,302.018,1280.36
57,20,0,2399.73,2543.08,319.419,595.532
58,4,3,2336.35,2560,175.782,429.095
58,5,3,1804.07,2205.29,3.83636,173.017
58,7,0,1578.89,1685.72,3.31731,165.433
58,16,5,572.5,1368.75,299.282,1282.53
58,20,0,2440.19,2553.65,287.163,585.144
59,4,3,2373.65,2560,157.337,411.766
59,5,3,1806.78,2212.43,4.09089,177.707
59,7,0,1580.19,1681.35,2.59615,157.212
59,16,5,574.688,1367.5,299.669,1282.08
59,20,0,2475.1,2558.75,270.144,560.625
60,4,3,2413.65,2558.65,145.385,392.308
60,5,3,1807.81,2205.61,2.6552,179.091
60,7,0,1577.07,1684.47,2.37981,159.447
60,16,5,575.938,1367.5,299.434,1280.05
60,20,0,2502.28,2559.25,254.279,537.26
61,4,3,2446.2,2559.95,138.173,364.904
61,5,3,1798.48,2202.3,5.03036,180.264
61,7,0,1576.2,1685.34,4.47116,162.26
61,16,5,573.438,1370,299.514,1276.31
61,20,0,2502.28,2559.25,254.279,537.26
62,4,3,2489.23,2560,120.072,368.293
62,5,3,1801.94,2202.17,4.40642,176.377
62,7,0,1578.56,1679.9,2.30769,157.788
62,14,0,1284.33,1384.9,0,144.087
62,16,5,575.938,1368.75,300.142,1276.93
63,4,3,2532.36,2559.95,117.188,358.197
63,5,3,1800.94,2204.51,4.0396,176.22
63,7,0,1576.92,1681.54,3.60577,161.106
63,14,0,1284.33,1384.9,0,144.087
63,16,5,574.062,1370,300.2,1281.05
64,4,3,2532.36,2559.95,117.188,358.197
64,5,3,1799.91,2210.79,4.54488,177.484
64,7,0,1581.2,1680.34,3.17308,164.567
64,16,5,572.5,1367.5,301.796,1280.02
65,5,3,1801.19,2207.88,5.14145,171.78
65,7,0,1577.36,1681.11,2.30769,158.654
65,16,5,574.062,1367.5,305.468,1277.74
65,19,0,1664.28,1744.95,0.46875,139.868
65,22,0,1747.57,1824.74,2.77644,111.454
66,5,3,1806.01,2207.22,3.66917,172.437
66,7,0,1579.09,1679.38,3.53366,157.572
66,16,5,575.625,1365,300.565,1279.15
66,19,0,1669.5,1745.89,1.91106,138.642
66,22,0,1747.57,1824.74,2.77644,111.454
66,29,0,96.1539,314.615,139.904,351.058
67,5,3,1802.25,2200.34,2.86958,173.71
67,7,0,1575.91,1688.7,3.46154,159.087
67,16,5,575.625,1370,307.952,1270.42
67,19,0,1669.5,1745.89,1.91106,138.642
67,29,0,96.1539,314.615,139.904,351.058
68,5,3,1803.88,2210.72,3.52298,173.034
68,7,0,1578.46,1683.08,4.6875,160.024
68,14,0,1281.73,1387.5,0.324519,140.95
68,16,5,574.688,1368.75,309.414,1274.83
68,19,0,1669.59,1748.87,1.22596,139.111
69,5,3,1803.6,2217.95,4.67615,171.927
69,7,0,1579.38,1679.09,2.23558,158.582
69,14,0,1283.17,1389.13,0.252399,142.031
69,16,5,574.688,1367.5,304.008,1276.75
69,19,0,1669.93,1751.61,0.9375,139.327
70,5,3,1798.07,2202.92,4.62348,177.689
70,7,0,1580.48,1681.06,0.793269,161.178
70,14,0,1283.17,1389.13,0.252399,142.031
70,16,5,575.312,1366.25,303.918,1273.94
70,19,0,1669.93,1751.61,0.9375,139.327
70,29,0,547.885,800.577,127.284,329.928
71,5,3,1801.55,2209.13,5.33698,175.097
71,7,0,1570.43,1669.57,3.82212,167.957
71,16,5,572.188,1368.75,306.699,1265.65
71,29,0,662.692,904.231,129.952,319.76
72,5,3,1812.31,2169.23,5.19231,169.76
72,7,0,1567.6,1672.4,4.97596,164.351
72,14,0,1284.62,1389.23,4.54327,148.774
72,16,5,573.75,1368.75,305.623,1271.03
72,19,0,1658,1754.3,1.58654,153.317
72,22,0,1740.79,1822.28,0,106.875
72,29,0,776.923,1016.92,113.798,316.298
73,5,3,1804.23,2186.97,2.03346,178.901
73,7,0,1567.6,1672.4,4.97596,164.351
73,14,0,1282.69,1388.08,1.94712,150.793
73,16,5,572.5,1368.75,304.435,1269.02
73,19,0,1656.85,1752.38,0.360582,136.082
73,22,0,1736.51,1823.49,0.43269,107.236
73,29,0,884.845,1128.71,91.7223,314.943
73,44,0,135.004,376.467,151.881,401.45
74,5,3,1795.45,2197.25,4.95252,174.133
74,7,0,1575.19,1692.5,0.576925,162.26
74,14,0,1282.69,1388.08,1.94712,150.793
74,16,5,571.25,1367.5,306.558,1267.85
74,19,0,1656.85,1752.38,0.360582,136.082
74,22,0,1736.51,1823.49,0.43269,107.236
74,29,0,996.886,1231.92,87.0755,311.28
74,44,0,135.004,376.467,151.881,401.45
74,47,0,2284.6,2556.5,1535.95,1917.75
75,5,3,1835.96,2170.19,2.95673,167.524
75,7,0,1577.36,1684.18,3.17308,162.981
75,16,5,573.438,1365,304.159,1267.69
75,19,0,1652.48,1750.6,2.45192,154.183
75,22,0,1740.75,1816.18,1.98317,105.974
75,67,0,2.25962,156.202,158.798,383.221
75,29,0,1106.56,1337.93,82.6921,305.369
75,47,0,2270.22,2546.6,1468.71,1915.58
76,5,3,1815.38,2187.69,6.05769,156.923
76,7,0,1580.72,1680.82,1.80289,164.351
76,16,5,574.375,1365,304.045,1267.46
76,19,0,1652.48,1750.6,2.45192,154.183
76,22,0,1740.43,1819.57,1.08173,106.659
76,67,0,0,235.673,173.51,380.625
76,29,0,1221.52,1447.17,82.3778,303.97
76,47,0,2262.68,2518.67,1401.28,1920
77,5,3,1819.33,2149.9,4.25481,174.303
77,7,0,1580.72,1680.82,1.80289,164.351
77,16,5,570.625,1367.5,308.698,1265.08
77,22,0,1740.43,1819.57,1.08173,106.659
77,67,0,32.5,294.038,178.702,381.202
77,29,0,1319.36,1549.76,78.8482,300.982
77,21,0,371.96,631.598,109.709,325.851
77,47,0,2257.51,2500.62,1333.1,1909.97
77,44,0,607.965,864.892,141.207,383.926
78,5,3,1807.2,2209.49,5.68537,177.279
78,7,0,1585.91,1684.86,0,163.269
78,14,0,1280.58,1393.27,2.74039,154.615
78,16,5,574.062,1367.5,307.774,1268.01
78,22,0,1740.55,1819.45,0.540866,109.075
78,67,0,105.673,328.942,175.745,380.697
78,29,0,1429.25,1655.76,78.0979,300.883
78,21,0,480.673,743.942,133.053,327.332
78,47,0,2250.76,2488.6,1269.67,1864.56
78,21,0,727.183,979.941,139.223,376.84
79,5,3,1801.69,2210.42,4.9015,175.284
79,7,0,1585.91,1684.86,0,163.269
79,14,0,1281.92,1391.92,2.8125,151.803
79,16,5,574.062,1366.25,309.467,1274.17
79,22,0,1738.2,1824.88,0,108.462
79,67,0,105.673,328.942,175.745,380.697
79,29,0,1535.58,1753.65,90,292.788
79,21,0,597.019,854.519,127.644,322.067
79,47,0,2236.63,2471.53,1210.16,1793.26
79,44,0,853.654,1092.5,131.755,327.476
80,5,3,1806.51,2202.47,5.25176,173.116
80,7,0,1574.71,1689.9,7.5,161.683
80,14,0,1282.55,1388.22,2.66828,150.938
80,16,5,571.25,1367.5,312.279,1270.76
80,22,0,1738.2,1824.88,0,108.462
80,29,0,1640.55,1854.87,68.8954,290.487
80,21,0,713.558,949.519,118.846,312.692
80,47,0,2235.59,2466.11,1159.11,1717.56
80,44,0,969.231,1230.77,130.962,337.5
81,5,3,1816.16,2209.8,5.4398,173.961
81,7,0,1579.38,1688.32,2.16346,160.962
81,14,0,1282.55,1388.22,2.66828,150.938
81,16,5,571.562,1368.75,312.231,1270.25
81,22,0,1733.85,1823.08,1.91106,105.18
81,29,0,1745.58,1950.31,65.7162,282.81
81,21,0,815.908,1070.46,101.593,319.962
81,47,0,2241.59,2462.2,1115.01,1648.14
81,44,0,1096.36,1358.74,121.074,360.322
81,62,3,4.68122,346.268,198.285,459.463
82,4,3,2538.47,2559.99,30,228.894
82,5,3,1811.52,2237.36,0,169.624
82,7,0,1579.04,1688.65,1.80289,159.736
82,14,0,1277.98,1395.87,0.360575,138.822
82,16,5,573.75,1368.75,312.273,1270.17
82,22,0,1736.15,1820.77,2.27164,105.469
82,29,0,1845.87,2048.83,57.4259,280.756
82,21,0,929.808,1177.88,104.135,302.596
82,47,0,2243.2,2466.19,1071.25,1597.4
82,44,0,1217.38,1473.05,119.194,364.116
82,62,3,8.51442,464.676,186.801,458.077
82,64,0,2385.16,2558.2,1399.41,1920
83,4,3,2538.47,2559.99,30,228.894
83,5,3,1805.48,2123.75,2.59615,173.077
83,7,0,1578.65,1685.96,1.80289,160.024
83,14,0,1281.01,1392.84,0,144.952
83,16,5,572.812,1368.75,307.454,1268.4
83,22,0,1710,1813.08,0,122.416
83,29,0,1945.74,2135.41,52.2524,278.325
83,21,0,1036.09,1283.46,87.6916,311.24
83,47,0,2249.94,2463.42,1020.94,1536.15
83,44,0,1338.81,1584.02,116.98,366.244
83,62,3,20.7894,578.362,184.334,461.975
83,64,0,2399.41,2553.46,1320.35,1894.42
83,67,0,488.462,721.538,141.923,350.481
84,5,3,1799.01,2196.08,6.03175,175.792
84,7,0,1575.05,1698.8,0,164.567
84,14,0,1279.76,1391.01,1.51442,154.832
84,16,5,570.625,1372.5,311.735,1264.5
84,22,0,1726.73,1833.27,0,117.62
84,29,0,2036.25,2224.78,47.9614,274.366
84,21,0,1146.08,1389.17,90.35,310.432
84,47,0,2262.79,2473.61,983.372,1487.39
84,44,0,1459.39,1701.29,115.587,353.437
84,62,3,122.071,681.416,180.339,453.242
84,64,0,2397.9,2554.92,1262.19,1819.27
84,67,0,560.782,796.076,136.311,348.066
85,5,3,1798.15,2223.91,6.88239,174.787
85,7,0,1581.88,1688.89,0.432694,166.01
85,14,0,1284.42,1389.42,0,160.096
85,16,5,570.938,1372.5,309.409,1263.57
85,22,0,1734.57,1819.28,0.180287,108.858
85,74,0,0,179.663,180.721,381.202
85,29,0,2129.04,2310.96,70.3125,264.88
85,21,0,1254.52,1491.63,105.433,306.202
85,47,0,2276.68,2477.06,939.759,1437.18
85,44,0,1572.54,1811.02,114.713,346.599
85,62,3,226.104,788.599,172.167,442.979
85,64,0,2402.59,2554.44,1193.47,1747.83
85,67,0,649.808,866.346,135.577,340.673
85,68,0,1630.63,1859.1,1332.19,1910.19
86,5,3,1799.26,2224.71,5.22943,178.634
86,7,0,1577.5,1690.19,0,166.659
86,14,0,1281.88,1385.82,0,146.394
86,16,5,570.938,1372.5,313.85,1262.9
86,22,0,1705.77,1817.31,0.216343,117.188
86,74,0,10.6731,296.25,181.01,384.952
86,29,0,2220.38,2391.92,60.0721,264.736
86,21,0,1359.42,1585.19,103.413,300.433
86,47,0,2286.87,2487.05,901.595,1378.56
86,44,0,1681.93,1917.46,112.035,346.311
86,62,3,371.851,882.167,172.34,441.201
86,64,0,2404.19,2557.16,1152.05,1672.58
86,67,0,706.25,935.288,125.841,308.87
86,68,0,1631.59,1849.57,1244.98,1819.61
87,5,3,1816.72,2217.25,5.50236,175.76
87,7,0,1581.92,1695,0,161.971
87,14,0,1281.35,1386.35,0,145.853
87,16,5,569.688,1372.5,311.852,1262.53
87,22,0,1709.42,1816.73,1.08173,120.649
87,74,0,10.6731,296.25,181.01,384.952
87,29,0,2308.89,2478.8,50.1923,257.308
87,21,0,1454.53,1689.68,86.1099,299.734
87,47,0,2296.94,2502.01,868.023,1331.22
87,44,0,1800.67,2019.3,107.132,345.389
87,62,3,448.811,989.625,168.068,447.681
87,64,0,2389.69,2556.42,1096.25,1611.47
87,67,0,706.25,935.288,125.841,308.87
87,68,0,1653.45,1852.98,1164.42,1719.73
88,5,3,1815.2,2192.29,0,185.074
88,7,0,1581.54,1686.15,0,158.582
88,14,0,1281.44,1387.79,0,144.88
88,16,5,569.375,1370,306.69,1264.12
88,22,0,1731.63,1831.44,0.252407,120.397
88,29,0,2396.73,2554.04,28.4856,253.053
88,21,0,1558.41,1774.67,72.634,296.51
88,47,0,2308.66,2512.42,835.245,1271.97
88,44,0,1909.08,2104.49,92.9268,340.372
88,62,3,552.89,1095.42,164.669,441.666
88,64,0,2380.63,2556.96,1058.36,1556.27
88,68,0,1662.2,1858.37,1094.47,1623.84
89,5,3,1811.81,2191.67,3.47184,179.65
89,7,0,1576.11,1697.74,0,164.279
89,14,0,1283.12,1389.18,0,144.267
89,16,5,571.875,1370,314.056,1262.76
89,22,0,1725.24,1834.76,0,120.685
89,29,0,2479.01,2560,33.1731,245.192
89,21,0,1657.19,1872.32,74.8537,292.585
89,47,0,2320.56,2523.4,810.925,1176
89,44,0,1995.13,2208.74,95.2616,326.131
89,62,3,647.722,1204.61,154.863,415.214
89,64,0,2344.51,2560,1022.36,1505.89
89,68,0,1664.89,1863.41,1025.2,1533.67
90,5,3,1805.7,2215.47,4.48362,174.409
90,7,0,1577.55,1690.14,1.875,163.413
90,14,0,1281.83,1388.94,5.12019,152.957
90,16,5,570.938,1370,312.1,1264.17
90,22,0,1737.67,1822.33,0,105.901
90,29,0,2479.01,2560,33.1731,245.192
90,21,0,1743.66,1955.53,71.0561,288.362
90,47,0,2331.73,2531.42,778.578,1106.15
90,44,0,2097.73,2289.51,94.7827,326.556
90,62,3,764.006,1310.53,153.329,402.691
90,64,0,2350.57,2559.8,985.702,1431.15
90,68,0,1682.09,1885.28,970.574,1455.76
91,5,3,1810.85,2204.49,0.906436,176.569
91,7,0,1581.06,1680.48,0,158.51
91,14,0,1281.83,1388.94,5.12019,152.957
91,16,5,571.562,1367.5,311.508,1266.02
91,22,0,1737.67,1822.33,0,105.901
91,21,0,1844,2041.48,62.1996,289.047
91,47,0,2339.45,2541.45,753.386,1069.57
91,44,0,2190.07,2379.28,93.4526,321.744
91,62,3,879.744,1416.35,150.6,404.423
91,64,0,2346.15,2557.85,947.446,1384.6
91,68,0,1695.36,1896.28,903.633,1382.23
91,74,0,498.01,751.509,141.706,367.008
92,5,3,1819.04,2159.42,2.74039,163.125
92,7,0,1578.22,1683.32,4.61538,158.942
92,16,5,571.562,1370,310.271,1266.42
92,22,0,1741.3,1818.7,0.612981,102.224
92,21,0,1938.92,2133.19,50.3377,279.076
92,47,0,2354.12,2549.44,728.057,1006.68
92,44,0,2282.46,2460.04,82.2871,322.94
92,62,3,985.637,1517.68,146.959,402.96
92,64,0,2334.73,2549.59,908.152,1338.26
92,68,0,1706.42,1910.07,853.254,1312.39
92,74,0,588.984,846.224,138.649,365.995
93,5,3,1803.47,2213.75,5.68235,175.733
93,7,0,1578.27,1683.27,5.12019,158.87
93,16,5,571.875,1372.5,310.462,1263.35
93,22,0,1739.47,1820.53,0.757213,102.296
93,80,0,0,160.24,178.702,384.087
93,21,0,2022.24,2206.58,45.9722,278.029
93,47,0,2363.08,2550.36,698.128,999.975
93,44,0,2359.47,2541.48,74.0649,324.427
93,62,3,1095.45,1623.32,145.157,406.765
93,64,0,2335.53,2541.11,861.52,1298.14
93,68,0,1736.35,1916.41,803.305,1245.5
93,74,0,685.573,941.311,133.081,360.705
94,5,3,1800.2,2217.68,7.23946,175.022
94,7,0,1581.63,1679.9,1.29808,158.942
94,16,5,572.5,1368.75,306.685,1266.46
94,22,0,1747.45,1821.78,0,107.957
94,80,0,0,257.155,143.462,394.927
94,21,0,2099.1,2282,50.5147,273.083
94,47,0,2386.27,2558.3,674.285,1013.58
94,44,0,2446.78,2559.38,85.024,310.745
94,62,3,1197.68,1726.38,147.102,404.623
94,64,0,2328.84,2533.36,829.956,1257.61
94,68,0,1758.47,1933.59,755.253,1188.26
94,74,0,780.311,1026.93,127.85,357.315
94,77,0,928.173,1101.06,99.5914,292.716
95,5,3,1803.7,2224.53,3.93456,179.769
95,7,0,1581.63,1679.9,1.29808,158.942
95,16,5,585.625,1392.5,307.895,1275.31
95,22,0,1751.32,1824.06,0,103.45
95,80,0,100.156,326.754,152.217,383.199
95,21,0,2179.52,2362.02,59.2788,267.26
95,47,0,2406.55,2556.71,655.571,1049.54
95,44,0,2446.78,2559.38,85.024,310.745
95,62,3,1299.4,1824.38,142.71,397.138
95,64,0,2319.77,2530.58,792.477,1210.17
95,68,0,1761.02,1955.43,711.965,1123.84
95,74,0,863.558,1128.75,129.159,325.457
95,77,0,1023.37,1192.02,102.188,290.409
96,5,3,1806.44,2213.77,5.81096,177.153
96,16,5,571.562,1370,309.174,1269.3
96,22,0,1752.55,1822.84,1.04568,107.055
96,80,0,100.156,326.754,152.217,383.199
96,21,0,2256.01,2430.14,55.024,262.284
96,47,0,2405.5,2557.88,632.546,1031.11
96,62,3,1395.66,1927.44,135.836,390.279
96,64,0,2312.83,2517.38,770.251,1171.8
96,68,0,1809.35,1976.21,671.289,1065.98
96,74,0,951.538,1202.31,133.413,321.49
96,77,0,1109.18,1284.66,95.9856,286.514
97,5,3,1799.92,2198.15,6.73115,172.114
97,16,5,571.25,1371.25,307.279,1266.46
97,22,0,1752.55,1822.84,1.04568,107.055
97,21,0,2328.27,2493.27,53.9423,255.288
97,47,0,2424.83,2559,610.676,995.31
97,62,3,1500.74,2025.46,135.035,384.542
97,64,0,2308.85,2497.18,744.418,1133.23
97,68,0,1839.35,1991.21,634.82,1024.11
97,74,0,1040.56,1284.21,117.378,348.023
97,77,0,1162.79,1374.13,74.8558,279.087
98,5,3,1821.25,2151.06,3.60577,167.452
98,16,5,570.938,1370,307.028,1267.03
98,21,0,2403.56,2560,55.1683,252.62
98,47,0,2438.17,2555.89,599.347,971.76
98,62,3,1595.91,2117.62,131.698,378.389
98,64,0,2293.67,2488.6,727.454,1093.42
98,68,0,1855.09,2016.69,600.309,971.86
98,74,0,1123.91,1362.51,115.132,343.647
98,77,0,1261.08,1460.82,54.6447,279.671
99,5,3,1829.62,2151.92,2.88461,152.885
99,16,5,571.875,1372.5,312.051,1261.92
99,21,0,2482.88,2560,55.4567,250.312
99,47,0,2442.22,2556.82,581.497,968.935
99,62,3,1714.34,2206.97,130.042,373.962
99,64,0,2287.55,2467.09,692.812,1070.6
99,68,0,1884.32,2038.79,556.803,933.169
99,74,0,1199.21,1443.46,122.347,350.304
99,77,0,1333.75,1534.98,53.4789,281.882
99,80,0,529.934,800.442,135.35,363.419
100,5,3,1822.88,2167.88,2.09134,163.053
100,14,0,1278.27,1392.5,0,156.707
100,16,5,571.25,1373.75,311.101,1260.97
100,21,0,2482.88,2560,55.4567,250.312
100,47,0,2448.42,2560,559.305,943.586
100,62,3,1811.82,2291.83,131.829,369.917
100,64,0,2277.61,2460.6,666.315,1030.43
100,68,0,1914.13,2062.43,534.12,892.386
100,74,0,1281.9,1517.05,114.051,344.921
100,77,0,1416.38,1614.06,57.3377,283.411
100,80,0,633.877,888.244,130.044,361.252
101,5,3,1801.31,2219.37,4.16318,183.991
101,14,0,1278.27,1392.5,0,156.707
101,16,5,571.562,1371.25,303.999,1268.35
101,47,0,2450.68,2559.97,541.332,923.135
101,62,3,1899.48,2372.2,119.224,365.313
101,64,0,2265.58,2445.2,639.529,1008.8
101,67,0,1732.56,1934.68,81.1369,304.904
101,68,0,1943.47,2084.05,512.852,853.328
101,74,0,1362.33,1605.06,116.088,343.823
101,77,0,1496.21,1705.95,56.4507,278.91
101,80,0,740.404,994.523,116.999,361.323
102,5,3,1804.17,2204.46,2.30937,176.946
102,14,0,1283.99,1391.39,1.80289,153.678
102,16,5,571.875,1372.5,308.441,1269.74
102,47,0,2450.12,2558.19,522.885,899.711
102,62,3,2002.8,2459.75,119.088,357.206
102,64,0,2257.27,2436.54,615.105,983.876
102,67,0,1792.83,1975.38,73.6521,307.015
102,68,0,1972.97,2118.76,475.324,822.028
102,74,0,1447.15,1679.33,115.553,340.854
102,77,0,1583.49,1787.52,51.9611,264.856
102,80,0,849.572,1100.07,103.083,331.486
102,83,3,6.50658,339.855,163.223,390.38
103,5,3,1790.97,2257.61,6.88469,170.221
103,14,0,1280.29,1388.94,3.10096,151.659
103,16,5,572.188,1371.25,309.971,1267.75
103,47,0,2457.04,2559.32,516.184,876.435
103,62,3,2090.75,2545.84,111.508,349.742
103,64,0,2254.42,2420.38,587.679,953.19
103,67,0,1843.3,2024.24,73.5321,304.064
103,68,0,1998.88,2146.79,454.147,785.742
103,74,0,1528.62,1754.46,117.217,337.084
103,77,0,1653.84,1867.14,41.3352,266.197
103,80,0,950.032,1204.03,104.325,329.187
103,83,3,6.54989,420.548,166.496,399.069
104,5,3,1782.25,2219.28,1.46798,178.941
104,14,0,1281.92,1390.38,0,142.861
104,16,5,571.875,1370,308.493,1267.33
104,47,0,2453.43,2560,499.536,854.939
104,62,3,2182.88,2557.76,106.257,347.336
104,64,0,2250.24,2409.96,570.481,915.664
104,67,0,1905.24,2082.45,103.053,292.139
104,68,0,2031.64,2171.77,438.043,755.731
104,74,0,1604.72,1828.83,99.7978,332.763
104,77,0,1755.48,1933.75,51.7067,254.062
104,80,0,1052.55,1295.37,109.351,342.715
104,83,3,9.66486,502.292,161.45,389.414
105,5,3,1782.25,2219.28,1.46798,178.941
105,7,0,1583.73,1680.89,1.00961,160.962
105,14,0,1281.92,1390.38,0,142.861
105,16,5,573.75,1370,307.831,1267.25
105,22,0,1728.03,1835.05,0,114.447
105,47,0,2448.56,2560,484.16,827.914
105,62,3,2261.89,2556.93,100.244,334.813
105,64,0,2244.9,2400.46,548.77,889.557
105,67,0,1962.98,2138.56,98.7981,289.183
105,68,0,2071.66,2202.21,409.493,724.285
105,74,0,1680.51,1902.17,107.563,326.359
105,77,0,1802.6,2009.71,44.5673,233.365
105,80,0,1149.38,1396.93,108.622,341.985
105,83,3,81.1067,604.418,164.009,384.259
105,85,0,1956.65,2286.8,1590.54,1920
106,7,0,1583.27,1678.27,1.65865,166.514
106,16,5,573.125,1370,306.47,1267.18
106,22,0,1728.03,1835.05,0,114.447
106,47,0,2455.29,2559.53,473.78,813.86
106,62,3,2345.81,2558.22,100.632,326.044
106,64,0,2234.04,2393.49,527.298,862.965
106,67,0,2016.88,2186.2,102.692,286.731
106,68,0,2089.55,2227.88,391.477,694.617
106,74,0,1753.93,1976.49,92.4459,328.214
106,77,0,1909.47,2062.84,49.6154,252.692
106,80,0,1247.11,1495.09,108.327,342.033
106,83,3,187.642,697.833,156.357,372.399
106,85,0,1957.11,2270.06,1509.07,1919.13
107,5,3,1813.75,2161.63,2.8125,169.688
107,7,0,1582.98,1681.63,0.576925,163.702
107,14,0,1282.88,1386.35,0,144.555
107,16,5,568.438,1373.75,311.359,1262.04
107,47,0,2458.28,2560,464.666,802.12
107,62,3,2419.18,2559.28,86.8269,335.769
107,64,0,2225.96,2379.12,511.123,840.58
107,67,0,2074.71,2245.29,99.8077,284.423
107,68,0,2128.27,2268.03,372.03,668.834
107,74,0,1837.2,2042.93,93.0402,327.546
107,77,0,1909.47,2062.84,49.6154,252.692
107,80,0,1333.48,1580.82,107.448,341.153
107,83,3,234.468,790.952,149.519,373.018
107,85,0,1962.14,2252.21,1423.37,1919.46
108,5,3,1816.15,2140.77,1.29808,171.058
108,7,0,1582.31,1688.46,2.01923,167.019
108,14,0,1284.66,1389.18,2.01923,152.163
108,16,5,570.625,1372.5,311.253,1262.05
108,22,0,1739.47,1820.53,0,105.865
108,47,0,2462.87,2560,449.562,785.517
108,62,3,2486.23,2559.93,69.5192,333.173
108,64,0,2225.81,2376.7,488.748,806.862
108,67,0,2080.38,2295,75.649,273.101
108,68,0,2158.09,2308.65,345.349,635.172
108,74,0,1914.33,2109.6,92.937,322.458
108,80,0,1431.34,1658.68,114.297,333.2
108,83,3,354.586,877.897,140.974,372.216
108,85,0,1965.89,2230.91,1355.49,1914.21
109,5,3,1805.65,2197.19,0.563729,182.689
109,7,0,1585.67,1682.02,0,162.548
109,14,0,1283.56,1388.75,0,145.168
109,16,5,570,1373.75,311.037,1265.2
109,22,0,1723.63,1802.52,0,105.974
109,47,0,2469.56,2560,433.183,778.535
109,62,3,2486.23,2559.93,69.5192,333.173
109,64,0,2217.62,2367.05,465.385,775.41
109,67,0,2167.45,2343.32,70.2404,271.01
109,68,0,2158.09,2308.65,345.349,635.172
109,74,0,1985.38,2180.79,91.14,316.112
109,80,0,1516.38,1738.61,98.9981,327.011
109,83,3,442.76,968.954,130.745,367.096
109,85,0,1964.88,2218.69,1280.27,1855.45
110,5,3,1803.07,2252.19,1.76996,184.966
110,7,0,1585.67,1682.02,0,162.548
110,14,0,1283.56,1388.75,0,145.168
110,16,5,569.688,1371.25,310.571,1265.67
110,22,0,1726.44,1833.56,0,117.62
110,47,0,2476.31,2560,419.716,774.414
110,64,0,2214.62,2365.85,448.34,750.003
110,67,0,2202.76,2395.61,45.1999,272.601
110,68,0,2230.29,2366.63,309.303,523.774
110,74,0,2053.66,2249.35,79.1609,309.974
110,80,0,1591.68,1823.1,93.2861,321.689
110,83,3,539.601,1064.58,122.454,364.166
110,85,0,1955.73,2207.13,1207.19,1773.32
111,5,3,1794.51,2260.55,2.66795,175.017
111,7,0,1581.15,1683.46,0,164.495
111,16,5,572.812,1371.25,310.4,1268.3
111,22,0,1726.44,1833.56,0,117.62
111,47,0,2496.61,2558.77,409.904,741.635
111,64,0,2222.19,2370.78,418.927,722.919
111,67,0,2261.68,2445.86,28.4872,281.306
111,68,0,2252.22,2421.42,288.996,546.676
111,74,0,2122.03,2306.86,71.5694,312.164
111,80,0,1677.09,1905.26,87.158,315.227
111,83,3,626.156,1164.73,114.605,365.448
111,85,0,1952.79,2198.5,1146.38,1698.59
112,5,3,1798.02,2241.81,2.05497,175.841
112,7,0,1570.29,1666.63,0.216343,162.043
112,16,5,571.562,1371.25,308.799,1270.09
112,22,0,1730.12,1823.73,0,93.4615
112,47,0,2505.84,2558.77,403.413,727.356
112,64,0,2233.26,2385.11,413.885,704.239
112,67,0,2323.04,2501.14,14.8908,258.262
112,68,0,2305.1,2436.44,267.404,521.25
112,74,0,2190.89,2375.66,70.2077,307.014
112,80,0,1764.15,1983.28,83.9782,311.936
112,83,3,726.685,1254.49,116.617,358.854
112,85,0,1943.18,2184.32,1091.18,1618.35
113,5,3,1816.39,2227.42,0,182.698
113,7,0,1572.52,1664.4,0,165.144
113,16,5,570.938,1370,306.298,1273.48
113,22,0,1730.12,1823.73,0,93.4615
113,47,0,2516.08,2557.76,397.788,728.942
113,64,0,2252.1,2393.68,394.498,681.82
113,67,0,2402.98,2557.02,28.3413,247.284
113,68,0,2341.3,2471.01,249.952,517.356
113,74,0,2245.94,2441.21,72.6204,303.772
113,80,0,1841.09,2049.47,84.3724,313.11
113,83,3,808.384,1339.77,113.41,355.343
113,85,0,1936.29,2175.38,1039.55,1552.38
114,5,3,1822.02,2144.13,1.73077,171.346
114,7,0,1571.13,1665.79,0,162.692
114,16,5,571.25,1371.25,308.588,1271.06
114,22,0,1742.5,1823.65,1.37019,110.264
114,47,0,2524.86,2558.22,395.769,724.039
114,64,0,2264.26,2399.03,377.488,668.162
114,67,0,2402.98,2557.02,28.3413,247.284
114,68,0,2388.03,2510.43,236.538,490.385
114,74,0,2319.04,2477.88,84.1586,294.88
114,80,0,1923.62,2130.83,85.0242,307.701
114,83,3,919.471,1429.79,109.821,352.028
114,85,0,1930.61,2163.9,995.062,1481.91
115,5,3,1809.26,2213.91,4.41936,177.021
115,7,0,1571.13,1665.79,0,162.692
115,16,5,573.438,1368.75,304.936,1271.17
115,22,0,1740.24,1819.76,0.216347,106.514
115,47,0,2536.91,2558.47,364.327,712.789
115,64,0,2281.35,2432.53,365.499,640.267
115,68,0,2442.64,2554.28,215.192,481.154
115,74,0,2378.46,2529.23,71.3942,283.99
115,80,0,1996.83,2201.5,74.8172,302.663
115,83,3,1013.54,1527.98,109.479,349.164
115,85,0,1937.58,2151.85,948.297,1425.84
116,5,3,1805.57,2196.91,3.97623,180.154
116,16,5,571.562,1371.25,310.328,1267.53
116,22,0,1740.24,1819.76,0.216347,106.514
116,47,0,2536.91,2558.47,364.327,712.789
116,64,0,2313.5,2464.9,345.294,626.784
116,68,0,2491.11,2558.12,180.793,460.168
116,74,0,2378.46,2529.23,71.3942,283.99
116,80,0,2072.42,2275.16,78.4536,300.696
116,83,3,1098.19,1615.41,106.788,349.431
116,85,0,1929.16,2138.59,904.963,1365.67
117,5,3,1801.49,2214.18,5.29291,178.57
117,7,0,1582.74,1681.88,0,167.091
117,16,5,573.438,1367.5,306.201,1268.08
117,22,0,1740.41,1819.59,0,106.262
117,64,0,2354.47,2482.45,330.793,605.553
117,68,0,2491.11,2558.12,180.793,460.168
117,80,0,2148.8,2340.76,70.6721,300.137
117,83,3,1189.84,1711.87,103.769,348.069
117,85,0,1933.71,2133.57,860.47,1311.94
118,5,3,1809.63,2202.89,5.50539,177.015
118,7,0,1582.74,1681.88,0,167.091
118,16,5,575.938,1368.75,303.746,1266.1
118,22,0,1751.59,1823.8,0.288463,108.894
118,64,0,2388.17,2522.6,315.938,578.293
118,80,0,2216.96,2403.51,69.6499,293.635
118,83,3,1287.28,1794,105.277,343.22
118,85,0,1932.83,2128.5,817.995,1258.95
119,5,3,1805.93,2220.77,6.06469,179.808
119,16,5,573.75,1373.75,304.232,1262.01
119,22,0,1751.59,1823.8,0.288463,108.894
119,64,0,2423.22,2552.16,293.221,561.779
119,80,0,2284.89,2473.45,63.7707,293.909
119,83,3,1373.47,1878.95,98.1535,331.21
119,85,0,1926,2127.62,779.896,1210.59
120,5,3,1798.29,2213.15,5.61074,176.702
120,16,5,572.812,1372.5,306.007,1261.92
120,64,0,2454.04,2558.27,283.341,549.159
120,80,0,2346.31,2534.56,54.4807,289.33
120,83,3,1459.91,1955.98,99.2886,327.67
120,85,0,1922.79,2125.8,744.529,1167.3
121,5,3,1807.71,2215.49,6.66668,175.105
121,16,5,573.75,1370,306.285,1264.65
121,64,0,2497.76,2560,249.375,533.51
121,80,0,2415.87,2559.52,56.9712,282.837
121,83,3,1546.86,2030.1,94.8585,327.63
121,85,0,1930.09,2115.87,714.568,1120.6
122,5,3,1828.65,2159.04,2.09134,166.659
122,16,5,571.875,1370,309.511,1265.54
122,64,0,2497.76,2560,249.375,533.51
122,80,0,2478.99,2557.93,61.4423,272.019
122,83,3,1633.9,2116.05,92.3258,321.153
122,85,0,1926.41,2113.14,680.555,1082.39
123,5,3,1836.73,2150.96,2.19952,120.685
123,16,5,569.375,1372.5,309.046,1266.71
123,80,0,2478.99,2557.93,61.4423,272.019
123,83,3,1703.27,2188.61,94.052,318.728
123,85,0,1929.37,2112.72,651.797,1044.38
124,5,3,1802.79,2175.67,2.01923,120.361
124,7,0,1583.25,1678.29,0,162.548
124,16,5,571.875,1372.5,307.79,1265.92
124,83,3,1788.76,2261.73,97.0094,313.052
124,85,0,1930.02,2115.4,623.764,1006.83
125,5,3,1814.36,2212.2,3.90145,170.54
125,7,0,1583.75,1683.94,0,160.457
125,16,5,574.375,1370,303.576,1271.35
125,83,3,1863.72,2332.64,85.4634,313.649
125,85,0,1944.63,2121.9,596.87,966.791
126,5,3,1810.09,2245.76,3.27207,177.738
126,7,0,1583.75,1683.94,0,160.457
126,16,5,573.438,1370,304.834,1269.07
126,83,3,1938.74,2385.39,75.3259,305.667
126,85,0,1951.76,2124.97,574.046,931.493
127,5,3,1808.61,2213.76,5.41855,180.482
127,16,5,572.812,1371.25,304.46,1268.46
127,83,3,2014.1,2464.18,80.2556,303.183
127,85,0,1967.6,2131.08,546.695,909.151
128,5,3,1804.59,2215.72,9.84208,175.508
128,16,5,574.375,1370,303.975,1269.39
128,83,3,2081.44,2527.06,77.9041,293.367
128,85,0,1978.79,2140.31,524.666,876.357
129,5,3,1799.71,2211.34,6.9096,172.98
129,7,0,1583.39,1681.23,0,160.962
129,16,5,572.188,1371.25,304.588,1272.36
129,83,3,2146.4,2560,73.5012,298.122
129,85,0,1992.33,2153,501.572,847.937
130,5,3,1801.33,2198.64,6.77186,173.167
130,7,0,1571.42,1662.43,1.22596,160.745
130,16,5,571.875,1372.5,306.988,1271.22
130,83,3,2212.41,2554.42,70.8791,295.199
130,85,0,2010.47,2166.61,483.46,813.178
131,5,3,1804.02,2205.72,5.50688,172.553
131,7,0,1581.39,1677.07,0,161.25
131,16,5,573.75,1368.75,307.549,1267.09
131,83,3,2273.65,2557.12,71.1058,273.894
131,85,0,2025.66,2180.25,458.161,786.854
132,5,3,1800.65,2200.01,5.02758,172.564
132,7,0,1581.39,1677.07,1.80288,161.034
132,16,5,574.375,1367.5,307.656,1267.43
132,83,3,2328.27,2560,66.4183,274.255
132,85,0,2040.26,2191.59,440.931,758.734
133,5,3,1800.39,2194.42,5.78613,175.173
133,7,0,1580.84,1677.62,1.22596,162.043
133,16,5,571.875,1370,309.109,1266.42
133,83,3,2386.44,2560,47.9468,283.715
133,85,0,2055.18,2213.97,424.548,734.574
134,5,3,1801.59,2209.62,6.43855,172.671
134,7,0,1572.91,1667.09,1.65866,161.178
134,16,5,572.5,1367.5,307.354,1270.18
134,83,3,2436.54,2560,43.4135,269.279
134,85,0,2083.65,2228.94,401.491,709.291
135,5,3,1800.63,2205.68,4.51959,175.444
135,7,0,1573.65,1666.35,0.793269,161.899
135,16,5,573.75,1366.25,306.319,1270.43
135,83,3,2485.17,2560,53.4375,258.389
135,85,0,2111.59,2248.78,385.214,687.873
135,95,3,10.2274,348.66,155.659,390.114
136,5,3,1804.94,2204.54,4.6484,180.482
136,7,0,1573.05,1666.95,1.37019,162.188
136,16,5,572.188,1368.75,306.189,1269.25
136,22,0,1737.12,1819.81,0.216343,109.543
136,83,3,2531.38,2560,56.5385,255.288
136,85,0,2137.4,2279.01,368.366,660.855
136,95,3,4.2474,424.278,132.55,407.559
136,96,3,1527.5,2296.25,1535.57,1916.28
137,5,3,1804.52,2112.4,8.65385,176.538
137,7,0,1573.1,1666.9,0,161.683
137,16,5,572.5,1370,306.349,1269.05
137,22,0,1737.12,1819.81,0.216343,109.543
137,83,3,2531.38,2560,56.5385,255.288
137,85,0,2163.55,2314.07,354.526,635.672
137,95,3,4.70861,523.947,120.624,402.947
137,96,3,1545,2272.5,1437.45,1918.1
138,5,3,1799.13,2213.56,3.66309,180.79
138,7,0,1570.72,1666.2,0,162.837
138,16,5,571.562,1368.75,305.049,1271.64
138,22,0,1739.09,1823.99,0,107.56
138,85,0,2195.63,2341.2,331.656,616.951
138,95,3,1.22971,634.741,126.82,393.832
138,96,3,1557.5,2250,1343.48,1917.79
139,5,3,1793.15,2188.43,2.7805,181.645
139,7,0,1581.06,1680.48,0,163.63
139,16,5,571.25,1367.5,305.06,1270.82
139,22,0,1739.09,1823.99,0,107.56
139,85,0,2227.44,2369.08,315.695,596.636
139,95,3,72.044,728.544,129.464,377.301
139,96,3,1563.75,2222.5,1263.57,1864.92
140,5,3,1790.01,2172.1,1.26016,183.653
140,7,0,1581.54,1676.92,0,160.312
140,16,5,571.562,1367.5,306.774,1266.78
140,85,0,2261.27,2406.73,301.968,569.521
140,95,3,180.038,829.205,124.046,382.322
140,96,3,1582.5,2223.75,1181.86,1732.38
141,5,3,1784.78,2175.98,2.4012,182.757
141,7,0,1572.69,1667.31,0,159.303
141,16,5,573.125,1367.5,308.013,1271.31
141,85,0,2306.78,2428.61,272.885,557.885
141,95,3,219.568,942.001,112.411,380.468
141,96,3,1593.75,2201.25,1109.2,1649.32
142,5,3,1781.06,2173.89,0.887339,187.196
142,7,0,1582.52,1679.01,0,158.726
142,16,5,572.5,1367.5,305.108,1270.87
142,85,0,2342.31,2470,260.264,537.043
142,95,3,255.758,1052.89,111.029,369.133
142,96,3,1598.75,2205,1044.33,1565.22
143,5,3,1780.49,2177.32,3.47241,191.839
143,7,0,1582.52,1679.01,0,158.726
143,16,5,573.125,1367.5,305.793,1277.11
143,85,0,2381.01,2511.3,254.351,515.264
143,95,3,469.386,1143.26,105.457,363.151
143,96,3,1622.44,2186.86,973.22,1479.76
144,5,3,1770.86,2149.7,3.30123,188.069
144,7,0,1566.92,1670,0,161.683
144,16,5,573.125,1367.5,305.514,1281.95
144,85,0,2420.87,2545.29,230.264,501.851
144,95,3,564.48,1248.63,107.597,360.971
144,96,3,1639.97,2188.91,923.678,1408.68
145,5,3,1768.43,2144.42,1.82388,188.178
145,7,0,1563.22,1664.47,0,164.712
145,16,5,573.438,1366.25,310.208,1277.62
145,85,0,2459.52,2555.87,222.476,473.87
145,95,3,657.347,1343.34,97.0369,363.691
145,96,3,1655.37,2177.89,864.314,1335.42
146,5,3,1771.41,2148.31,1.89495,187.024
146,7,0,1564.66,1666.11,0,163.053
146,16,5,573.438,1366.25,309.904,1271.32
146,64,0,2513.73,2560,188.221,462.548
146,85,0,2459.52,2555.87,222.476,473.87
146,95,3,772.18,1425.48,97.5546,355.194
146,96,3,1674.82,2181.75,809.394,1280.73
147,5,3,1760.68,2143.33,2.47699,186.21
147,7,0,1559.66,1664.95,0,162.188
147,16,5,573.75,1365,305.28,1278.03
147,64,0,2513.73,2560,188.221,462.548
147,95,3,876.335,1515.44,89.1223,361.626
147,96,3,1687.17,2191.15,766.938,1210.59
147,99,0,1846.29,2141.44,1557.4,1920
147,100,3,2073.65,2314.04,0,95.2284
148,5,3,1762.89,2137.5,1.55389,187.817
148,7,0,1559.66,1664.95,0,162.188
148,16,5,573.438,1365,305.994,1273.29
148,95,3,979.394,1625.4,66.8239,347.772
148,96,3,1707.77,2190.2,714.674,1152.08
148,99,0,1853.02,2122.08,1462.16,1920
148,100,3,2074.23,2307.31,0,93.6058
148,101,0,2356.77,2557.37,1246.52,1770.11
