2,1,3,593.449,997.118,221.557,500.898
2,2,0,2214.94,2354.22,463.808,791.981
2,3,3,1611.14,1960.65,8.87539,199.369
2,4,3,604.814,1118.23,819.171,1273.56
2,5,0,390.002,578.847,941.357,1395.48
2,6,1,1051.68,1521.89,0.796866,355.472
2,7,0,2139.38,2236.01,2.23558,121.731
3,1,3,550.557,958.037,230.987,520.57
3,2,0,2251.13,2392.23,443.781,756.658
3,3,3,1571.33,1928.26,11.9036,211.369
3,4,3,607.298,1118.09,818.659,1273.27
3,5,0,407.853,591.38,939.7,1398.84
3,6,1,1013.63,1481.69,1.74502,369.829
3,7,0,2110.29,2209.71,2.12741,130.565
4,1,3,507.682,916.458,242.07,535.998
4,2,0,2279.28,2428.56,415.011,725.908
4,3,3,1536.42,1888.33,21.3417,214.222
4,4,3,601.533,1115.57,820.741,1272.92
4,5,0,386.661,581.786,943.03,1396.05
4,6,1,967.251,1457.75,0,402.4
4,7,0,2077.31,2150.38,0,182.236
5,1,3,459.033,873.715,252.573,547.183
5,2,0,2319.31,2467.25,392.62,684.396
5,3,3,1495.72,1858.98,22.5648,226.063
5,4,3,602.429,1115.72,822.077,1271.06
5,5,0,401.042,601.442,940.129,1397.48
5,6,1,914.602,1421.66,0,407.939
5,7,0,2049.23,2153.85,2.30769,187.5
6,1,3,413.452,838.875,269.061,559.423
6,2,0,2344.17,2499.59,370.266,647.121
6,3,3,1454.76,1817.31,30.1872,230.629
6,4,3,605.029,1115.82,821.926,1271.13
6,5,0,399.916,600.781,938.888,1396.57
6,6,1,882.988,1378.18,0,412.982
6,7,0,2026.54,2130.38,5.40866,197.091
6,9,0,147.615,293.4,424.286,740.156
7,1,3,394.546,793.901,281.345,579.174
7,2,0,2391.46,2541.25,336.068,616.734
7,3,3,1415.75,1775.57,28.3086,243.561
7,4,3,601.513,1115.55,822.19,1271.62
7,5,0,387.679,581.617,941.997,1392.15
7,6,1,838.911,1347.71,3.42736,444.592
7,7,0,2007.84,2112.16,6.41827,201.418
7,9,0,112.267,259.017,438.266,767.02
8,1,3,399.735,750.192,292.989,603.287
8,2,0,2438.03,2552.74,310.673,591.635
8,3,3,1370.35,1742.32,33.7149,247.736
8,4,3,602.815,1115.1,820.326,1273.17
8,5,0,389.765,578.242,943.801,1389.79
8,6,1,798.899,1318.49,5.31057,443.577
8,7,0,1998.03,2091.2,21.1298,211.226
8,9,0,67.5094,225.604,461.398,799.265
9,1,3,332.86,703.106,300.956,617.027
9,2,0,2478.41,2558.51,292.5,558.462
9,3,3,1333.06,1703.4,43.2655,256.869
9,4,3,605.332,1116.62,819.536,1274.93
9,5,0,401.871,595.336,940.388,1398.07
9,6,1,759.967,1272.5,1.07045,454.133
9,7,0,1985.38,2088.46,7.06731,222.404
9,9,0,40.7928,198.733,483.162,827.756
10,1,3,224.717,664.207,315.265,640.534
10,2,0,2522.93,2560,257.236,523.341
10,3,3,1293.1,1667.8,47.9986,263.198
10,4,3,601.395,1116.94,821.406,1270.94
10,5,0,399.926,599.52,940.369,1394.16
10,6,1,716.966,1256.73,0,463.103
10,7,0,1984.52,2083.17,13.7019,223.702
10,9,0,1.7199,158.469,502.177,853.761
10,13,0,681.174,881.244,615.625,846.889
11,1,3,178.034,620.836,332.821,663.011
11,2,0,2522.93,2560,257.236,523.341
11,3,3,1252.57,1626.18,57.4382,271.694
11,4,3,604.18,1116.59,822.358,1270.58
11,5,0,398.148,602.376,940.956,1393.64
11,6,1,672.478,1194.74,11.1662,478.154
11,7,0,1986.35,2087.5,21.274,226.659
11,9,0,2.41414,113.214,526.486,891.406
11,13,0,683.276,878.783,613.644,847.577
12,1,3,132.202,574.113,342.847,678.565
12,3,3,1209.78,1588.07,60.3973,280.136
12,4,3,604.447,1119.24,820.878,1272.28
12,5,0,400.402,598.673,940.282,1394.96
12,6,1,622.902,1165.84,16.3435,496.042
12,7,0,1990.05,2096.11,29.4231,233.221
12,9,0,1.40172,80.7803,541.07,961.989
12,13,0,681.316,880.959,612.002,848.462
13,1,3,86.3423,525.109,357.237,703.188
13,3,3,1166.99,1550.96,65.1589,292.538
13,4,3,603.336,1117.88,820.105,1271.18
13,5,0,397.914,599.738,937.988,1399.04
13,6,1,591.433,1131.07,24.9221,512.056
13,7,0,2007.36,2112.64,34.399,236.755
13,9,0,2.71918,36.1012,560.14,977.885
13,13,0,684.307,877.678,613.117,849.116
14,1,3,32.8137,483.812,372.678,724.335
14,3,3,1133.52,1515.89,73.0154,301.843
14,4,3,603.831,1116.12,819.774,1274.05
14,5,0,381.882,586.91,946.145,1391.81
14,6,1,540.224,1083.42,23.9938,527.451
14,7,0,2026.54,2145.77,31.2981,246.49
14,9,0,2.71918,36.1012,560.14,977.885
14,13,0,686.391,875.398,618.268,886.868
15,1,3,2.05963,447.26,390.416,742.33
15,3,3,1096.67,1472.2,79.3899,308.553
15,4,3,603.915,1118.58,820.225,1270.2
15,5,0,393.348,602.342,935.003,1394.48
15,6,1,505.769,1051.36,62.0128,545.474
15,7,0,2049.9,2193.17,35.2644,251.178
15,13,0,686.391,875.398,618.268,886.868
16,1,3,0,430.84,411.025,762.596
16,3,3,1051.1,1436.94,83.024,319.029
16,4,3,605.825,1118.36,820.447,1270.09
16,5,0,381.254,584.586,934.414,1391.88
16,6,1,464.453,1002.11,63.0452,554.839
16,7,0,2076.78,2243.22,50.625,260.337
17,1,3,2.81689,315.618,431.549,796.559
17,3,3,1016.39,1390.27,95.5553,332.253
17,4,3,603.879,1117.67,819.02,1272.64
17,5,0,383.076,585.196,934.618,1395.44
17,6,1,397.849,962.964,68.4473,565.432
17,7,0,2116.78,2305.85,32.3566,271.137
18,1,3,0.905857,307.208,455.229,820.127
18,3,3,970.529,1353.79,104.444,344.136
18,4,3,607.49,1116.91,818.385,1271.34
18,5,0,396.965,602.268,936.521,1394.65
18,6,1,387.698,915.216,78.4936,580.723
18,7,0,2170.29,2375.4,51.6207,278.8
18,13,0,680.883,881.724,610.985,848.544
19,1,3,0,267.791,474.573,842.423
19,3,3,933.24,1322.87,112.374,352.879
19,4,3,607.284,1118.45,818.953,1270.03
19,5,0,400.783,599.77,938.618,1394.63
19,6,1,377.542,873.947,64.874,612.039
19,7,0,2221.61,2456.42,61.7267,275.351
19,13,0,681.345,881.721,611.96,849.694
20,1,3,0.944586,217.47,494.844,874.278
20,3,3,901.136,1280.26,121.059,368.261
20,4,3,605.001,1116.29,817.833,1270.67
20,5,0,401.91,599.107,939.371,1395.49
20,6,1,378.148,831.4,110.784,636.602
20,7,0,2284.81,2527.5,73.4856,272.38
20,13,0,681.345,881.721,611.96,849.694
20,19,3,1785.76,2131.21,0,189.365
21,1,3,1.58235,172.148,511.535,907.58
21,3,3,859.675,1244.9,128.911,381.051
21,4,3,604.78,1117.32,816.909,1271.63
21,5,0,399.077,599.134,937.256,1395.5
21,6,1,224.069,793.825,125.51,647.236
21,7,0,2355.4,2557.42,67.4931,287.791
21,13,0,683.157,879.023,612.956,848.265
21,19,3,1728.15,2073.93,1.63227,196.834
22,1,3,1.58235,172.148,511.535,907.58
22,3,3,819.18,1214.7,137.432,389.295
22,4,3,606.288,1119.2,816.805,1272.75
22,5,0,395.838,602.373,932.491,1394.89
22,6,1,180.709,751.021,113.976,666.106
22,7,0,2430.14,2560,68.6538,276.635
22,13,0,683.168,879.392,615.499,846.708
22,19,3,1668.51,2017.09,6.50763,206.216
23,1,3,0,92.7144,561.351,985.986
23,3,3,778.268,1176.94,148.084,402.295
23,4,3,606.072,1118.61,816.954,1272.57
23,5,0,392.813,605.748,930.614,1392
23,6,1,115.677,713.36,133.078,701.206
23,7,0,2507.14,2557.48,53.4375,284.639
23,13,0,685.507,876.625,615.728,846.71
23,19,3,1612.54,1962.74,8.10103,212.895
24,1,3,0,92.7144,561.351,985.986
24,3,3,742.008,1144.89,158.802,414.164
24,4,3,608.191,1118.23,817.536,1272.15
24,5,0,392.44,608.636,930.435,1392.95
24,6,1,82.5444,652.3,143.149,711.972
24,7,0,2507.14,2557.48,53.4375,284.639
24,13,0,684.007,876.6,615.889,845.522
24,19,3,1556.38,1904.79,20.1901,223.391
25,3,3,707.615,1107.17,164.06,420.734
25,4,3,604.181,1120.36,817.056,1272.45
25,5,0,391.96,605.271,931.414,1391.11
25,6,1,9.42913,622.781,165.078,748.67
25,13,0,682.757,876.459,616.105,845.682
25,19,3,1503.24,1853.61,23.0093,232.328
26,3,3,666.787,1078.12,179.847,435.942
26,4,3,604.5,1118.54,816.942,1273.45
26,5,0,382.971,581.884,931.666,1391.59
26,6,1,3.12744,569.486,160.065,762.366
26,13,0,683.625,875.678,614.085,847.676
26,19,3,1441.52,1795.85,29.4481,245.675
27,3,3,632.449,1042.17,187.505,452.376
27,4,3,606.708,1118.75,816.784,1275.19
27,5,0,383.35,580.691,934.853,1390.98
27,6,1,0,558.391,152.62,798.046
27,13,0,681.513,878.217,612.632,849.208
27,19,3,1383.02,1743.63,41.2842,259.9
28,3,3,600.833,1002.09,192.45,469.143
28,4,3,606.396,1117.43,815.79,1274.98
28,5,0,381.854,580.355,935.181,1391.08
28,6,1,7.75557,471.021,256.711,835.055
28,13,0,683.264,876.635,612.723,849.587
28,19,3,1330.61,1690.78,46.5328,269.596
29,3,3,564.154,970.74,207.981,478.43
29,4,3,605.172,1120.59,817.34,1274.85
29,5,0,383.067,582.029,936.181,1390.08
29,6,1,7.51032,437.427,213.103,857.585
29,13,0,681.08,876.969,613.507,846.814
29,19,3,1271.74,1644.43,58.2045,280.29
30,3,3,531.697,940.224,214.645,491.913
30,4,3,605.744,1119.53,818.454,1274.4
30,5,0,381.952,581.06,935.797,1391.03
30,6,1,8.65463,371.522,230.226,879.286
30,13,0,678.706,878.715,611.973,848.606
30,19,3,1218.16,1589.49,66.8216,293.564
31,3,3,498.509,907.635,233.692,510.251
31,4,3,606.542,1119.33,819.749,1272.48
31,5,0,380.714,581.457,935.565,1388.58
31,6,1,5.72433,364.364,238.914,912.842
31,13,0,681.798,877.067,612.649,847.499
31,19,3,1161.31,1536.37,77.6191,304.583
32,3,3,461.591,875.109,237.577,524.381
32,4,3,606.612,1120.53,818.895,1271.63
32,5,0,383.096,581.161,936.373,1386.74
32,6,1,2.56369,352.553,276.804,947.532
32,13,0,680.116,880.357,611.456,849.655
32,19,3,1115.49,1485.92,84.776,319.173
32,26,3,1537.5,2382.5,1480.12,1917.99
33,3,3,428.921,838.646,247.179,536.939
33,4,3,603.992,1120.55,820.014,1271.31
33,5,0,384.076,579.345,936.51,1386.99
33,6,1,7.6778,254.047,294.016,967.368
33,13,0,681.072,880.618,610.55,849.914
33,19,3,1059.13,1434.1,95.2595,330.631
33,26,3,1542.5,2353.75,1381.4,1920
33,28,3,791.154,1116.54,4.03846,116.466
34,3,3,396.226,811.541,264.555,548.225
34,4,3,604.077,1120.89,821.388,1268.41
34,5,0,383.578,580.75,934.853,1388.53
34,6,1,2.21728,211.614,292.052,1079.67
34,13,0,683.419,878.688,612.768,846.701
34,19,3,1000.75,1383.59,107.458,343.55
34,26,3,1550,2305,1292.83,1920
34,28,3,752.885,1070.19,1.11779,131.719
35,3,3,397.093,775.564,272.937,563.157
35,4,3,605.832,1121.88,819.348,1271.3
35,5,0,384.56,579.733,936.44,1385.16
35,6,1,2.21728,211.614,292.052,1079.67
35,13,0,683.419,878.688,612.768,846.701
35,19,3,947.437,1337.54,115.17,360.524
35,26,3,1546.25,2270,1204,1893.04
35,28,3,709.808,1042.5,0.540869,137.488
36,3,3,393.525,743.725,288.872,577.925
36,4,3,603.854,1119.4,818.572,1271.85
36,5,0,382.718,579.915,936.524,1387
36,19,3,891.803,1285.74,126.226,376.22
36,26,3,1552.5,2243.75,1140.94,1763.35
36,28,3,673.394,1016.99,0,185.085
37,3,3,373.842,712.77,299.068,601.143
37,4,3,603.579,1118.37,820.659,1271.07
37,5,0,382.087,580.2,937.884,1389.02
37,19,3,833.343,1234.46,139.884,389.467
37,26,3,1560,2216.25,1067.49,1669.51
37,28,3,633.392,994.973,3.49327,189.256
38,3,3,255.472,683.84,304.853,621.349
38,4,3,606.505,1120.29,819.523,1272.81
38,5,0,382.438,582.521,937.402,1387.99
38,13,0,682.965,878.115,614.438,847.403
38,19,3,788.542,1187.02,149.691,407.024
38,26,3,1576.31,2206.35,999.39,1595.66
38,28,3,606.177,955.438,3.58596,200.223
39,3,3,219.391,651.514,312.839,637.553
39,4,3,605.575,1117.86,818.39,1273.23
39,5,0,397.821,596.541,934.562,1391.13
39,13,0,682.965,878.115,614.438,847.403
39,19,3,730.321,1138.55,160.971,422.675
39,26,3,1570,2196.25,954.433,1510.26
39,28,3,568.885,917.379,4.26788,207.742
40,3,3,179.02,624.411,330.203,648.171
40,4,3,605.785,1116.82,818.287,1274.12
40,5,0,381.739,583.563,935.604,1390.17
40,13,0,685.516,877.617,613.065,849.064
40,19,3,678.639,1086.32,172.575,442.751
40,26,3,1578.75,2193.75,901.713,1430.18
40,28,3,536.86,878.864,4.68816,218.422
40,36,3,1725,2532.5,1551.69,1916.29
41,3,3,152.223,595.323,349.916,666.218
41,4,3,607.135,1118.42,816.974,1277.17
41,5,0,383.037,579.633,933.984,1390.33
41,9,0,72.5943,250.041,247.891,528.42
41,13,0,694.038,869.808,627.043,826.803
41,19,3,629.732,1040.66,188.965,454.069
41,26,3,1582.5,2185,839.833,1373.35
41,28,3,505.215,842.328,7.52044,226.403
41,36,3,1725,2493.75,1457.09,1919.35
42,3,3,112.182,558.348,347.958,678.632
42,4,3,608.633,1117.31,817.058,1276.92
42,5,0,381.529,579.328,936.167,1392.29
42,9,0,19.709,187.18,264.263,545.341
42,13,0,694.038,869.808,627.043,826.803
42,19,3,587.477,995.356,203.169,474.941
42,26,3,1613.47,2167.38,796.302,1306.69
42,28,3,473.487,809.778,15.2054,238.105
42,36,3,1728.75,2447.5,1362.83,1920
43,3,3,82.1632,522.029,365.315,704.409
43,4,3,605.908,1115.82,817.349,1276.31
43,5,0,379.945,578.107,934.567,1396.63
43,9,0,0,112.115,279.736,549.88
43,13,0,686.789,875.957,615.518,885.037
43,19,3,536.83,943.069,216.939,489.177
43,26,3,1620.48,2165.54,753.608,1239.32
43,28,3,426.394,770.996,21.5672,248.614
43,36,3,1727.5,2413.75,1279.12,1899.04
44,3,3,44.1618,489.92,378.859,716.055
44,4,3,606.094,1115.64,817.296,1276.59
44,5,0,379.558,579.006,934.712,1393.07
44,9,0,0,112.115,279.736,549.88
44,13,0,688.037,874.046,611.801,848.434
44,19,3,485.834,902.266,225.042,507.296
44,26,3,1630.53,2167.54,704.198,1178.31
44,28,3,390.115,747.135,28.8253,255.734
44,36,3,1728.75,2387.5,1205.12,1782.1
45,3,3,4.38156,454.734,404.886,739.621
45,4,3,605.153,1115.69,817.863,1275.82
45,5,0,380.682,578.989,934.352,1394.95
45,13,0,682.372,880.558,614.429,846.543
45,19,3,460.274,855.073,239.593,526.222
45,26,3,1643.04,2169.02,664.914,1123.54
45,28,3,377.915,704.177,41.1359,266.223
45,36,3,1745,2358.75,1139.37,1679.05
46,3,3,0,455.489,408.726,762.277
46,4,3,602.646,1114.56,818.224,1276.63
46,5,0,381.41,578.703,933.257,1394.76
46,13,0,682.372,880.558,614.429,846.543
46,19,3,411.123,809.602,256.876,545.823
46,26,3,1657.69,2174.63,627.289,1070.07
46,28,3,349.275,669.853,49.5818,286.337
46,36,3,1743.75,2340,1071.83,1572.01
47,3,3,2.08418,336.444,436.994,782.367
47,4,3,607.034,1115.21,817.752,1275.6
47,5,0,382.657,581.813,932.374,1392.52
47,13,0,685.583,878.93,614.851,846.342
47,19,3,397.296,762.069,266.875,562.891
47,26,3,1678.55,2174.83,594.938,1015.69
47,28,3,280.156,636.305,61.2128,315.439
47,36,3,1752.5,2328.75,1018.35,1511.37
47,44,3,1297.5,2175,1519.37,1917.57
48,3,3,3.54469,328.727,456.302,807.532
48,4,3,609.983,1114.45,818.292,1274.69
48,5,0,384.531,580.289,934.493,1388.95
48,13,0,684.423,879.216,613.833,847.139
48,19,3,381.064,721.984,288.152,575.973
48,26,3,1693.61,2190.04,558.912,961.99
48,28,3,226.088,600.333,67.7841,335.074
48,36,3,1762.14,2319.99,955.708,1454.52
48,44,3,1325,2165,1414.11,1920
49,3,3,0.502977,308.154,472.761,830.481
49,4,3,606.048,1115.09,818.651,1273.82
49,5,0,384.739,581.167,936.322,1389.67
49,13,0,687.089,877.741,615.381,846.928
49,19,3,364.247,673.027,295.186,599.697
49,26,3,1714.21,2194.95,536.663,917.825
49,28,3,209.363,563.605,80.2103,388.131
49,36,3,1782.37,2311.83,897.206,1359.77
49,44,3,1348.75,2150,1322.04,1916.17
50,3,3,0,283.911,492.729,855.662
50,4,3,604.655,1115.07,816.981,1274.71
50,5,0,381.918,578.466,937.22,1394.68
50,13,0,685.178,877.842,614.073,849.496
50,19,3,216.323,639.003,309.852,617.398
50,26,3,1741.16,2206.43,507.49,886.702
50,28,3,185.069,533.989,101.055,366.961
50,36,3,1787.03,2308.15,842.609,1303.71
50,44,3,1361.25,2122.5,1242.83,1919.53
51,3,3,0,238.278,510.887,882.936
51,4,3,603.443,1115.35,816.084,1277.74
51,5,0,380.467,580.573,938.086,1395.32
51,13,0,688.096,874.604,620.948,877.497
51,19,3,157.3,599.346,317.852,641.854
51,26,3,1757.85,2224.6,478.981,866.145
51,28,3,144.311,498.293,113.03,357.861
51,36,3,1797.82,2314.88,799.064,1249.04
51,44,3,1380,2115,1147.16,1906.32
52,3,3,0.237017,206.671,527.304,919.883
52,4,3,604.015,1114.06,817.172,1277.59
52,5,0,376.387,580.266,934.638,1394.56
52,13,0,685.141,879.649,623.069,885.127
52,19,3,114.266,551.642,339.072,658.869
52,26,3,1794.88,2242.11,454.967,817.875
52,28,3,95.9615,425.577,177.332,352.861
52,36,3,1828,2315.04,754.71,1190.31
52,44,3,1418.35,2094.29,1076.79,1806.1
53,3,3,0,168.04,547.827,986.637
53,4,3,605.638,1113.69,818.502,1276.46
53,5,0,377.235,580.84,931.842,1392.67
53,13,0,685.628,879.661,625.113,887.875
53,19,3,80.6835,517.313,341.153,672.635
53,26,3,1814.84,2267.99,425.771,793.316
53,28,3,69.1994,432.55,152.601,369.542
53,36,3,1837.68,2315.67,720.261,1121.28
53,44,3,1424.08,2088.56,984.762,1703.65
54,3,3,0,124.838,586.239,991.527
54,4,3,607.992,1113.45,815.992,1276.86
54,5,0,378.344,581.602,931.533,1390.45
54,13,0,684.429,877.989,623.45,885.06
54,19,3,22.6252,480.474,363.462,698.198
54,26,3,1846.35,2283.12,399.157,761.18
54,28,3,35.827,404.18,141.405,376.26
54,36,3,1852.23,2321.55,677.51,1074.82
54,44,3,1441.12,2081.09,960.103,1602.7
55,3,3,0,84.9445,541.542,1049.02
55,4,3,609.085,1115.53,816.711,1277.58
55,5,0,382.609,583.818,931.747,1388.87
55,13,0,687.805,876.627,620.091,888.298
55,19,3,5.0989,443.33,377.75,714.041
55,26,3,1888.19,2316.01,380.276,715.093
55,28,3,16.6529,351.142,150.953,398.821
55,36,3,1863.95,2324.25,641.353,1020.56
55,44,3,1466.92,2087.2,908.462,1522.01
55,52,3,2221.73,2522.88,0.973556,103.305
56,3,3,0,42.9066,618.741,1101.68
56,4,3,610.081,1114.92,816.842,1276.59
56,5,0,383.423,582.215,928.505,1395.33
56,13,0,686.74,877.113,621.074,883.707
56,19,3,4.92419,321.721,382.762,739.468
56,26,3,1914.92,2344.78,354.811,699.919
56,28,3,16.6529,351.142,150.953,398.821
56,36,3,1882.63,2329.98,612.996,976.348
56,44,3,1494.46,2083.16,852.991,1450.02
56,52,3,2154.62,2457.69,0,113.365
57,3,3,0,42.9066,618.741,1101.68
57,4,3,608.442,1114.02,815.527,1276.29
57,5,0,383.355,583.072,929.445,1394
57,13,0,685.991,878.561,621.113,881.321
57,19,3,2.2423,317.574,406.676,761.342
57,26,3,1948.12,2373.03,333.564,653.322
57,36,3,1896.84,2339.1,578.537,936.955
57,44,3,1510.7,2086.61,799.059,1385.65
57,52,3,2101.25,2369.52,0,111.094
58,4,3,609.651,1113.75,816.53,1274.48
58,5,0,385.103,582.083,931.433,1393.16
58,13,0,686.854,877.041,619.446,886.868
58,19,3,0,308.094,428.053,789.603
58,26,3,1991.35,2407.45,315.686,621.584
58,28,3,0.21821,281.022,171.077,458.82
58,36,3,1914.19,2335.41,544.914,898.465
58,44,3,1524.96,2086.64,757.177,1298.56
58,52,3,2044.52,2318.56,2.8125,117.62
59,4,3,604.385,1111.94,817.618,1274.23
59,5,0,388.065,578.903,932.545,1391.91
59,13,0,686.854,877.041,619.446,886.868
59,19,3,0,264.405,450.692,810.218
59,26,3,2035.33,2438.7,295.731,610.685
59,28,3,3.08502,248.171,189.377,470.18
59,36,3,1932.9,2347.65,509.91,857.64
59,44,3,1554.05,2088.17,703.6,1255.19
59,52,3,1990.29,2283.56,0.612981,132.224
60,4,3,606.316,1111.52,818.496,1274.67
60,5,0,387.666,579.017,934.204,1392.11
60,19,3,0,221.336,470.348,839.998
60,26,3,2078.1,2480.09,268.854,582.886
60,28,3,0.380144,217.7,200.613,478.687
60,36,3,1937.6,2349.43,484.908,816.31
60,44,3,1575.42,2095.9,672.728,1182.87
60,52,3,1933.17,2239.13,0.144231,139.615
61,4,3,604.58,1111.39,817.473,1273.75
61,5,0,386.439,579.433,931.797,1393.07
61,13,0,687.385,878.9,617.772,884.477
61,19,3,0,187.713,492.763,865.996
61,26,3,2117.56,2514.63,253.207,555.43
61,28,3,2.77893,178.63,220.534,488.675
61,36,3,1958.89,2350.23,460.186,789.41
61,44,3,1600.5,2114.04,633.19,1124.98
61,52,3,1874.81,2186.73,1.51443,157.716
62,4,3,605.3,1111.5,816.731,1275.36
62,5,0,385.809,578.802,928.838,1393.5
62,13,0,688.055,879.103,616.837,886.751
62,19,3,0,187.713,492.763,865.996
62,26,3,2164.66,2553.25,237.806,541.434
62,28,3,2.77893,178.63,220.534,488.675
62,36,3,1977.38,2368.72,423.147,750.847
62,44,3,1622.95,2128.53,595.504,1093.7
62,52,3,1818.75,2138.17,1.58654,163.846
63,4,3,606.115,1112.19,818.034,1275.54
63,5,0,388.649,579.208,930.502,1391.1
63,13,0,686.534,879.952,616.346,895.509
63,26,3,2213.16,2555.33,218.306,510.659
63,36,3,2005.04,2371.86,402.857,719.468
63,44,3,1648.75,2141.3,560.009,1029.28
63,52,3,1752.9,2088.37,0.577226,188.255
63,53,3,1436.25,2238.75,1542.71,1916.69
64,4,3,606.912,1111.5,818.551,1272.83
64,5,0,386.141,579.229,930.051,1388.18
64,13,0,686.534,879.952,616.346,895.509
64,26,3,2249.38,2558.31,201.457,497.538
64,36,3,2022.13,2382.3,375.733,687.664
64,44,3,1664.37,2149.87,531.047,997.237
64,52,3,1696.48,2034,1.12199,196.276
64,53,3,1441.25,2207.5,1442.28,1920
65,4,3,606.433,1119.47,815.548,1281.28
65,5,0,382.181,583.39,928.124,1393.7
65,26,3,2296.8,2560,183.281,466.287
65,36,3,2038.37,2401.99,356.718,654.619
65,44,3,1695.73,2165.95,496.28,959.407
65,52,3,1637.89,1980.73,6.50729,202.76
65,53,3,1456.25,2168.75,1352.74,1918.73
66,4,3,604.132,1115.04,816.879,1281.25
66,5,0,384.151,581.588,929.805,1397.66
66,26,3,2335.78,2558.96,166.23,451.525
66,36,3,2061.23,2416.43,328.827,622.145
66,44,3,1717.02,2177.92,478.551,934.498
66,52,3,1589.34,1926.87,9.1632,213.758
66,53,3,1471.25,2142.5,1274.03,1844.6
67,4,3,604.186,1113.48,820.315,1277.93
67,5,0,385.089,582.527,932.695,1392.4
67,26,3,2381.98,2560,145.689,431.891
67,36,3,2083.06,2427.75,310.691,594.985
67,44,3,1742.08,2190.35,451.67,851.905
67,52,3,1531.21,1868.32,15.9634,224.084
67,53,3,1472.5,2131.25,1203.73,1729.98
68,4,3,603.454,1114.37,817.924,1277.56
68,5,0,385.458,580.775,932.685,1391.6
68,26,3,2430.74,2559.71,133.929,421.673
68,36,3,2108.95,2455.41,283.936,566.604
68,44,3,1771.48,2210.84,425.312,810.872
68,52,3,1475.05,1814.64,25.8338,230.703
68,53,3,1493.75,2113.75,1132.27,1642.89
69,4,3,601.614,1116.53,817.556,1277.75
69,5,0,384.438,582.213,933.955,1392.2
69,26,3,2479.09,2560,120.216,409.976
69,36,3,2132.95,2467.2,256.801,539.572
69,44,3,1797.56,2226.01,405.996,800.603
69,52,3,1421.44,1762.28,31.0219,245.749
69,53,3,1492.5,2108.75,1076.07,1549.58
70,4,3,599.409,1114.08,818.176,1276.91
70,5,0,383.441,582.986,931.923,1393.08
70,26,3,2479.09,2560,120.216,409.976
70,36,3,2164.28,2501.88,245.118,511.3
70,44,3,1818.82,2242.17,382.605,766.662
70,52,3,1362.73,1712.08,40.545,260.929
70,53,3,1510,2097.5,1011.3,1484.49
71,4,3,606.097,1116.51,815.261,1278.84
71,5,0,384.502,581.699,931.168,1392.22
71,36,3,2188.77,2517.76,225.095,484.32
71,44,3,1846.64,2260.92,346.817,733.319
71,52,3,1311.15,1659.13,47.6925,267.834
71,53,3,1533.98,2094.7,945.632,1439.71
72,4,3,605.637,1118.55,815.685,1278.25
72,5,0,385.832,580.434,931.1,1390.58
72,36,3,2218.96,2548.19,202.978,461.019
72,44,3,1869.85,2283.44,328.261,695.536
72,52,3,1254.9,1603.82,60.2513,280.635
72,53,3,1530.24,2090.95,890.663,1353.34
73,4,3,601.541,1112.33,816.517,1277.16
73,5,0,383.235,582.537,933.899,1392.93
73,36,3,2255,2558.96,188.189,435.271
73,44,3,1898.76,2305.15,307.779,674.428
73,52,3,1197.27,1552.03,67.297,297.329
73,53,3,1546.39,2093.99,846.875,1284.07
74,4,3,600.635,1112.67,817.044,1276.68
74,5,0,383.265,582.105,935.358,1391.15
74,36,3,2291,2558.95,159.305,413.92
74,44,3,1922.39,2323.61,278.155,652.766
74,52,3,1142.85,1499.95,79.7108,309.658
74,53,3,1557.29,2103.15,802.081,1203.69
75,4,3,599.656,1115.33,817.218,1276.07
75,5,0,385.048,581.021,937.161,1391.06
75,13,0,696.859,886.86,625.494,872.577
75,36,3,2320.78,2558.44,145.813,391.332
75,44,3,1953.34,2353.18,257.195,615.438
75,52,3,1090.65,1446.98,88.2122,322.123
75,53,3,1580.81,2108.22,752.545,1152
76,4,3,598.741,1112.28,818.697,1275.09
76,5,0,385.506,581.24,935.837,1393.19
76,13,0,696.859,886.86,625.494,872.577
76,36,3,2350.99,2560,134.919,367.372
76,44,3,1980.63,2377.03,249.454,589.128
76,52,3,1028.99,1398.97,100.873,346.542
76,53,3,1598.12,2108.32,707.668,1098.82
77,4,3,601.321,1111.98,820.835,1273.01
77,5,0,382.762,581.919,935.888,1395.14
77,36,3,2389.47,2560,110.08,355.6
77,44,3,2015.44,2411.78,228.076,562.403
77,52,3,972.082,1343.05,111.281,358.439
77,53,3,1618.39,2115.67,677.25,1045.51
78,4,3,604.107,1117.77,818.491,1275.44
78,5,0,383.047,580.412,932.135,1394.42
78,36,3,2432.16,2558.61,84.3029,343.486
78,44,3,2048.71,2437.49,196.118,530.771
78,52,3,915.029,1290.19,124.473,374.788
78,53,3,1651.91,2124.48,633.786,1012.35
79,4,3,604.18,1117.84,817.769,1275.72
79,5,0,384.866,580.23,933.445,1392.25
79,13,0,688.784,878.693,619.177,887.645
79,36,3,2473.75,2560,62.1635,338.221
79,44,3,2081.31,2469.98,185.047,513.949
79,52,3,850.707,1236.78,140.352,390.606
79,53,3,1672.83,2139.1,603.943,966.497
80,4,3,602.916,1115.08,818.247,1275.64
80,5,0,384.505,579.965,933.045,1393.08
80,13,0,687.275,880.127,617.886,885.047
80,36,3,2515.48,2558.37,42.9808,299.423
80,44,3,2120.12,2505.4,163.386,491.727
80,52,3,797.432,1178.31,150.99,409.646
80,53,3,1699.14,2163.28,565.432,904.03
81,4,3,600.365,1113.9,818.024,1273.75
81,5,0,381.125,580.89,933.353,1393.95
81,13,0,687.275,880.127,617.886,885.047
81,36,3,2515.48,2558.37,42.9808,299.423
81,44,3,2157.04,2540.44,152.754,472.044
81,52,3,734.29,1129.76,167.113,432.711
81,53,3,1730.91,2176.51,537.965,869.366
82,4,3,602.457,1116,819.835,1273.78
82,5,0,381.641,580.335,937.3,1391.98
82,44,3,2197.6,2560,113.352,454.19
82,52,3,678.677,1070.12,183.383,452.474
82,53,3,1760.03,2195.62,506.9,813.358
83,4,3,609.345,1102.01,814.838,1278.3
83,5,0,386.191,579.515,936.274,1394.63
83,44,3,2232.11,2560,116.495,430.566
83,52,3,615.978,1016.02,201.569,470.758
83,53,3,1786.61,2219.1,484.762,793.549
84,4,3,609.376,1103.24,814.947,1276.49
84,5,0,384.636,580.323,937.88,1393.78
84,44,3,2272.66,2559.63,72.1755,411.738
84,52,3,555.585,959.007,217.078,489.748
84,53,3,1810.25,2240.38,459.128,769.464
85,4,3,604.867,1113.66,819.153,1273.99
85,5,0,383.336,579.524,934.732,1390.63
85,44,3,2325.2,2553.12,71.7656,392.923
85,52,3,498.444,906.024,231.401,514
85,53,3,1848.78,2265.77,431.974,731.7
86,4,3,602.694,1114.61,819.268,1274.77
86,5,0,383.31,579.475,932.935,1394.66
86,44,3,2369.39,2560,60.0415,398.466
86,52,3,446.012,847.224,245.674,532.338
86,53,3,1885.79,2288.18,400.854,704.706
86,56,3,2360.46,2549.17,1190.61,1849.42
87,4,3,602.097,1113.76,819.247,1274.75
87,5,0,384.69,579.387,932.862,1394.81
87,44,3,2410.34,2556.99,42.8137,362.797
87,52,3,397.113,793.747,260.301,555.776
87,53,3,1915.82,2320.32,379.716,674.003
87,56,3,2324.28,2559.02,1175.52,1872.63
88,4,3,601.034,1116.96,817.301,1274.14
88,5,0,386.564,578.43,934.749,1392.21
88,44,3,2459.38,2559.09,41.25,345.865
88,52,3,390.876,740.307,285.454,578.45
88,53,3,1954.18,2351.59,357.417,644.501
88,56,3,2299.43,2558,1181.23,1870.04
89,4,3,599.976,1118.93,819.3,1277.14
89,5,0,388.697,580.376,940.313,1390.02
89,44,3,2506.32,2558.29,42.1154,287.308
89,52,3,252.05,684.515,299.2,610.181
89,53,3,1987.99,2378,332.465,615.685
89,56,3,2268.1,2555.57,1182.68,1872.59
90,4,3,602.279,1106.75,816.998,1279
90,5,0,385.134,582.114,939.629,1391.98
90,13,0,681.784,884.67,615.952,847.16
90,44,3,2506.32,2558.29,42.1154,287.308
90,52,3,195.699,631.211,310.868,635.899
90,53,3,2029.73,2410.14,313.284,589.471
90,56,3,2235.14,2554.59,1183.05,1883.22
91,4,3,599.739,1108.91,816.131,1278.81
91,5,0,386.546,580.484,938.327,1390.9
91,13,0,684.265,881.245,614.416,848.35
91,52,3,137.247,576.979,330.819,655.691
91,53,3,2069.81,2443.96,293.299,565.37
91,56,3,2202.08,2555.68,1180.51,1876.68
92,4,3,601.367,1113.78,818.354,1273.86
92,5,0,386.48,580.892,936.789,1389.47
92,13,0,684.265,881.245,614.416,848.35
92,52,3,80.2181,519.735,359.168,693.903
92,53,3,2109.75,2504.45,261.62,542.362
92,56,3,2153.82,2560,1173.34,1872.32
93,4,3,602.304,1113.59,819.087,1277.27
93,5,0,384.792,581.7,935.37,1390.16
93,52,3,13.4055,459.15,378.522,710.004
93,53,3,2155.39,2515.91,248.614,517.507
93,56,3,2140.17,2555.95,1177.39,1855.45
94,4,3,601.473,1117.4,817.278,1277.81
94,5,0,384.728,582.334,934.611,1388.29
94,13,0,683.371,882.795,613.89,849.198
94,52,3,0,420.184,398.718,736.903
94,53,3,2195.19,2556.77,227.604,490.044
94,56,3,2111.46,2554.43,1180.75,1850.66
95,4,3,603.399,1117.82,816.683,1279.13
95,5,0,387.234,580.322,935.719,1389.07
95,13,0,683.441,882.743,613.487,848.221
95,52,3,1.86485,324.91,425.9,772.096
95,53,3,2237.54,2552.53,216.658,465.67
95,56,3,2089.29,2556.53,1173.24,1848.73
96,4,3,599.982,1118.81,819.77,1278.62
96,5,0,386.719,582.13,933.244,1389.26
96,13,0,687.286,879.527,617.547,884.969
96,52,3,0,286.641,452.746,803.686
96,53,3,2279.58,2556.77,179.286,447.361
96,56,3,2061.42,2558.8,1166.3,1886.15
97,4,3,601.569,1112.98,819.578,1276.64
97,5,0,384.956,584.721,935.692,1389.04
97,13,0,687.286,879.527,617.547,884.969
97,52,3,0,222.894,477.538,838.691
97,53,3,2330.55,2552.54,147.841,419.142
97,56,3,2033.23,2560,1176.19,1875.17
97,70,0,971.538,1076.15,5.625,207.115
98,4,3,598.779,1112.7,818.715,1276.22
98,5,0,383.97,584.419,935.136,1389.04
98,52,3,0,168.273,500.988,884.989
98,53,3,2371.78,2560,129.185,410.125
98,56,3,1994.77,2560,1179.61,1872.98
98,70,0,916.106,1028.51,11.3942,218.077
99,4,3,603.913,1108.01,816.741,1278.96
99,5,0,384.298,583.649,936.739,1390.09
99,52,3,0,110.358,514.453,919.197
99,53,3,2414.22,2560,125.369,394.428
99,56,3,1966.28,2560,1183.58,1885.98
99,70,0,865.096,967.212,20.8414,232.716
100,4,3,606.871,1105.71,815.91,1278.81
100,5,0,393.722,604.098,933.014,1392.38
100,13,0,683.975,882.294,612.631,850.481
100,52,3,0,110.358,514.453,919.197
100,53,3,2463.85,2560,93.9664,374.495
100,56,3,1956.84,2560,1182.78,1892.94
100,70,0,814.952,920.433,25.1683,240.793
101,4,3,603.535,1115.07,818.592,1276.32
101,5,0,395.266,601.423,934.186,1389.09
101,13,0,686.71,879.609,612.285,849.208
101,53,3,2511.23,2559.54,57.9808,359.712
101,56,3,1942.15,2560,1172.66,1900.02
101,70,0,761.298,867.933,26.6106,255.361
102,4,3,599.763,1116.45,819.486,1275.32
102,5,0,386.641,582.208,934.027,1388.37
102,13,0,687.284,879.103,613.103,847.952
102,53,3,2511.23,2559.54,57.9808,359.712
102,56,3,1925.17,2560,1172.62,1899.27
102,70,0,712.885,811.731,48.3173,264.087
103,4,3,599.962,1116.27,818.498,1276.79
103,5,0,397.64,599.637,930.68,1390.04
103,13,0,685.177,881.473,613.123,848.316
103,56,3,1911.15,2560,1177.65,1895.65
103,70,0,665.192,771.731,55.4567,278.293
104,4,3,601.9,1115.94,819.087,1277.04
104,5,0,398.425,598.264,932.841,1389.74
104,13,0,686.98,880.209,613.266,848.574
104,56,3,1896.28,2560,1179.04,1896.34
104,70,0,665.192,771.731,55.4567,278.293
105,4,3,603.735,1113.53,820.13,1277.41
105,5,0,396.949,599.241,935.254,1392.16
105,13,0,690.646,877.291,617.982,886.844
105,56,3,1894.26,2560,1177,1898.17
106,4,3,600.93,1105.27,816.995,1281.25
106,5,0,385.324,583.123,934.567,1392.92
106,13,0,689.516,877.487,618.135,886.734
106,56,3,1888.74,2560,1182.22,1896.73
106,70,0,506.971,623.029,101.322,317.236
107,4,3,600.761,1109.56,817.955,1278.38
107,5,0,385.628,583.887,933.231,1392.71
107,13,0,688.929,878.074,618.611,887.933
107,56,3,1893.93,2560,1181.74,1896.42
107,70,0,450.865,567.596,109.76,340.529
107,82,3,1924.04,2245.19,0,121.983
108,4,3,604.095,1111.9,819.073,1278.15
108,5,0,387.08,581.825,935.288,1388.75
108,13,0,686.028,880.607,612.588,849.279
108,56,3,1895.45,2560,1177.32,1900.96
108,70,0,402.74,522.644,112.716,345.361
108,82,3,1860,2244.62,0.432694,130.385
109,4,3,603.556,1112.48,818.337,1278.2
109,5,0,397.138,599.752,932.832,1389.18
109,13,0,685.471,880.882,612.612,850.229
109,56,3,1896.81,2557.74,1198.54,1919.8
109,70,0,402.74,522.644,112.716,345.361
109,82,3,1786.73,2199.64,0,158.154
110,4,3,603.136,1113.43,818.079,1278.5
110,5,0,396.328,600.88,932.056,1388.4
110,13,0,686.374,880.691,613.952,848.229
110,56,3,1894.5,2560,1178.79,1901.9
110,82,3,1719.26,2122.73,0,162.697
110,85,0,83.3253,295.637,326.213,601.182
111,4,3,605.216,1115.63,815.195,1278.55
111,5,0,396.579,600.932,933.957,1387.75
111,13,0,686.374,880.691,613.952,848.229
111,56,3,1899.2,2560,1177.25,1897.9
111,82,3,1656.3,2062.49,0.00135899,174.936
111,85,0,83.3253,295.637,326.213,601.182
112,4,3,603.914,1114.08,818.189,1279.29
112,5,0,385.762,582.743,933.871,1387.99
112,13,0,683.197,883.535,611.659,851.257
112,56,3,1911.54,2560,1182.53,1895.12
112,82,3,1586.16,2002.74,2.06516,183.038
112,89,0,1177.57,1449.61,1505.78,1917.7
113,4,3,605.115,1109.95,819.623,1276.46
113,5,0,395.54,602.352,937.329,1393.23
113,13,0,683.197,883.535,611.659,851.257
113,56,3,1921.52,2560,1184.55,1890.47
113,82,3,1522.77,1945.96,5.07548,196.408
113,89,0,1182.59,1451.32,1419.72,1920
113,85,0,496.192,803.918,302.197,590.398
114,4,3,600.508,1112.17,819.316,1275.71
114,5,0,397.937,600.675,935.234,1392.81
114,56,3,1932.47,2560,1176.85,1899.79
114,70,0,64.2717,233.262,190.898,456.498
114,82,3,1459.62,1870.95,3.0364,211.666
114,89,0,1217.37,1458.89,1343.93,1916.32
114,85,0,641.556,940.544,300.291,576.471
115,4,3,598.196,1112.99,819.322,1276.38
115,5,0,399.175,600.138,934.829,1392.29
115,56,3,1943.19,2560,1180.39,1892.81
115,70,0,12.8846,152.115,217.716,463.053
115,82,3,1389.78,1815.17,3.91979,220.569
115,89,0,1243.05,1484.67,1263.87,1825.32
115,85,0,775.928,1065.36,294.691,567.52
116,4,3,599.673,1113.09,820.368,1275.31
116,5,0,398.181,602.06,934.512,1390.41
116,56,3,1954.33,2560,1177.79,1893.17
116,70,0,12.8846,152.115,217.716,463.053
116,82,3,1312.64,1750.82,6.16452,231.747
116,89,0,1276.64,1510.13,1187.39,1734.23
116,85,0,924.309,1189.26,284.527,558.023
117,4,3,606.248,1112.81,817.945,1276.35
117,5,0,385.755,583.651,932.031,1385.82
117,56,3,1981.74,2560,1175.19,1887.08
117,82,3,1241.45,1682.41,7.46091,244.23
117,89,0,1316.03,1540.75,1130.73,1648.35
117,85,0,1062.86,1320.29,276.777,541.794
118,4,3,608.021,1116.94,817.42,1274.93
118,5,0,398.073,599.7,933.265,1386.61
118,56,3,1994.53,2560,1174.89,1877.2
118,82,3,1172.14,1623.82,5.77028,253.895
118,89,0,1356.42,1578.32,1063.66,1570.15
118,85,0,1193.23,1443.12,269.348,537.686
119,4,3,599.891,1112.93,820.169,1275.23
119,5,0,397.476,602.653,932.244,1387.37
119,13,0,684.993,879.358,613.738,849.276
119,56,3,2011.31,2560,1176.99,1868.84
119,82,3,1089.18,1566.18,6.89834,272.756
119,89,0,1393.58,1604.32,1012.99,1490.89
119,85,0,1323.77,1563.07,264.254,524.462
120,4,3,600.364,1112.9,819.973,1275.03
120,5,0,396.292,604.09,930.52,1390
120,13,0,684.993,879.358,613.738,849.276
120,56,3,2037.37,2557.47,1173.72,1869.21
120,82,3,1026.77,1489.38,16.4791,288.683
120,89,0,1440.28,1645.33,967.139,1442.24
120,85,0,1456.23,1673.02,250.622,508.428
121,4,3,603.745,1112.54,817.668,1276.52
121,5,0,395.094,605.035,932.685,1391.26
121,56,3,2066.5,2551.99,1164.52,1865.9
121,82,3,953.941,1419.33,16.2441,297.329
121,89,0,1477.93,1685.05,911.444,1377.47
121,85,0,1583.09,1781.3,229.548,500.056
122,4,3,603.305,1110.24,818.416,1278.16
122,5,0,384.713,584.527,933.996,1389.78
122,56,3,2085.12,2556.37,1156.18,1868.51
122,82,3,880.087,1345.76,32.5948,312.174
122,89,0,1513.84,1714.29,863.307,1313.79
122,85,0,1698.45,1883.46,218.919,484.454
123,4,3,599.972,1109.76,818.327,1278.3
123,5,0,385.591,583.923,936.134,1388.49
123,56,3,2107.03,2555.71,1152.71,1850.15
123,82,3,790.855,1280.66,51.3513,325.724
123,89,0,1557.31,1750.39,819.49,1261.8
123,85,0,1805.84,1983.68,212.529,467.082
124,4,3,607.828,1114.27,816.979,1278.64
124,5,0,401.052,599.674,933.207,1386.78
124,56,3,2134.39,2550.67,1159.75,1836.98
124,82,3,722.248,1211.46,58.93,344.511
124,89,0,1597.87,1795.74,770.888,1197.6
124,85,0,1916.11,2079.02,200.215,449.967
125,4,3,608.306,1118.6,816.712,1276.35
125,5,0,400.652,597.633,932.481,1389.38
125,56,3,2150.5,2557.53,1164.43,1839.43
125,82,3,640.327,1141.87,57.4358,364.119
125,89,0,1645.99,1832.31,731.181,1142.9
125,85,0,2023.58,2172.64,183.368,440.043
126,4,3,607.996,1116.05,815.996,1277.77
126,5,0,399.551,598.561,929.36,1389.28
126,13,0,688.408,878.178,619.866,880.074
126,56,3,2172.86,2559.13,1155.64,1847.66
126,82,3,564.327,1060.76,79.1501,383.038
126,89,0,1664.86,1865.24,692.215,1100.68
126,85,0,2112.11,2260.37,160.773,421.363
127,4,3,604.196,1119.24,816.283,1275.02
127,5,0,403.247,593.643,928.723,1385.51
127,13,0,686.827,880.865,636.635,814.904
127,56,3,2195.49,2559.15,1150.03,1847.06
127,82,3,485.049,991.27,101.972,394.397
127,89,0,1718.98,1904.09,661.651,1047.22
127,85,0,2201.17,2347.78,157.39,414.316
128,4,3,600.493,1117.81,818.166,1276.23
128,5,0,403.592,594.57,927.274,1382.06
128,13,0,686.827,880.865,636.635,814.904
128,56,3,2215.07,2559.13,1123.08,1805.62
128,82,3,393.528,912.766,115.389,414.383
128,89,0,1760.63,1938.99,627.661,1006.26
128,85,0,2300.91,2434.47,152.524,392.38
129,4,3,604.765,1105.43,816.729,1276.7
129,5,0,399.722,601.472,930.569,1386.36
129,56,3,2245.14,2555.37,1124.84,1803.47
129,82,3,358.117,842.633,123.159,429.319
129,89,0,1802.16,1969.59,604.36,969.514
129,85,0,2387.98,2510.48,131.178,371.322
130,4,3,601.172,1115.21,819.237,1277.64
130,5,0,387.03,582.155,927.432,1381.89
130,13,0,685.29,881.49,630.588,876.468
130,56,3,2268.18,2559.25,1136.89,1796.01
130,82,3,246.903,775.092,131.525,445.136
130,89,0,1834.23,2001.5,570.685,929.028
130,85,0,2468.17,2559.52,125.986,359.495
131,4,3,600.002,1119.72,819.035,1276.21
131,5,0,386.271,581.587,927.608,1378.64
131,13,0,685.29,881.49,630.588,876.468
131,56,3,2297.25,2556.71,1132.97,1785.68
131,82,3,173.173,697.251,152.169,471.069
131,89,0,1874.75,2034.56,538.251,892.289
131,85,0,2468.17,2559.52,125.986,359.495
131,98,3,620.938,1510,1544.9,1916.24
132,4,3,601.839,1118.52,816.057,1275.13
132,5,0,383.262,580.122,927.172,1376.22
132,56,3,2318.87,2555.8,1137.04,1784.04
132,82,3,87.012,624.666,159.034,472.875
132,89,0,1906.67,2067.17,513.893,849.213
132,98,3,698.75,1552.5,1460.79,1920
133,4,3,609.594,1118.39,813.888,1275.43
133,5,0,380.143,582.831,929.478,1371.57
133,56,3,2349.12,2557.79,1140.3,1768.94
133,82,3,13.1053,552.073,169.652,507.26
133,89,0,1939.27,2099.97,486.15,823.79
133,98,3,767.5,1582.5,1383.47,1919.91
134,4,3,607.524,1121.69,813.192,1274.29
134,5,0,383.983,585.585,925.175,1372.04
134,56,3,2369.72,2560,1139.82,1772.77
134,82,3,2.1698,480.398,176.926,528.669
134,89,0,1976.15,2128.3,461.711,783.065
134,98,3,852.5,1636.25,1304.34,1919.35
135,4,3,604.018,1122.85,816.094,1273.16
135,5,0,397.08,601.583,921.348,1374.14
135,56,3,2387.78,2560,1133.91,1771.21
135,82,3,0.75613,430.826,177.313,548.193
135,89,0,2010.72,2157.94,444.175,755.756
135,98,3,916.25,1688.75,1235.36,1825.23
136,4,3,602.683,1115.85,818.615,1274.12
136,5,0,396.996,603.077,922.07,1372.22
136,13,0,685.371,880.639,620.102,883.506
136,56,3,2402.64,2560,1147.57,1767.68
136,82,3,3.68847,436.18,214.386,572.804
136,89,0,2042.28,2190.37,420.512,731.865
136,98,3,995,1740,1179.32,1728
137,4,3,605.801,1116.59,817.664,1278.09
137,5,0,397.388,601.74,919.94,1373.18
137,13,0,685.371,880.639,620.102,883.506
137,56,3,2418.53,2560,1132.37,1742.27
137,82,3,0,290.092,211.598,598.846
137,89,0,2087.36,2228.73,393.978,694.648
137,98,3,1066.25,1792.5,1109.77,1647.2
138,4,3,605.348,1117.26,816.925,1276.67
138,5,0,384.928,582.197,920.741,1367.39
138,13,0,684.626,883.916,616.083,846.278
138,56,3,2433.31,2560,1125.97,1739.45
138,82,3,0,242.758,244.489,657.367
138,89,0,2128.07,2265.13,378.808,670.334
138,98,3,1135.62,1837.5,1052.83,1568.31
139,4,3,607.943,1113.27,813.236,1277.72
139,5,0,385.855,578.331,921.051,1364.33
139,13,0,684.626,883.916,616.083,846.278
139,56,3,2443.97,2560,1119.82,1729.13
139,82,3,0,156.115,256.036,652.516
139,89,0,2160.31,2305.39,354.702,638.192
139,98,3,1205,1895,994.634,1498.39
140,4,3,608.593,1114.66,813.995,1273.52
140,5,0,386.593,577.664,918.932,1358.01
140,56,3,2452.34,2560,1032.09,1734.08
140,82,3,0.00185966,108.818,262.611,664.843
140,89,0,2206.94,2344.9,326.614,612.118
140,98,3,1261.25,1932.5,939.532,1436.65
141,4,3,611.334,1114.57,813.164,1274.82
141,5,0,386.275,577.44,918.944,1358.13
141,13,0,695.567,888.985,615.821,840.025
141,56,3,2457.62,2560,1030.82,1729.39
141,82,3,0.00185966,108.818,262.611,664.843
141,89,0,2246.76,2386.31,314.85,594.627
141,98,3,1335,1977.5,905.41,1367.25
142,4,3,607.794,1112.75,812.799,1275.36
142,5,0,388.379,578.241,918.345,1361.03
142,13,0,695.567,888.985,615.821,840.025
142,56,3,2474.93,2560,1008.62,1734.31
142,89,0,2284.88,2429.7,293.326,566.355
142,98,3,1396.25,2011.25,850.9,1315.59
143,4,3,607.717,1115.4,812.416,1276.34
143,5,0,390.553,579.444,919.209,1361.84
143,56,3,2485.21,2560,1023.47,1737.9
143,89,0,2333.39,2478.18,274.141,548.439
143,98,3,1437.5,2060,814.336,1262.89
144,4,3,606.182,1115.48,813.498,1275.61
144,5,0,389.036,583.306,919.597,1362.12
144,13,0,684.126,884.441,615.056,846.943
144,56,3,2495.87,2560,985.652,1763.44
144,89,0,2387.79,2516.83,255.433,522.26
144,98,3,1497.5,2088.75,775.623,1218.76
145,4,3,608.712,1112.32,811.652,1278.87
145,5,0,396.809,599.968,915.593,1364.86
145,13,0,684.17,884.448,614.332,846.218
145,56,3,2495.87,2560,985.652,1763.44
145,89,0,2437.07,2550.62,233.365,513.173
145,98,3,1558.42,2119.27,739.499,1160.07
145,101,0,1948.49,2304.46,1650.64,1918.32
146,4,3,609.951,1113.56,810.725,1275.44
146,5,0,398.244,599.6,915.06,1365.54
146,13,0,684.17,884.448,614.332,846.218
146,89,0,2486.78,2559.38,208.918,486.851
146,98,3,1591.81,2157.2,695.74,1125.42
146,101,0,1920.98,2268.07,1575.11,1920
147,4,3,609.294,1113.02,809.91,1274.85
147,5,0,400.51,598.697,916.022,1363.76
147,89,0,2486.78,2559.38,208.918,486.851
147,98,3,1639.76,2179.91,674.793,1063
147,101,0,1894.57,2229.5,1504.84,1918.22
148,4,3,610.849,1112.98,810.229,1274.83
148,5,0,401.555,598.799,915.269,1363.66
148,98,3,1682.4,2206.8,635.853,1033.65
148,101,0,1888.73,2193.92,1433.96,1919.15
