2,1,0,1805.87,1989.75,969.734,1505.47
2,2,0,2048.72,2189.3,466.515,795.71
2,3,0,2409.9,2534.71,198.173,473.942
2,4,3,1938.12,2353.64,0,158.124
2,5,3,2260.48,2536.44,0,87.1154
3,1,0,1815.69,1995.14,903.407,1425.46
3,2,0,2065.72,2208.19,439.871,765.728
3,3,0,2452.79,2556.44,180.577,447.115
3,4,3,1939.03,2347.46,0,157.92
3,5,3,2264.9,2535.1,0,86.0697
4,1,0,1830.51,2006.28,852.158,1344.26
4,2,0,2090.1,2225.36,414.333,736.197
4,3,0,2496.8,2558.58,161.827,440.481
4,4,3,1936.88,2338.88,0,157.787
4,5,3,2267.6,2529.33,0,84.0865
5,1,0,1852.55,2018.07,788.042,1272.99
5,2,0,2117.24,2247.1,392.603,704.146
5,3,0,2496.8,2558.58,161.827,440.481
5,4,3,1951.54,2310,2.8125,136.731
5,5,3,2271.63,2528.37,0,85.637
6,1,0,1871.69,2022.51,741.4,1199.98
6,2,0,2142.84,2278.89,368.936,673.262
6,4,3,1937.09,2339.48,0,158.534
6,5,3,2265.96,2534.04,0,85.5649
7,1,0,1881.95,2032.18,694.64,1163.52
7,2,0,2163.24,2302.59,347.62,637.514
7,4,3,1939.5,2342.97,0,158.61
7,5,3,2265.19,2531.73,0,88.6298
8,1,0,1899.14,2051.07,648.4,1094.61
8,2,0,2204.76,2318.32,320.048,609.952
8,4,3,1954.52,2313.17,2.27164,137.921
8,5,3,2265.87,2531.06,0,89.1346
9,1,0,1916.66,2068,614.15,1025.47
9,2,0,2229.2,2354.69,302.995,591.935
9,4,3,1937.98,2347.96,0,158.683
9,5,3,2262.02,2534.9,0,89.4952
10,1,0,1940.93,2083.41,572.483,976.192
10,2,0,2267.45,2381.78,283.341,564.736
10,4,3,1935.77,2350.65,0,157.116
10,5,3,2254.81,2542.12,0,87.1875
11,1,0,1971.25,2103.02,538.852,924.308
11,2,0,2301.83,2415.1,260.986,536.322
11,4,3,1938.78,2351.31,0,160.814
11,5,3,2248.85,2548.08,0,88.4495
12,1,0,1986.48,2125.76,505.051,892.82
12,2,0,2340.34,2453.51,241.37,514.976
12,4,3,1957.4,2313.37,1.98317,135.613
12,5,3,2253.65,2543.27,0,89.4591
12,7,0,1550.37,1863.79,1501.78,1918.16
13,1,0,2019.73,2144.61,471.65,838.76
13,2,0,2381.11,2495.82,228.101,486.707
13,4,3,1953.17,2317.6,2.30769,136.442
13,5,3,2249.9,2543.94,0,89.0625
13,7,0,1573.68,1867.53,1422,1919.42
14,1,0,2046.97,2173.88,440.179,790.488
14,2,0,2425.38,2540.77,206.322,468.678
14,4,3,1938.12,2347.54,0,160.471
14,5,3,2253.46,2537.31,0,88.8461
14,7,0,1590.82,1881.11,1354.65,1915.61
15,1,0,2071.7,2200.73,411.997,758.277
15,2,0,2467.74,2559.95,192.548,439.76
15,4,3,1941.42,2346.37,0,160.734
15,5,3,2257.6,2536.25,0,89.387
15,7,0,1616.27,1890.31,1277.4,1888.96
16,1,0,2113.06,2235.95,385.208,722.643
16,2,0,2467.74,2559.95,192.548,439.76
16,3,0,2517.6,2559.33,142.716,425.841
16,4,3,1953.65,2317.12,2.27164,137.921
16,5,3,2257.88,2535.96,0,91.1899
16,7,0,1655.67,1901.29,1221.11,1805.35
16,8,0,2326.29,2556.98,1577.94,1920
17,1,0,2147.35,2275.95,362.934,682.801
17,3,0,2517.6,2559.33,142.716,425.841
17,4,3,1939.68,2350.61,0,159.244
17,5,3,2253.56,2540.29,0,88.4495
17,7,0,1673.21,1915.53,1158.78,1733.97
17,8,0,2294.6,2557.49,1505.27,1913.14
18,1,0,2184.7,2311.79,332.842,657.626
18,4,3,1952.88,2320.96,2.74038,134.856
18,5,3,2252.6,2538.17,0,87.6923
18,7,0,1693.2,1934.72,1108.19,1666.64
18,8,0,2281.95,2554.11,1431.29,1915.41
19,1,0,2228.71,2350.58,305.722,623.526
19,4,3,1954.23,2316.54,2.48798,137.416
19,5,3,2253.08,2540.77,0,89.0264
19,7,0,1713.18,1947.67,1067.16,1599.77
19,8,0,2257.24,2552.68,1362.12,1912.17
20,1,0,2267.74,2394.59,286.903,586.109
20,4,3,1955.19,2315.58,2.63221,136.55
20,5,3,2253.08,2540.77,0,89.0264
20,7,0,1734.41,1961.49,1018.78,1535.01
20,8,0,2241.66,2537.97,1293.57,1891.88
21,1,0,2310.21,2439.75,265.14,560.715
21,4,3,1932.01,2352.6,0,157.462
21,5,3,2250.58,2540.19,0,87.476
21,7,0,1747.56,1979.41,971.624,1475.89
21,8,0,2247.1,2498,1228.6,1802.95
22,1,0,2365.29,2477.79,235.385,530.192
22,4,3,1928.62,2355.39,0,156.244
22,5,3,2245.29,2542.4,0,87.512
22,7,0,1769.9,1995.03,925.152,1421.72
22,8,0,2231.04,2478.95,1164.63,1728.55
23,1,0,2410.1,2525.29,214.327,501.635
23,4,3,1936.8,2355.83,0,157.943
23,5,3,2255.58,2535.19,0,86.3942
23,7,0,1791.72,2018.41,882.11,1362.34
23,8,0,2222.32,2470.96,1112.88,1661.32
24,1,0,2455.48,2556.83,197.885,477.692
24,4,3,1941.85,2347.99,0,159.494
24,5,3,2259.52,2534.33,0,86.25
24,7,0,1816.18,2027.41,839.535,1314.29
24,8,0,2218.19,2463.51,1059.68,1591.25
25,1,0,2455.48,2556.83,197.885,477.692
25,3,0,2509.54,2558.15,164.567,454.471
25,4,3,1950.38,2314.23,2.16346,137.163
25,5,3,2263.37,2533.56,0,85.9615
25,7,0,1836.2,2039.86,801.043,1260.97
25,8,0,2225.17,2452.36,1019.17,1536.41
25,10,0,1825.31,1907,1.44231,137.452
25,11,0,1384.9,1487.4,8.29327,156.13
26,3,0,2509.54,2558.15,164.567,454.471
26,4,3,1951.63,2312.98,1.91106,137.055
26,5,3,2265.19,2534.81,0,84.5553
26,7,0,1854.91,2056.34,764.036,1217.16
26,8,0,2220.97,2446.84,976.823,1479.37
26,10,0,1802.19,1890.12,1.55048,139.94
26,11,0,1384.42,1489.42,5.19231,158.798
27,4,3,1953.27,2308.27,0.973556,137.56
27,5,3,2263.27,2533.65,0,85.601
27,7,0,1876.97,2077.37,727.114,1172.02
27,8,0,2214.91,2442.61,933.256,1421.53
27,10,0,1781.97,1876.49,0.288463,143.221
27,11,0,1383.8,1488.51,7.13942,156.13
28,4,3,1950.19,2311.35,1.37019,137.308
28,5,3,2260.19,2533.65,0,85.637
28,7,0,1898.12,2086.5,692.989,1126.26
28,8,0,2219.08,2433.61,898.598,1370.7
28,10,0,1757.69,1857.69,6.27404,148.774
28,11,0,1382.84,1487.93,8.79807,156.779
28,12,0,1245.72,1328.12,1.55048,107.993
29,4,3,1952.31,2312.31,1.11779,136.911
29,5,3,2261.44,2535.48,0,85.8534
29,7,0,1914.3,2112.15,662.1,1073.77
29,8,0,2214.48,2429.03,858.66,1329.26
29,10,0,1740.87,1837.6,8.40144,151.983
29,11,0,1381.11,1488.12,8.36539,155.625
29,12,0,1226.44,1318.17,0,125.517
30,4,3,1951.54,2316.15,1.26202,137.416
30,5,3,2258.27,2535.58,0,86.9712
30,7,0,1942.73,2123.85,634.322,1034.11
30,8,0,2214.69,2422.34,821.424,1280.45
30,10,0,1721.78,1816.68,8.72596,156.274
30,11,0,1382.93,1489.38,6.05769,154.327
30,12,0,1211.25,1305.67,1.65865,122.452
31,4,3,1951.25,2322.6,1.62259,138.425
31,5,3,2254.04,2536.73,0,87.7644
31,7,0,1961.86,2136.9,599.346,996.698
31,8,0,2204.71,2413.71,785.485,1230.17
31,10,0,1707.98,1812.02,8.36539,159.952
31,11,0,1381.44,1489.33,7.03125,153.642
31,12,0,1187.52,1283.25,2.19952,124.868
32,4,3,1943.46,2341.36,0,160.375
32,5,3,2253.94,2536.83,0,87.0793
32,7,0,1985.35,2159.2,563.733,953.423
32,8,0,2205.25,2410.73,752.159,1188.78
32,10,0,1701.3,1803.32,6.05769,162.26
32,11,0,1380.53,1490.24,6.5625,154.255
32,12,0,1160.43,1270.34,1.73077,125.913
33,4,3,1947.4,2323.37,1.98318,137.127
33,5,3,2254.52,2536.25,0,85.6731
33,7,0,2008.95,2176.71,546.227,910.925
33,8,0,2206.13,2411.55,721.807,1152.18
33,10,0,1695.43,1796.88,8.14904,165.793
33,11,0,1379.9,1489.33,8.18509,154.94
33,12,0,1145.87,1251.06,2.19952,126.526
34,4,3,1945.48,2312.98,0.865381,137.668
34,5,3,2259.23,2534.62,0,84.7356
34,7,0,2031.97,2195.57,519.711,873.544
34,8,0,2206.97,2404.94,694.932,1114.98
34,10,0,1692.02,1791.06,8.36539,163.125
34,11,0,1382.31,1488.46,8.79807,155.625
34,12,0,1141.06,1237.4,0.576925,127.716
35,4,3,1946.37,2327.54,0,165.524
35,5,3,2260.77,2533.08,0,84.4471
35,7,0,2053.91,2220.76,498.221,844.058
35,8,0,2208.84,2403.64,665.358,1084.33
35,10,0,1690.43,1789.57,5.55288,167.38
35,11,0,1380.91,1486.78,8.14904,158.293
35,12,0,1129.83,1224.01,0,132.188
35,14,0,1878.46,1986.15,3.71394,53.5457
36,4,3,1940.82,2332.64,0,162.311
36,5,3,2258.37,2535.48,0,84.8798
36,7,0,2076.39,2230.93,471.241,813.07
36,8,0,2221.07,2416.39,647.893,1040.47
36,10,0,1688.51,1791.49,3.82212,166.37
36,11,0,1381.88,1487.36,8.00481,158.149
36,12,0,1122.79,1217.21,0,132.188
36,14,0,1850.89,1949.11,1.1899,63.101
37,4,3,1943.84,2330.95,0,163.259
37,5,3,2258.65,2535.19,0,85.3846
37,7,0,2101.23,2258.17,446.185,776.769
37,8,0,2229.47,2407.44,616.157,1002.41
37,10,0,1689.28,1790.72,5.76922,166.875
37,11,0,1382.55,1489.76,6.27404,157.716
37,12,0,1122.79,1217.21,0,132.188
37,14,0,1831.47,1928.53,3.06491,75.3245
38,4,3,1942.33,2337.13,0,162.317
38,5,3,2255.87,2534.9,0,86.6827
38,7,0,2125.83,2274.63,421.75,750.865
38,8,0,2238.89,2414.27,590.15,979.247
38,10,0,1690.87,1792.21,6.34616,168.894
38,11,0,1381.63,1489.13,6.92308,157.356
38,14,0,1804.9,1890.48,0,67.5361
39,4,3,1937.74,2342.69,0,159.699
39,5,3,2254.42,2539.42,0,86.2139
39,7,0,2152.1,2304.58,402.047,718.921
39,8,0,2245.8,2418.63,568.052,950.112
39,10,0,1691.2,1791.87,7.71634,170.697
39,11,0,1381.68,1489.09,6.99519,157.428
39,14,0,1804.9,1890.48,0,67.5361
40,4,3,1939.84,2341.74,0,159.718
40,5,3,2256.15,2537.69,0,86.1058
40,7,0,2175.43,2320.82,377.035,690.255
40,8,0,2251.11,2420.89,547.16,921.396
40,10,0,1691.44,1794.71,4.47116,171.058
40,11,0,1382.36,1488.41,7.71634,155.697
41,4,3,1953.17,2317.6,1.875,138.173
41,5,3,2257.5,2539.42,0,85.9255
41,7,0,2198.4,2350.11,360.054,662.749
41,8,0,2260.59,2426.56,524.503,892.712
41,10,0,1691.11,1791.97,5.98558,167.668
41,11,0,1382.55,1489.76,8.58173,159.014
42,4,3,1953.65,2317.12,2.19952,137.127
42,5,3,2255.77,2538.08,0,86.25
42,7,0,2233.56,2377.55,338.246,629.95
42,8,0,2273.04,2432.1,507.141,865.036
42,10,0,1691.88,1803.51,5.91346,167.452
42,11,0,1382.21,1490.1,5.84134,159.303
42,12,0,1104.4,1201.75,1.62259,136.839
43,4,3,1953.75,2317.02,2.70432,136.334
43,5,3,2248.75,2542.02,0,85.8173
43,7,0,2260.33,2406.66,315.297,609.9
43,8,0,2279.73,2433.07,488.209,833.793
43,10,0,1685.91,1794.09,6.5625,165.216
43,11,0,1383.08,1489.23,5.98558,160.457
43,12,0,1103.56,1202.6,1.47837,137.127
44,4,3,1953.75,2317.02,2.48798,136.262
44,5,3,2249.04,2541.73,0,87.476
44,7,0,2296.86,2439.58,295.228,570.13
44,8,0,2293.1,2448.74,466.713,808.459
44,10,0,1676.11,1794.66,7.21154,166.01
44,11,0,1383.46,1490.38,6.05769,159.375
44,12,0,1102.36,1205.34,2.37981,135.577
45,4,3,1945.89,2340.98,0,161.346
45,5,3,2252.69,2538.08,0,86.9351
45,7,0,2332.79,2461.06,271.298,523.125
45,8,0,2294.51,2459.79,440.475,782.262
45,10,0,1683.32,1793.61,3.60578,168.75
45,11,0,1382.64,1489.66,6.77885,157.212
45,12,0,1103.37,1205.87,2.41587,135.901
46,4,3,1944.1,2352.63,0,159.464
46,5,3,2247.31,2540.38,0,87.9086
46,7,0,2375.43,2495.34,245.625,523.413
46,8,0,2313.16,2461.9,419.437,756.851
46,10,0,1684.62,1792.31,4.6875,168.678
46,11,0,1382.98,1489.33,6.63462,155.481
46,12,0,1104.9,1205.87,2.1274,136.695
46,14,0,1614.93,1705.07,0.216343,91.0817
47,4,3,1951.15,2322.69,1.76682,138.353
47,5,3,2253.85,2536.92,0,85.9976
47,7,0,2411.97,2529.57,229.76,495.433
47,8,0,2330.3,2468.63,415.692,733.845
47,10,0,1681.25,1789.52,3.82211,172.861
47,11,0,1381.68,1487.55,9.77164,156.382
47,12,0,1104.9,1205.87,2.1274,136.695
47,14,0,1591.27,1682.57,0,95.7332
48,4,3,1950.87,2322.98,2.52404,135.793
48,5,3,2255.1,2535.67,0,86.1779
48,7,0,2446.83,2556.25,213.966,486.995
48,8,0,2344.22,2474.27,400.671,716.772
48,10,0,1687.07,1792.93,5.91346,170.337
48,11,0,1382.16,1487.07,9.05048,155.95
48,14,0,1564.66,1675.34,0,109.327
49,3,0,2485.1,2557.98,196.154,493.269
49,4,3,1953.27,2317.5,1.875,137.452
49,5,3,2257.12,2533.65,0,85.8173
49,7,0,2446.83,2556.25,213.966,486.995
49,8,0,2360.41,2496.67,386.292,687.844
49,10,0,1689.04,1794.04,7.28365,168.389
49,11,0,1383.12,1487.64,8.4375,157.572
49,14,0,1540.82,1656.11,0,112.464
50,3,0,2485.1,2557.98,196.154,493.269
50,4,3,1950.96,2316.73,1.94712,137.091
50,5,3,2256.35,2534.42,0,87.2957
50,8,0,2378.27,2513.46,368.038,671.695
50,10,0,1690.05,1793.03,8.79807,168.029
50,11,0,1383.41,1488.89,8.29327,159.159
50,14,0,1543.2,1632.19,0,103.161
51,4,3,1953.27,2317.5,1.26202,138.065
51,5,3,2255.48,2535.29,0,87.0072
51,8,0,2397.65,2547.44,350.537,643.956
51,10,0,1688.03,1791.97,10.3846,167.596
51,11,0,1383.65,1488.65,6.85096,160.168
51,12,0,1108.68,1205.17,2.37981,136.37
51,14,0,1543.2,1632.19,0,103.161
52,4,3,1951.35,2316.35,0.396631,138.425
52,5,3,2255.58,2535.19,0,86.0337
52,8,0,2429.33,2552.21,328.846,624.231
52,10,0,1688.03,1791.97,11.4663,170.409
52,11,0,1383.89,1486.88,5.84134,157.284
52,12,0,1109.3,1203,2.05529,138.209
52,14,0,1478.17,1592.6,2.45192,112.572
53,4,3,1951.63,2312.98,5.04807,153.75
53,5,3,2253.46,2537.31,0,86.7909
53,8,0,2451.73,2557.5,311.827,610.673
53,10,0,1690.14,1796.01,13.125,169.183
53,11,0,1382.5,1499.04,3.38943,157.861
53,12,0,1109.3,1203,2.05529,138.209
53,14,0,1478.17,1592.6,2.45192,112.572
53,17,1,23.4375,838.75,47.2966,400.772
54,4,3,1950,2323.85,2.05529,137.849
54,5,3,2253.17,2537.6,0,87.6562
54,8,0,2480.96,2559.04,287.308,606.346
54,10,0,1689.47,1796.68,13.8462,171.346
54,11,0,1381.54,1487.69,5.69711,155.264
54,17,1,108.438,958.75,24.3255,368.771
55,4,3,1953.56,2314.13,5.40865,152.812
55,5,3,2253.94,2536.83,0,87.2957
55,8,0,2509.47,2558.22,257.596,577.211
55,10,0,1690.29,1795.87,7.78846,171.346
55,11,0,1382.84,1489.47,5.19231,156.202
55,12,0,1108.61,1205.24,1.76683,138.714
55,17,1,176.25,1131.25,28.4121,374.121
56,4,3,1953.46,2317.31,1.69471,138.498
56,5,3,2252.6,2535.1,0,86.863
56,8,0,2528.63,2560,261.49,572.74
56,10,0,1690.77,1792.31,7.06731,171.058
56,11,0,1384.42,1501.73,6.41827,159.736
56,12,0,1110,1205.38,3.24519,136.514
56,17,1,480.625,1199.38,12.6582,373.546
57,4,3,1952.12,2312.5,2.23558,134.495
57,5,3,2251.54,2536.15,0,86.863
57,8,0,2528.63,2560,261.49,572.74
57,10,0,1690.43,1792.64,9.30289,166.514
57,11,0,1383.56,1491.83,3.46154,158.798
57,12,0,1110,1205.38,3.24519,136.514
57,17,1,641.25,1356.25,14.9258,364.283
57,18,3,1400,2217.5,1590.22,1916.82
58,4,3,1952.21,2315.48,2.12741,133.738
58,5,3,2250.77,2536.92,0,86.8269
58,10,0,1691.63,1791.44,8.65384,166.154
58,11,0,1360.96,1482.12,4.61538,161.106
58,17,1,772.5,1462.5,15.3784,357.31
58,18,3,1428.75,2191.25,1497.91,1913.54
59,4,3,1955.77,2315,1.83894,133.377
59,5,3,2259.81,2534.04,0,84.0144
59,10,0,1690.29,1786.63,13.2692,166.731
59,11,0,1360.96,1482.12,4.61538,161.106
59,17,1,920,1607.5,13.9094,348.819
59,18,3,1463.75,2185,1401.51,1920
60,4,3,1956.73,2314.04,1.51443,135.649
60,5,3,2260.29,2533.56,0,84.8798
60,10,0,1690.29,1789.71,14.7115,168.317
60,17,1,1051.88,1760,18.8885,342.228
60,18,3,1483.75,2182.5,1316.86,1920
61,4,3,1959.23,2311.54,0.757213,138.57
61,5,3,2260.87,2532.98,0,85.6731
61,10,0,1690.29,1789.71,14.7115,168.317
61,12,0,1107.09,1200.6,3.24519,135.793
61,17,1,1204.29,1841.84,3.70075,347.715
61,18,3,1511.25,2176.25,1255.22,1846.03
61,19,0,50.2688,375.974,184.043,425.822
62,4,3,1954.42,2313.27,1.76683,137.2
62,5,3,2257.31,2533.46,0,85.8173
62,12,0,1107.09,1200.6,3.24519,135.793
62,17,1,1349.23,1951.08,7.56093,334.861
62,18,3,1535,2175,1189.28,1746.19
62,19,0,50.2688,375.974,184.043,425.822
63,4,3,1959.04,2311.73,1.62259,135.397
63,5,3,2258.08,2532.69,0,85.3486
63,11,0,1385.43,1497.64,0.9375,160.024
63,12,0,1107.33,1204.98,2.01923,138.534
63,14,0,1323.68,1414.78,1.11779,136.334
63,17,1,1485.04,2078.42,5.7434,323.517
63,18,3,1553.75,2167.5,1118.45,1650.45
63,20,0,2359.17,2556.75,1492.29,1919.63
64,4,3,2015.77,2344.23,0.576925,119.351
64,5,3,2258.37,2532.4,0,85.637
64,11,0,1388.32,1494.76,5.55289,155.553
64,12,0,1106.23,1204.54,2.48798,137.56
64,14,0,1320.36,1410.41,2.66827,135.649
64,17,1,1614.65,2168.01,1.70709,320.685
64,18,3,1573.75,2170,1068.63,1570.14
64,20,0,2342.42,2557.5,1420.98,1913.69
65,4,3,2015.77,2344.23,0.576925,119.351
65,5,3,2119.42,2557.5,0,91.0817
65,11,0,1327.5,1477.12,2.45193,153.75
65,12,0,1108.08,1208.85,0.288463,137.596
65,14,0,1320.36,1410.41,2.66827,135.649
65,17,1,1730.58,2267.05,0,315.629
65,18,3,1590.88,2164.26,1007.97,1515.99
65,20,0,2320.8,2552.22,1347.5,1917.52
65,22,0,534.575,801.867,150.811,399.467
66,5,3,2256.15,2534.62,0,91.6226
66,10,0,1690.67,1783.17,7.21154,160.962
66,11,0,1321.63,1481.44,2.95673,153.822
66,12,0,1108.94,1211.06,0.721157,137.019
66,17,1,1853.51,2359.85,0,308.341
66,18,3,1609.01,2164.55,953.776,1444.73
66,20,0,2302.73,2535.94,1281.76,1878.7
66,22,0,645.492,915.275,156.359,398.426
67,5,3,2256.15,2534.62,0,91.6226
67,10,0,1687.45,1786.39,6.27404,163.486
67,11,0,1319.18,1485.43,1.80288,155.12
67,12,0,1108.8,1208.12,1.00961,137.812
67,17,1,1941.47,2448.24,1.03964,303.042
67,18,3,1631.01,2168.67,900.341,1376.19
67,20,0,2276.68,2506.46,1217.69,1796.26
67,22,0,770.56,1042.46,140.05,388.222
68,10,0,1687.26,1789.66,6.49038,165.144
68,11,0,1319.57,1483.51,1.51443,154.976
68,12,0,1108.8,1208.12,1.00961,137.812
68,17,1,2049.5,2531.71,6.10668,294.174
68,18,3,1647.18,2173.15,847.988,1319.1
68,20,0,2262.18,2479,1150.14,1725.33
68,22,0,882.622,1143.28,140.692,382.642
69,10,0,1688.75,1788.17,5.69711,163.197
69,11,0,1319.57,1483.51,1.51443,154.976
69,17,1,2123.73,2545.61,1.76107,265.566
69,18,3,1673.77,2191.34,808.691,1251.26
69,20,0,2242.85,2457.45,1100.15,1642.47
69,22,0,994.35,1253.35,142.831,378.369
70,4,3,1948.17,2251.83,0,137.849
70,10,0,1688.8,1791.2,6.99519,167.524
70,17,1,2219.03,2559.86,3.09022,261.714
70,18,3,1695.71,2195.76,764.913,1211.06
70,20,0,2235.45,2433.15,1054.09,1574.61
70,22,0,1105.91,1357.13,132.327,374.041
70,24,0,1197.3,1411.64,81.6106,314.178
71,4,3,1948.37,2310.1,0.793269,137.091
71,10,0,1688.56,1788.37,10.3125,163.918
71,12,0,1106.73,1205.58,1.83894,137.921
71,17,1,2288.45,2559.95,2.30976,262.518
71,18,3,1706.58,2199.99,734.33,1139.38
71,20,0,2217.11,2420.62,1003.4,1517.24
71,22,0,1224.65,1460.73,133.008,373.368
71,24,0,1311.88,1519.35,76.2707,316.455
72,4,3,1953.93,2394.01,0,169.874
72,10,0,1690.22,1786.71,8.65384,164.567
72,11,0,1314.86,1471.3,0.144231,141.202
72,12,0,1107.31,1205,1.94711,138.101
72,17,1,2386.42,2560,0.567369,256.554
72,18,3,1738.52,2207.85,696.394,1098.69
72,20,0,2212.68,2411.2,954.787,1452.94
72,22,0,1339.12,1559.81,123.188,364.901
72,24,0,1454.62,1625.38,90.2164,297.764
73,4,3,1948.66,2359.39,0,167.261
73,10,0,1689.18,1787.74,10.7452,164.207
73,11,0,1339.81,1478.65,2.45193,155.048
73,12,0,1106.25,1206.06,1.94712,137.019
73,17,1,2447.21,2558.94,3.46155,247.5
73,18,3,1754.53,2214.27,665.288,1059.61
73,20,0,2202.13,2397.07,906.009,1391.43
73,22,0,1434.92,1654.54,126.596,362.941
73,24,0,1554.66,1731.49,87.9808,295.385
74,4,3,1947.02,2329.9,3.02884,132.909
74,10,0,1689.18,1787.74,10.7452,164.207
74,11,0,1324.9,1475.1,2.95673,152.091
74,12,0,1105.48,1206.83,1.40625,137.488
74,17,1,2447.21,2558.94,3.46155,247.5
74,18,3,1773.26,2232.44,632.428,1020.92
74,20,0,2191.73,2389.12,865.614,1339.44
74,22,0,1534.81,1752.5,124.356,348.342
74,24,0,1620.09,1822.61,57.0551,279.949
75,4,3,1935.42,2359.57,0,161.978
75,5,3,2249.71,2541.06,0,89.0986
75,11,0,1384.95,1487.36,0.721149,158.077
75,12,0,1105.53,1208.32,1.73077,136.731
75,18,3,1797.79,2239.52,603.156,975.124
75,20,0,2189.79,2378.17,827.828,1287.64
75,22,0,1638.18,1843.01,115.11,346.997
75,24,0,1721.99,1917.68,51.4336,280.955
76,4,3,1944.49,2357.48,0,159.909
76,5,3,2248.75,2538.94,0,87.0793
76,10,0,1691.49,1782.36,5.55289,162.764
76,11,0,1384.42,1484.81,2.16346,156.346
76,12,0,1107.31,1208.08,1.80288,137.38
76,14,0,1318.03,1398.89,0.216343,140.553
76,18,3,1813.84,2255.44,565.372,949.898
76,20,0,2194.08,2370.96,789.451,1238.83
76,22,0,1734.62,1930.5,117.022,344.368
76,24,0,1825.48,1999.13,50.8413,266.755
77,4,3,1961.35,2315.58,3.53365,152.236
77,5,3,2255,2532.69,0,87.6202
77,10,0,1691.13,1779.64,7.78846,165.433
77,11,0,1384.04,1485.19,3.89423,154.327
77,12,0,1104.76,1207.55,2.19952,137.127
77,14,0,1320.1,1399.9,0.0721192,141.13
77,18,3,1831.77,2263.84,545.438,898.644
77,20,0,2193.42,2365.83,752.981,1189.87
77,22,0,1819.56,2010.49,117.956,336.967
77,24,0,1923.12,2095.34,52.0673,262.356
78,4,3,1935.38,2332.31,1.94712,121.514
78,5,3,2251.54,2536.15,0,87.0793
78,10,0,1693.56,1783.37,10.8894,164.784
78,11,0,1385.48,1485.29,4.25481,153.822
78,12,0,1104.42,1207.88,2.09134,136.659
78,14,0,1320.36,1399.64,0.144231,141.202
78,18,3,1861.99,2286.2,520.462,864.308
78,20,0,2194.38,2362.21,718.667,1142.06
78,22,0,1905.7,2091.66,100.642,327.822
78,24,0,2009.23,2178.46,55.8173,256.01
79,4,3,1934.62,2265.38,0.865388,124.76
79,5,3,2264.71,2526.06,0,85.7091
79,10,0,1692.48,1781.37,10.1683,168.101
79,11,0,1386.49,1485.82,4.03846,154.76
79,12,0,1104.42,1207.88,2.16346,136.154
79,14,0,1320.26,1405.89,1.1899,139.868
79,18,3,1888.24,2306.25,493.008,824.733
79,20,0,2194.75,2361.57,688.104,1106.56
79,22,0,1984.9,2172.02,107.163,322.644
79,24,0,2070.29,2249.71,49.7596,252.548
80,4,3,1936.73,2272.5,0.180287,129.772
80,5,3,2245,2542.69,0,90.1442
80,10,0,1689.23,1787.69,3.46154,164.135
80,11,0,1386.92,1486.92,3.53365,156.851
80,12,0,1104.9,1205.87,1.62259,136.19
80,14,0,1318.41,1416.97,2.45192,137.668
80,18,3,1920.19,2315.28,475.534,807.097
80,20,0,2195.65,2360.21,658.778,1063.28
80,22,0,2070.24,2243.61,106.226,314.928
80,24,0,2169.13,2323.17,49.2548,254.207
80,26,3,1778.56,2101.44,1.73077,100.312
81,4,3,1932.5,2345.42,0,170.595
81,5,3,2262.6,2537.4,0,94.1466
81,10,0,1689.18,1787.74,7.35577,162.692
81,11,0,1384.42,1490.96,3.60577,157.356
81,12,0,1105.14,1207.16,1.6226,136.695
81,14,0,1319.13,1457.79,0,142.572
81,18,3,1933.05,2333.39,451.698,777.444
81,20,0,2200.31,2361.29,628.233,1028.6
81,22,0,2146.06,2312.4,95.9856,313.63
81,24,0,2250.05,2393.03,22.5,235.096
81,26,3,1780.58,2105.58,2.05529,102.945
82,4,3,1929.83,2350.38,0,167.2
82,5,3,2242.88,2554.04,0,94.7596
82,10,0,1690.43,1792.64,8.72596,165.793
82,11,0,1384.95,1490.43,3.24519,155.553
82,12,0,1105.53,1208.32,0.865388,136.875
82,14,0,1317.12,1416.73,2.01923,138.173
82,18,3,1971.57,2350.69,427.854,745.24
82,20,0,2206.01,2359.95,606.022,987.965
82,22,0,2221.15,2378.85,89.5673,304.76
82,24,0,2316.49,2455.82,20.8413,233.582
82,26,3,1781.92,2098.08,2.74038,108.317
83,4,3,1914.4,2476.75,0,166.698
83,5,3,2240.29,2541.25,0.360578,103.053
83,10,0,1691.03,1788.97,6.5625,169.399
83,11,0,1382.64,1491.2,3.46154,155.192
83,12,0,1106.11,1209.28,0,138.101
83,14,0,1317.64,1416.2,1.80289,136.947
83,18,3,1997.92,2369.8,409.656,722.579
83,20,0,2215.13,2360.92,574.83,959.91
83,22,0,2282.36,2431.49,84.2308,299.135
83,24,0,2383.61,2524.09,18.3173,227.019
83,26,3,1774.9,2095.87,0.9375,117.692
84,4,3,1939.99,2355.76,0,163.193
84,5,3,2258.94,2516.44,0,91.1178
84,10,0,1692.09,1787.91,4.39904,168.101
84,11,0,1381.92,1491.92,3.75,154.904
84,12,0,1105.87,1209.52,0,138.786
84,14,0,1317.93,1420.53,1.40625,137.2
84,18,3,2024,2393.34,387.595,695.78
84,20,0,2217.8,2364.45,544.931,917.094
84,22,0,2282.36,2431.49,84.2308,299.135
84,24,0,2383.61,2524.09,18.3173,227.019
84,26,3,1760.38,2033.46,2.45192,114.952
85,4,3,1940.16,2347.89,0,162.865
85,5,3,2250.96,2524.42,0,90.4688
85,10,0,1691.73,1788.27,3.67788,165.216
85,11,0,1383.27,1490.58,3.10096,156.562
85,12,0,1105.91,1211.01,0.721157,138.029
85,14,0,1318.46,1415.38,1.83894,136.695
85,18,3,2045.28,2421.54,369.855,674.114
85,20,0,2228.81,2371.61,529.526,893.456
85,22,0,2422.16,2553.22,65.4087,285.649
85,26,3,1748.08,2039.62,2.19952,117.656
86,4,3,1938.11,2339.81,0,161.461
86,5,3,2249.13,2526.25,0,88.2692
86,10,0,1688.32,1788.61,3.82212,169.543
86,11,0,1383.27,1490.58,3.10096,156.562
86,12,0,1105.67,1209.71,0.649045,137.957
86,14,0,1318.22,1418.7,1.76683,136.262
86,18,3,2083.45,2437.86,350.174,647.821
86,20,0,2239.19,2374.22,503.659,861.663
86,22,0,2488,2555.07,67.5,279.519
86,26,3,1740.29,2041.25,0.901444,117.8
87,4,3,1931.76,2338.2,0,159.66
87,5,3,2251.06,2533.56,0,83.4014
87,10,0,1686.97,1789.95,6.99519,166.226
87,12,0,1106.2,1209.18,0,138.065
87,14,0,1318.46,1461.54,0,141.022
87,18,3,2117.87,2470.64,333.132,624.097
87,20,0,2246.6,2381.6,487.889,833.41
87,22,0,2488,2555.07,67.5,279.519
87,26,3,1731.73,2052.88,0.793269,118.63
87,28,3,93.2047,625.504,154.669,402.984
88,4,3,1935.92,2327.45,0,162.143
88,5,3,2253.94,2533.75,0,83.9423
88,10,0,1687.5,1789.42,5.84135,165.938
88,12,0,1107.88,1209.04,0,137.272
88,14,0,1317.07,1421.39,1.94712,136.659
88,18,3,2145.85,2495.8,315.618,601.164
88,20,0,2256.4,2385.56,473.476,805.03
88,26,3,1735.29,2043.17,0.46875,123.137
88,28,3,203.121,734.64,150.032,379.643
89,4,3,1933.78,2330.03,0,161.291
89,5,3,2252.69,2535,0,84.5553
89,10,0,1685.53,1791.39,7.71634,164.928
89,12,0,1107.88,1207.5,0,137.236
89,14,0,1317.79,1419.13,2.09134,136.659
89,18,3,2175.54,2524.29,297.171,578.118
89,20,0,2266.71,2398.22,450.785,774.027
89,26,3,1727.88,2047.5,0.180287,122.055
89,28,3,268.092,837.078,141.293,384.738
90,4,3,1933.83,2332.4,0,161.456
90,5,3,2254.33,2533.37,0,83.762
90,10,0,1684.76,1792.16,5.19231,165.288
90,12,0,1107.88,1207.5,0,138.029
90,14,0,1316.15,1419.23,2.30769,136.298
90,18,3,2206.64,2554.03,280.439,557.369
90,20,0,2280.04,2409.26,430.345,758.056
90,26,3,1728.46,2050,0.360575,122.091
90,28,3,367.763,927.38,133.377,379.525
91,4,3,1926.93,2332.67,0,158.017
91,5,3,2251.54,2533.08,0,84.9519
91,10,0,1682.64,1791.2,4.6875,164.062
91,11,0,1381.25,1494.13,3.17307,154.327
91,12,0,1107.5,1207.88,0.144231,138.173
91,14,0,1316.83,1423.17,2.23557,134.928
91,18,3,2239.98,2553.31,257.605,548.954
91,20,0,2300.48,2432.31,406.908,720.588
91,26,3,1730.58,2050.96,1.08173,123.389
91,28,3,491.363,1036.82,133.115,368.028
92,4,3,1925.92,2340.17,0,155.931
92,5,3,2248.08,2536.54,0,85.3125
92,10,0,1681.88,1795.05,5.04808,161.683
92,11,0,1382.02,1493.37,4.39904,153.534
92,12,0,1109.81,1208.65,0.432694,138.317
92,14,0,1318.08,1418.85,2.27164,135.469
92,18,3,2280.1,2556.69,246.016,527.3
92,20,0,2318.59,2447.43,391.659,701.496
92,26,3,1730.19,2051.35,0.9375,123.822
92,28,3,586.164,1136.3,117.11,367.165
93,4,3,1924.65,2340.32,0,155.632
93,5,3,2247.21,2537.4,0,84.4471
93,10,0,1682.02,1794.9,4.61538,161.106
93,11,0,1382.36,1493.03,5.84134,152.957
93,12,0,1109.81,1208.65,0.432694,138.317
93,14,0,1318.46,1418.46,2.74038,133.846
93,18,3,2310.15,2560,229.135,494.994
93,20,0,2337.18,2462.67,365.855,679.88
93,26,3,1730.1,2051.44,1.29807,122.885
93,28,3,683.351,1226.15,112.295,363.498
94,4,3,1922.05,2350.02,0,155.471
94,5,3,2243.56,2537.98,0,84.8077
94,10,0,1680.91,1789.86,4.18269,164.856
94,11,0,1382.45,1492.93,3.53366,153.966
94,14,0,1318.46,1418.46,2.74038,133.846
94,18,3,2352.99,2558.06,214.556,478.604
94,20,0,2355.3,2482.64,354.856,655.783
94,26,3,1734.81,2049.81,1.69471,121.046
94,28,3,786.704,1325.67,107.935,358.464
95,4,3,1922.68,2348.47,0,159.02
95,5,3,2255.38,2535.38,0,84.375
95,10,0,1681.25,1795.67,5.04807,168.173
95,11,0,1321.63,1486.06,3.31731,152.308
95,18,3,2390.86,2560,198.194,459.612
95,20,0,2377.38,2497.89,317.98,633.503
95,26,3,1729.42,2052.12,0.576918,124.183
95,28,3,892.593,1415.01,105.975,353.994
96,4,3,1926.23,2342.71,0,160.27
96,5,3,2250.77,2536.92,0,83.6899
96,10,0,1680,1796.92,5.55288,167.668
96,11,0,1321.63,1486.06,3.31731,152.308
96,18,3,2431.73,2559.04,184.832,445.745
96,20,0,2415.1,2517.21,312.981,620.481
96,26,3,1729.71,2048.75,0.685093,123.786
96,28,3,990.37,1516.5,105.507,350.995
97,4,3,1927.72,2340,0,160.814
97,5,3,2252.02,2538.75,0,84.6274
97,10,0,1679.57,1794.28,5.26442,166.37
97,18,3,2431.73,2559.04,184.832,445.745
97,20,0,2438.27,2543.27,295.096,603.75
97,26,3,1732.98,2045.48,0.649037,123.245
97,28,3,1092.95,1611.43,106.379,345.363
98,4,3,1946.35,2318.27,2.27164,135.18
98,5,3,2252.69,2538.08,0,86.3582
98,10,0,1680.14,1796.78,8.07692,164.567
98,12,0,1105.14,1211.78,2.30769,136.875
98,20,0,2457.55,2557.84,272.596,573.173
98,26,3,1729.23,2049.23,0.288463,123.173
98,28,3,1190.41,1719.38,105.188,344.427
98,30,0,1964.33,2215.55,1477.03,1913.97
99,4,3,1925.26,2332.94,0,159.335
99,5,3,2250.29,2540.48,0,84.7716
99,10,0,1681.59,1795.34,5.69711,166.514
99,12,0,1105.14,1211.78,2.30769,136.875
99,20,0,2494.09,2560,245.481,552.404
99,26,3,1687.69,2007.69,0.9375,124.255
99,28,3,1291.05,1834.24,97.6991,335.671
99,30,0,1954.56,2194.47,1388.98,1918.48
100,4,3,1920.54,2335.65,0,157.63
100,5,3,2244.9,2542.79,0,84.1947
100,10,0,1681.59,1795.34,5.69711,166.514
100,11,0,1386.68,1490.24,6.92307,150
100,14,0,1318.75,1402.79,1.22596,137.668
100,20,0,2523.64,2559.44,228.894,538.413
100,26,3,1680,2018.46,2.30769,121.01
100,28,3,1387.47,1894.55,89.7412,334.094
100,30,0,1946.09,2178.05,1300.48,1879.61
101,4,3,1955.19,2306.35,1.94712,133.341
101,5,3,2245.38,2542.31,0,84.1947
101,11,0,1386.59,1490.34,6.12981,151.082
101,12,0,1107.07,1208.32,2.77644,136.767
101,14,0,1319.23,1403.85,0.829325,137.632
101,20,0,2523.64,2559.44,228.894,538.413
101,26,3,1684.23,2014.23,0.46875,122.272
101,28,3,1483.57,1983.47,87.4554,328.093
101,30,0,1945.5,2172.58,1219.71,1772.46
102,4,3,1895.25,2356.82,0,153.88
102,5,3,2244.42,2546.35,0,84.0144
102,11,0,1385.1,1490.29,3.89423,153.894
102,12,0,1107.07,1208.32,2.77644,136.767
102,14,0,1319.35,1409.88,1.00961,136.587
102,26,3,1704.71,2073.75,3.24519,107.308
102,28,3,1582.47,2074.55,87.7133,322.597
102,30,0,1948.08,2170.58,1153.15,1677.89
103,4,3,1958.75,2308.94,0,119.423
103,5,3,2257.98,2538.94,0,84.0505
103,11,0,1385.1,1490.29,3.89423,153.894
103,14,0,1319.01,1416.37,2.27163,134.387
103,26,3,1683.08,2024.62,2.66827,111.346
103,28,3,1683.75,2157.12,75.6732,317.939
103,30,0,1960.11,2158.37,1090.19,1594.83
104,4,3,1968.17,2305.67,0,118.81
104,5,3,2251.73,2539.04,0,84.7716
104,10,0,1665,1765.77,0.721149,168.462
104,14,0,1318.32,1458.61,0.612981,138.714
104,26,3,1718.46,2047.69,0.973556,129.123
104,28,3,1765.02,2236.93,79.7586,313.613
104,30,0,1960.65,2156.41,1028.94,1521.41
105,4,3,1968.56,2305.29,1.04567,106.334
105,5,3,2250.96,2536.73,0,84.375
105,10,0,1663.61,1764.09,3.89423,171.346
105,12,0,1107.69,1209.23,1.83894,136.55
105,14,0,1318.56,1459.9,0.288463,139.183
105,26,3,1738.37,2030.87,1.37019,125.264
105,28,3,1868.61,2312.93,79.8003,309.636
105,30,0,1956.51,2168.48,970.99,1445.98
106,4,3,1956.25,2308.37,0,105.397
106,5,3,2252.5,2532.12,0,88.4495
106,10,0,1663.12,1761.49,6.77884,170.192
106,11,0,1385.14,1490.24,4.6875,154.399
106,12,0,1107.88,1209.04,1.73077,137.019
106,14,0,1317.88,1414.42,2.27163,134.964
106,26,3,1730.77,2038.46,0,126.418
106,28,3,1953.97,2387.84,73.3741,302.062
106,30,0,1978.12,2175.65,914.127,1378.34
107,4,3,1936.54,2263.46,0.036056,126.454
107,5,3,2162.4,2526.83,1.65866,87.1875
107,10,0,1661.06,1769.71,2.16346,170.913
107,11,0,1380.48,1490.29,3.96634,155.841
107,12,0,1106.35,1213.65,0.504806,137.668
107,14,0,1317.88,1414.42,2.27163,134.964
107,26,3,1733.27,2048.27,0,123.93
107,28,3,2036.92,2448.25,65.4778,289.797
107,30,0,1993.22,2180.87,868.204,1312.46
108,4,3,1915.43,2377.45,0,154.122
108,5,3,2162.4,2526.83,1.65866,87.1875
108,10,0,1658.03,1769.66,1.22596,168.678
108,11,0,1378.75,1492.02,3.02885,156.923
108,12,0,1106.83,1213.17,1.76682,138.281
108,26,3,1728.75,2052.79,0,123.425
108,28,3,2116.88,2520.15,56.0548,284.464
108,30,0,2001.9,2190.37,816.233,1260.92
109,4,3,1924.68,2349.37,0,160.011
109,10,0,1653.37,1765.1,7.42789,169.111
109,11,0,1330.58,1486.35,5.12019,151.226
109,12,0,1106.49,1211.97,1.47837,138.425
109,26,3,1722.31,2056.15,0,123.57
109,28,3,2170.19,2546.64,50.5531,279.297
109,30,0,2015.41,2196.71,771.243,1191.39
110,4,3,1925.96,2362.06,0,159.011
110,10,0,1650.14,1756.01,12.3317,166.947
110,11,0,1333.94,1482.98,4.25481,150.793
110,12,0,1106.01,1210.91,1.00962,137.308
110,26,3,1722.88,2049.42,0,124.363
110,28,3,2253.25,2558.26,48.6197,266.436
110,30,0,2026.24,2203.69,729.168,1138.68
111,4,3,1920.68,2468.27,0,162.499
111,5,3,2235,2549.62,2.01923,84.1587
111,10,0,1647.69,1749.23,7.28366,169.543
111,11,0,1318.85,1459.62,0,141.599
111,12,0,1106.92,1210,0,137.163
111,26,3,1724.13,2048.17,0,125.517
111,28,3,2339.95,2558.2,37.874,268.181
111,30,0,2044.48,2218.8,695.711,1093.26
111,34,0,556.058,815.481,128.582,332.091
112,4,3,1931.23,2360.33,0,159.668
112,5,3,2266.73,2520.96,0.414662,66.9772
112,10,0,1644.95,1742.74,9.95192,170.769
112,11,0,1317.4,1464.13,0,140.913
112,12,0,1105.53,1209.86,0,137.38
112,26,3,1722.12,2047.12,0,123.858
112,28,1,2392.47,2560,3.88461,261.061
112,30,0,2055.4,2226.55,661.224,1042.52
112,34,0,678.558,935.288,125.697,322.861
113,4,3,1932.3,2355.86,0,159.138
113,5,3,2248.37,2533.17,0,87.2957
113,10,0,1643.8,1750.05,6.34616,170.769
113,11,0,1317.79,1466.83,0,141.959
113,12,0,1105.72,1209.66,0,137.632
113,26,3,1720.96,2048.27,0,126.707
113,28,3,2461.06,2560,17.4519,251.971
113,30,0,2075.49,2233.35,622.393,995.398
113,34,0,803.077,1050.77,114.952,312.837
114,4,3,1934.78,2350.4,0,159.678
114,5,3,2250.67,2537.02,0,86.9351
114,10,0,1638.37,1746.25,1.94712,171.995
114,11,0,1318.99,1465.63,0,141.815
114,12,0,1107.88,1212.12,0.685101,137.055
114,26,3,1716.25,2049.9,0,126.851
114,28,3,2524.05,2559.03,21.851,237.764
114,30,0,2091.63,2249.69,593.342,958.195
114,34,0,922.101,1166.02,92.3096,317.172
115,4,3,1929.68,2340.51,0,159.258
115,5,3,2252.6,2538.17,0,86.1058
115,10,0,1635.1,1743.37,7.21154,169.615
115,11,0,1384.66,1490.72,3.96635,155.264
115,12,0,1110.29,1209.71,3.78606,133.666
115,14,0,1318.61,1412.16,0.757213,137.56
115,26,3,1698.17,2015.67,0,126.346
115,28,3,2524.05,2559.03,21.851,237.764
115,30,0,2101.64,2258.01,571.379,917.956
115,34,0,1037.98,1280.48,104.928,304.399
116,4,3,1931.25,2338.53,0,158.943
116,5,3,2250.38,2540.38,0,84.6995
116,10,0,1630,1739.23,1.73077,166.731
116,11,0,1382.98,1490.87,2.88462,155.769
116,12,0,1107.16,1211.3,0.685093,138.209
116,14,0,1318.61,1412.16,0.757213,137.56
116,26,3,1689.04,2015.58,0.0721192,126.418
116,30,0,2119.16,2270.42,536.891,879.89
116,34,0,1153.59,1396.12,87.8124,307.787
117,4,3,1930.23,2340.05,0,157.786
117,5,3,2252.69,2541.15,0,85.1683
117,10,0,1622.4,1740.67,2.88462,170.192
117,11,0,1328.12,1487.26,3.46154,154.038
117,12,0,1107.12,1209.81,2.66828,136.875
117,26,3,1687.31,2014.23,0,126.49
117,30,0,2138.39,2286.54,510.812,845.62
117,34,0,1275,1498.85,101.971,297.26
118,4,3,1947.88,2319.81,2.23558,137.38
118,5,3,2256.92,2536.92,0,86.8269
118,10,0,1620.62,1742.45,6.20192,170.192
118,11,0,1384.66,1496.88,4.90384,156.779
118,12,0,1106.97,1209.95,0.360582,137.668
118,14,0,1318.03,1420.43,0,141.418
118,26,3,1678.37,2017.02,0,130.565
118,30,0,2157.2,2301.33,484.485,807.688
118,34,0,1384.42,1606.35,101.034,291.274
118,36,0,1990.67,2269.43,1284,1887.36
119,4,3,1936.5,2337.77,0,164.41
119,5,3,2252.12,2544.81,0,84.988
119,10,0,1622.69,1734.23,6.70673,169.255
119,11,0,1388.12,1490.34,0.9375,156.274
119,12,0,1106.54,1207.31,0.793269,137.524
119,14,0,1319.59,1406.56,0.396631,139.075
119,26,3,1688.46,2016.15,0.0721121,130.312
119,30,0,2176.14,2316.82,455.072,774.275
119,34,0,1495.87,1707.21,94.7596,288.317
119,36,0,1987.77,2232.25,1193.52,1771.53
120,4,3,1933.17,2340.65,0,165.757
120,5,3,2247.79,2546.06,0,85.0601
120,10,0,1622.69,1734.23,6.70673,169.255
120,11,0,1319.47,1466.68,0.432694,140.409
120,12,0,1106.88,1208.51,1.47837,137.56
120,14,0,1319.59,1406.56,0.396631,139.075
120,26,3,1672.12,2023.27,0.180287,128.834
120,30,0,2199.06,2337.97,433.601,741.627
120,34,0,1606.62,1829.37,71.5073,291.59
120,36,0,1986.4,2215.46,1107.21,1662.66
121,4,3,1935.5,2338.97,0,164.425
121,5,3,2252.5,2541.35,0,87.2236
121,10,0,1616.15,1719.23,0,182.957
121,11,0,1381.35,1492.5,1.37019,156.707
121,12,0,1106.49,1210.43,1.26202,137.055
121,26,3,1684.62,2013.85,0.360575,131.971
121,30,0,2218.55,2352.73,408.73,714.209
121,34,0,1710,1914.62,80.3365,274.183
121,36,0,1978.47,2199.29,1036.45,1557.99
122,4,3,1937.26,2344.99,0,158.745
122,5,3,2258.46,2538.46,0,87.7644
122,10,0,1612.21,1717.02,2.37981,176.466
122,11,0,1385.14,1490.24,1.51443,155.841
122,12,0,1107.6,1217.02,2.09134,135.505
122,26,3,1688.46,2010,0,131.394
122,30,0,2242.7,2376.15,384.954,682.412
122,34,0,1802.71,2001.02,62.4319,277.416
122,36,0,1980.88,2201.08,968.334,1472.6
123,4,3,1933.04,2352.66,0,157.849
123,5,3,2259.62,2534.23,0,89.7476
123,10,0,1606.97,1713.03,2.30769,177.404
123,11,0,1386.2,1489.18,2.95673,153.822
123,12,0,1105.96,1226.35,1.65866,134.495
123,14,0,1316.95,1412.28,1.22596,136.154
123,26,3,1686.35,2009.04,0,130.565
123,30,0,2263.61,2405.22,369.938,648.692
123,34,0,1908.37,2094.71,67.5721,266.466
123,36,0,1980.8,2208.38,904.717,1388.72
124,4,3,1950.19,2314.42,1.80289,129.375
124,5,3,2258.65,2532.12,0,89.0986
124,10,0,1597.45,1710.24,3.82212,178.918
124,11,0,1384.95,1488.89,4.11057,154.976
124,12,0,1097.6,1203.94,4.14664,133.666
124,14,0,1316.11,1413.12,2.34375,136.118
124,26,3,1676.73,2012.5,0,129.591
124,30,0,2301.15,2418.85,345.433,624.952
124,34,0,2000.43,2184.18,65.1202,263.438
124,36,0,1990.76,2201.49,846.407,1308.81
125,4,3,1932.6,2264.33,0.504806,153.966
125,5,3,2259.9,2530.87,0,88.2692
125,10,0,1585.14,1704.09,2.23558,177.332
125,11,0,1325.58,1483.65,3.24519,152.236
125,12,0,1097.6,1203.94,4.14664,133.666
125,14,0,1316.11,1413.12,2.34375,136.118
125,26,3,1662.79,2020.29,0.9375,129.159
125,30,0,2328.41,2450.05,320.264,600.505
125,34,0,2096.25,2266.83,62.0192,259.904
125,36,0,2002.74,2214.02,790.313,1242
126,4,3,1937.14,2352.96,0,164.218
126,5,3,2248.08,2539.62,0,93.5697
126,10,0,1572.4,1698.37,3.53366,186.13
126,11,0,1380.67,1494.71,0.216351,157.861
126,12,0,1106.63,1211.83,0.288463,137.308
126,14,0,1314.13,1422.79,2.12741,135.974
126,26,3,1662.5,2020.58,0.504806,129.591
126,30,0,2348.49,2492.08,301.316,575.749
126,34,0,2179.95,2343.12,52.7163,254.784
126,36,0,2010.38,2214.64,738.247,1168.73
126,37,3,1511.25,2322.5,1509.89,1916.29
127,4,3,1931.08,2367.65,0,164.609
127,5,3,2250,2543.85,0,93.5697
127,10,0,1562.36,1674.57,0,190.312
127,11,0,1380.53,1493.32,2.88462,155.481
127,12,0,1107.36,1208.03,0.324519,136.839
127,14,0,1314.18,1421.2,2.66828,136.875
127,26,3,1657.4,2025.67,0.540862,128.978
127,30,0,2392.12,2509.42,282.692,552.115
127,34,0,2256.49,2429.66,42.9808,241.442
127,36,0,2026.23,2224.66,691.129,1111.12
127,37,3,1526.25,2312.5,1407.27,1920
128,4,3,1932.39,2354.65,0,162.21
128,5,3,2250.38,2540.38,0,93.75
128,10,0,1553.75,1670.87,1.00961,190.24
128,11,0,1330,1485.38,3.46154,152.885
128,12,0,1107.02,1208.37,0.252407,136.839
128,14,0,1314.18,1421.2,2.66828,136.875
128,26,3,1648.85,2025,0.973556,129.123
128,30,0,2427.6,2544.71,257.668,534.447
128,34,0,2346.59,2496.49,31.5865,239.856
128,36,0,2048.33,2237.4,648.681,1052.59
128,37,3,1537.5,2285,1308.18,1920
129,4,3,1931,2366.01,0,162.038
129,5,3,2259.13,2522.4,0,85.2404
129,10,0,1538.75,1664.33,0,187.139
129,11,0,1383.51,1490.34,2.37981,155.986
129,12,0,1107.16,1209.76,0,137.812
129,14,0,1306.78,1416.3,1.22596,138.678
129,26,3,1647.69,2029.23,1.65866,128.582
129,30,0,2453.27,2555.96,243.462,514.039
129,34,0,2425.19,2556.35,30.8654,237.404
129,36,0,2062.29,2246.54,605.607,997.468
129,37,3,1550,2271.25,1228.88,1914.06
130,4,3,1935.89,2351.18,0,162.547
130,5,3,2251.35,2530.19,0,87.2236
130,10,0,1519.95,1640.05,7.64422,185.625
130,11,0,1376.68,1489.47,2.88462,156.346
130,12,0,1106.63,1211.83,0.0721121,137.452
130,14,0,1304.69,1403,0.180287,139.724
130,26,3,1649.81,2024.04,0,128.438
130,30,0,2494.81,2560,222.188,493.774
130,34,0,2499.25,2559.21,22.5721,236.322
130,36,0,2089.15,2264.87,567.099,952.979
130,37,3,1578.75,2255,1151.93,1777.62
131,4,3,1934.7,2345.93,0,163.528
131,5,3,2251.35,2539.42,0,90.5409
131,10,0,1503.12,1621.49,0,193.918
131,11,0,1376.06,1497.79,0,157.356
131,12,0,1105.72,1211.2,1.37019,137.668
131,14,0,1293.89,1396.88,0.216351,141.274
131,26,3,1651.73,2028.27,0,134.423
131,30,0,2494.81,2560,222.188,493.774
131,34,0,2499.25,2559.21,22.5721,236.322
131,36,0,2106.25,2281.24,535.981,902.374
131,37,3,1593.75,2247.5,1074.81,1679.77
132,4,3,1933.97,2347.32,0,163.026
132,5,3,2250.96,2539.81,0,89.351
132,10,0,1489.23,1600,5.48077,192.692
132,11,0,1373.75,1495.48,0.360575,157.284
132,12,0,1106.2,1212.26,0.649037,137.524
132,14,0,1288.46,1396.15,0.036056,142.608
132,26,3,1645.38,2025.38,0,135.288
132,36,0,2134.12,2303.32,505.09,855.655
132,37,3,1612.5,2247.5,1015.61,1584.03
133,4,3,1935.79,2340.25,0,163.803
133,5,3,2251.06,2539.71,0,88.4856
133,10,0,1470.05,1588.41,6.99519,193.341
133,11,0,1377.5,1504.04,0,161.683
133,12,0,1106.25,1218.37,1.1899,136.406
133,14,0,1275.19,1374.04,4.4351,148.305
133,26,3,1643.56,2027.21,0,135.613
133,36,0,2155.79,2320.71,475.056,814.681
133,37,3,1630,2243.75,958.938,1507.58
134,4,3,1933.57,2337.43,0,163.709
134,5,3,2256.92,2533.85,0,87.4399
134,10,0,1444.52,1577.02,7.5,197.885
134,11,0,1366.78,1473.22,2.23557,155.986
134,12,0,1107.12,1217.5,2.95673,132.764
134,14,0,1269.28,1366.11,4.9399,148.954
134,26,3,1647.5,1983.27,0,135.108
134,36,0,2182.42,2335.61,439.697,777.008
134,37,3,1636.25,2251.25,900.574,1430.27
135,4,3,1952.69,2308.85,1.47837,137.488
135,5,3,2262.5,2531.35,0,90.2524
135,10,0,1425,1553.46,7.13942,195.505
135,11,0,1366.78,1473.22,2.23557,155.986
135,12,0,1115.84,1204.16,2.5601,137.055
135,14,0,1255.24,1350.91,0,140.337
135,26,3,1646.92,1980.77,0,135.433
135,36,0,2206.35,2356.95,413.283,741.655
135,37,3,1679.59,2240.17,839.776,1350.91
136,4,3,1933.86,2333.22,0,161.844
136,5,3,2263.46,2530.38,0,93.1731
136,10,0,1398.03,1528.12,28.0529,206.322
136,12,0,1108.85,1206.54,3.02884,137.308
136,14,0,1240.43,1341.11,6.38221,148.377
136,26,3,1647.79,1973.75,0.0721121,134.351
136,36,0,2237.19,2378.18,381.274,701.062
136,37,3,1694.27,2253.21,793.633,1288.8
137,4,3,1935.88,2341.92,0,161.507
137,5,3,2255.38,2529.23,0,96.3822
137,10,0,1377.98,1506.63,23.2933,210.361
137,12,0,1107.31,1212.69,2.52404,137.668
137,14,0,1224.66,1324.57,3.02885,159.952
137,26,3,1642.5,1975.96,0.540862,138.353
137,36,0,2271.46,2409.22,362.138,663.138
137,37,3,1713.12,2265.96,749.279,1208.24
138,4,3,1937.15,2338.55,0,164.778
138,5,3,2255.29,2529.33,0,95.0841
138,10,0,1352.4,1478.37,21.5625,212.668
138,12,0,1108.7,1217.45,2.27163,137.488
138,14,0,1208.03,1311.97,3.96635,154.976
138,26,3,1637.5,1974.81,1.65866,136.659
138,36,0,2296,2446.09,329.6,630.013
138,37,3,1735.62,2268.18,704.507,1164.7
139,4,3,1935.3,2329.33,0,163.557
139,5,3,2259.13,2528.56,0,92.2356
139,10,0,1335.19,1460.19,19.1827,220.24
139,12,0,1107.84,1216.78,0.612981,136.623
139,14,0,1193.58,1289.5,5.12019,156.995
139,26,3,1633.46,1969.62,0,142.464
139,36,0,2326.88,2468.52,306.423,596.564
139,37,3,1761.6,2276.14,662.096,1088.96
140,4,3,1931.19,2330.64,0,160.779
140,5,3,2262.31,2531.54,0,90.8654
140,10,0,1306.68,1433.32,15.7212,225.433
140,12,0,1102.21,1210.1,0.865381,137.019
140,14,0,1177.67,1268.49,3.31731,157.644
140,26,3,1622.88,1961.73,1.58654,151.587
140,36,0,2365.11,2516.3,297.433,564.463
140,37,3,1773.76,2289.81,624.804,1056.91
141,4,3,1932.6,2320.61,0,163.706
141,5,3,2267.21,2526.63,0,91.0096
141,10,0,1275,1418.85,24.0144,230.841
141,12,0,1102.21,1210.1,0.865381,137.019
141,14,0,1150.19,1251.35,2.09135,166.514
141,26,3,1615.77,1959.62,1.65865,150.649
141,36,0,2395.39,2551.98,269.895,535.3
141,37,3,1800.81,2294.43,592.431,1020.86
142,4,3,1932.21,2315.79,0,162.126
142,5,3,2263.65,2527.12,0,91.6226
142,10,0,1252.21,1386.25,20.1202,234.736
142,14,0,1140.75,1231.56,1.65865,167.236
142,26,3,1602.79,1932.6,1.29807,156.635
142,36,0,2438.46,2560,240.288,514.904
142,37,3,1817.53,2304.93,556.089,984.726
143,4,3,1934.7,2319.23,0,163.218
143,5,3,2269.81,2524.04,0,95.1923
143,10,0,1218.85,1364.23,31.0817,239.207
143,14,0,1107.98,1207.4,0.432694,174.808
143,26,3,1597.31,1919.62,2.74039,159.663
143,36,0,2489.95,2556.2,217.572,493.197
143,37,3,1848.73,2313.49,535.36,911.896
144,4,3,1941.06,2280.48,0,157.788
144,5,3,2267.6,2526.25,0,95.012
144,10,0,1190.24,1312.84,24.0144,239.207
144,11,0,1295.41,1381.51,0.793269,171.13
144,14,0,1079.81,1194.04,0.793269,177.476
144,26,3,1590.38,1901.92,2.66827,163.053
144,36,0,2489.95,2556.2,217.572,493.197
144,37,3,1876.98,2330.63,500.87,880.082
145,4,3,1935.38,2280,0,156.346
145,5,3,2266.15,2524.62,0,96.9952
145,10,0,1155.96,1284.04,36.0577,245.481
145,11,0,1277.72,1365.36,0,170.409
145,14,0,1060.48,1164.13,1.00962,184.471
145,26,3,1573.37,1900.48,3.46154,165.288
145,37,3,1900.68,2339.77,473.689,841.234
146,4,3,1925.27,2304.94,0,162.403
146,5,3,2271.54,2522.31,0,97.1034
146,10,0,1122.36,1257.64,29.4952,252.62
146,11,0,1259.16,1356.23,0.360575,180.072
146,14,0,1039.9,1143.17,2.88462,187.067
146,26,3,1568.17,1890.29,7.71635,164.639
146,37,3,1920.35,2358.29,446.812,812.477
147,4,3,1938.46,2273.85,0,137.38
147,5,3,2272.88,2524.04,0,96.851
147,10,0,1087.6,1220.1,66.7067,257.524
147,11,0,1244.33,1332.6,1.73077,183.462
147,14,0,1015.22,1098.63,0.216343,191.178
147,26,3,1548.65,1875.96,5.69711,167.236
147,37,3,1947.09,2376.95,421.08,787.639
148,4,3,1933.46,2278.85,0,138.065
148,5,3,2272.88,2524.04,0,96.851
148,10,0,1058.7,1188.99,61.1539,267.404
148,11,0,1222.74,1317.26,4.90385,193.125
148,14,0,1015.22,1098.63,0.216343,191.178
148,26,3,1529.9,1854.71,7.64423,170.192
148,37,3,1979.93,2399.83,401.844,751.191
